2016,11,5
2016,11,5
2016,11,5
2016,11,5
2016,11,5
2016,11,5
2016,11,5
2016,11,5
2016,11,5
2016,11,5
2016,11,5
2016,11,5
2016,11,5
2016,11,5
2016,11,5
2016,11,5
2016,11,5
2016,11,5
2016,11,5
2016,11,5
2016,11,5
2016,11,5
2016,11,5
2016,11,5
2016,11,5
2016,11,5
2016,11,5
2016,11,5
2016,11,5
2016,11,5
2016,11,5
2016,11,5
2016,11,5
2016,11,5
2016,11,5
2016,11,5
2016,11,5
2016,11,5
2016,11,5
2016,11,5
2016,11,5
2016,11,5
2016,11,5
2016,11,5
2016,11,5
2016,11,5
2016,11,5
2016,11,5
2016,11,5
2016,11,5
2016,11,5
2016,11,5
2016,11,5
2016,11,5
2016,11,5
2016,11,5
2016,11,5
2016,11,5
2016,11,5
2016,11,5
2016,11,5
2016,11,5
2016,11,5
2016,11,5
2016,11,5
2016,11,5
2016,11,5
2016,11,5
2016,11,5
2016,11,5
2016,11,5
2016,11,5
2016,11,5
2016,11,5
2016,11,5
2016,11,5
2016,11,5
2016,11,5
2016,11,5
2016,11,5
2016,11,5
2016,11,5
2016,11,5
2016,11,5
2016,11,5
2016,11,5
2016,11,5
2016,11,5
2016,11,5
2016,11,5
2016,11,5
2016,11,5
2016,11,5
2016,11,5
2016,11,5
2016,11,5
2016,11,5
2016,11,5
2016,11,5
2016,11,5
2016,11,5
2016,11,5
2016,11,5
2016,11,5
2016,11,5
2016,11,5
2016,11,5
2016,11,5
2016,11,5
2016,11,5
2016,11,5
2016,11,5
2016,11,5
2016,11,5
2016,11,5
2016,11,5
2016,11,5
2016,11,5
2016,11,5
2016,11,5
2016,11,5
2016,11,5
2016,11,5
2016,11,5
2016,11,5
2016,11,5
2016,11,5
2016,11,5
2016,11,5
2016,11,5
2016,11,5
2016,11,5
2016,11,5
2016,11,5
2016,11,5
2016,11,5
2016,11,5
2016,11,5
2016,11,5
2016,11,5
2016,11,5
2016,11,5
2016,11,5
2016,11,5
2016,11,5
2016,11,5
2016,11,5
2016,11,5
2016,11,5
2016,11,5
2016,11,5
2016,11,5
2016,11,5
2016,11,5
2016,11,5
2016,11,5
2016,11,5
2016,11,5
2016,11,5
2016,11,5
2016,11,5
2016,11,5
2016,11,5
2016,11,5
2016,11,5
2016,11,5
2016,11,5
2016,11,5
2016,11,5
2016,11,5
2016,11,5
2016,11,5
2016,11,5
2016,11,5
2016,11,5
2016,11,5
2016,11,5
2016,11,5
2016,11,5
2016,11,5
2016,11,5
2016,11,5
2016,11,5
2016,11,5
2016,11,5
2016,11,5
2016,11,5
2016,11,5
2016,11,5
2016,11,5
2016,11,5
2016,11,5
2016,11,5
2016,11,5
2016,11,5
2016,11,5
2016,11,5
2016,11,5
2016,11,5
2016,11,5
2016,11,5
2016,11,5
2016,11,5
2016,11,5
2016,11,5
2016,11,5
2016,11,5
2016,11,5
2016,11,5
2016,11,5
2016,11,5
2016,11,5
2016,11,5
2016,11,5
2016,11,5
2016,11,5
2016,11,5
2016,11,5
2016,11,5
2016,11,5
2016,11,5
2016,11,5
2016,11,5
2016,11,5
2016,11,5
2016,11,5
2016,11,5
2016,11,5
2016,11,5
2016,11,5
2016,11,5
2016,11,5
2016,11,5
2016,11,5
2016,11,5
2016,11,5
2016,11,5
2016,11,5
2016,11,5
2016,11,5
2016,11,5
2016,11,5
2016,11,5
2016,11,5
2016,11,5
2016,11,5
2016,11,5
2016,11,5
2016,11,5
2016,11,5
2016,11,5
2016,11,5
2016,11,5
2016,11,5
2016,11,5
2016,11,5
2016,11,5
2016,11,5
2016,11,5
2016,11,5
2016,11,5
2016,11,5
2016,11,5
2016,11,5
2016,11,5
2016,11,5
2016,11,5
2016,11,5
2016,11,5
2016,11,5
2016,11,5
2016,11,5
2016,11,5
2016,11,5
2016,11,5
2016,11,5
2016,11,5
2016,11,5
2016,11,5
2016,11,5
2016,11,5
2016,11,5
2016,11,5
2016,11,5
2016,11,5
2016,11,5
2016,11,5
2016,11,5
2016,11,5
2016,11,5
2016,11,5
2016,11,5
2016,11,5
2016,11,5
2016,11,5
2016,11,5
2016,11,5
2016,11,5
2016,11,5
2016,11,5
2016,11,5
2016,11,5
2016,11,5
2016,11,5
2016,11,5
2016,11,5
2016,11,5
2016,11,5
2016,11,5
2016,11,5
2016,11,5
2016,11,5
2016,11,5
2016,11,5
2016,11,5
2016,11,5
2016,11,5
2016,11,5
2016,11,5
2016,11,5
2016,11,5
2016,11,5
2016,11,5
2016,11,5
2016,11,5
2016,11,5
2016,11,5
2016,11,5
2016,11,5
2016,11,5
2016,11,5
2016,11,5
2016,11,5
2016,11,5
2016,11,5
2016,11,5
2016,11,5
2016,11,5
2016,11,5
2016,11,5
2016,11,5
2016,11,5
2016,11,5
2016,11,5
2016,11,5
2016,11,5
2016,11,5
2016,11,5
2016,11,5
2016,11,5
2016,11,5
2016,11,5
2016,11,5
2016,11,5
2016,11,5
2016,11,5
2016,11,5
2016,11,5
2016,11,5
2016,11,5
2016,11,5
2016,11,5
2016,11,5
2016,11,5
2016,11,5
2016,11,5
2016,11,5
2016,11,5
2016,11,5
2016,11,5
2016,11,5
2016,11,5
2016,11,5
2016,11,5
2016,11,5
2016,11,5
2016,11,5
2016,11,5
2016,11,5
2016,11,5
2016,11,5
2016,11,5
2016,11,5
2016,11,5
2016,11,5
2016,11,5
2016,11,5
2016,11,5
2016,11,5
2016,11,5
2016,11,5
2016,11,5
2016,11,5
2016,11,5
2016,11,5
2016,11,5
2016,11,5
2016,11,5
2016,11,5
2016,11,5
2016,11,5
2016,11,5
2016,11,5
2016,11,5
2016,11,5
2016,11,5
2016,11,5
2016,11,5
2016,11,5
2016,11,5
2016,11,5
2016,11,5
2016,11,5
2016,11,5
2016,11,5
2016,11,5
2016,11,5
2016,11,5
2016,11,5
2016,11,5
2016,11,5
2016,11,5
2016,11,5
2016,11,5
2016,11,5
2016,11,5
2016,11,5
2016,11,5
2016,11,5
2016,11,5
2016,11,5
2016,11,5
2016,11,5
2016,11,5
2016,11,5
2016,11,5
2016,11,5
2016,11,5
2016,11,5
2016,11,5
2016,11,5
2016,11,5
2016,11,5
2016,11,5
2016,11,5
2016,11,5
2016,11,5
2016,11,5
2016,11,5
2016,11,5
2016,11,5
2016,11,5
2016,11,5
2016,11,5
2016,11,5
2016,11,5
2016,11,5
2016,11,5
2016,11,5
2016,11,5
2016,11,5
2016,11,5
2016,11,5
2016,11,5
2016,11,5
2016,11,5
2016,11,5
2016,11,5
2016,11,5
2016,11,5
2016,11,5
2016,11,5
2016,11,5
2016,11,5
2016,11,5
2016,11,5
2016,11,5
2016,11,5
2016,11,5
2016,11,5
2016,11,5
2016,11,5
2016,11,5
2016,11,5
2016,11,5
2016,11,5
2016,11,5
2016,11,5
2016,11,5
2016,11,5
2016,11,5
2016,11,5
2016,11,5
2016,11,5
2016,11,5
2016,11,5
2016,11,5
2016,11,5
2016,11,5
2016,11,5
2016,11,5
2016,11,5
2016,11,5
2016,11,5
2016,11,5
2016,11,5
2016,11,5
2016,11,5
2016,11,5
2016,11,5
2016,11,5
2016,11,5
2016,11,5
2016,11,5
2016,11,5
2016,11,5
2016,11,5
2016,11,5
2016,11,5
2016,11,5
2016,11,5
2016,11,5
2016,11,5
2016,11,5
2016,11,5
2016,11,5
2016,11,5
2016,11,5
2016,11,5
2016,11,5
2016,11,5
2016,11,5
2016,11,5
2016,11,5
2016,11,5
2016,11,5
2016,11,5
2016,11,5
2016,11,5
2016,11,5
2016,11,5
2016,11,5
2016,11,5
2016,11,5
2016,11,5
2016,11,5
2016,11,5
2016,11,5
2016,11,5
2016,11,5
2016,11,5
2016,11,5
2016,11,5
2016,11,5
2016,11,5
2016,11,5
2016,11,5
2016,11,5
2016,11,5
2016,11,5
2016,11,5
2016,11,5
2016,11,5
2016,11,5
2016,11,5
2016,11,5
2016,11,5
2016,11,5
2016,11,5
2016,11,5
2016,11,5
2016,11,5
2016,11,5
2016,11,5
2016,11,5
2016,11,5
2016,11,5
2016,11,5
2016,11,5
2016,11,5
2016,11,5
2016,11,5
2016,11,5
2016,11,5
2016,11,5
2016,11,5
2016,11,5
2016,11,5
2016,11,5
2016,11,5
2016,11,5
2016,11,5
2016,11,5
2016,11,5
2016,11,5
2016,11,5
2016,11,5
2016,11,5
2016,11,5
2016,11,5
2016,11,5
2016,11,5
2016,11,5
2016,11,5
2016,11,5
2016,11,5
2016,11,5
2016,11,5
2016,11,5
2016,11,5
2016,11,5
2016,11,5
2016,11,5
2016,11,5
2016,11,5
2016,11,5
2016,11,5
2016,11,5
2016,11,5
2016,11,5
2016,11,5
2016,11,5
2016,11,5
2016,11,5
2016,11,5
2016,11,5
2016,11,5
2016,11,5
2016,11,5
2016,11,5
2016,11,5
2016,11,5
2016,11,5
2016,11,5
2016,11,5
2016,11,5
2016,11,5
2016,11,5
2016,11,5
2016,11,5
2016,11,5
2016,11,5
2016,11,5
2016,11,5
2016,11,5
2016,11,5
2016,11,5
2016,11,5
2016,11,5
2016,11,5
2016,11,5
2016,11,5
2016,11,5
2016,11,5
2016,11,5
2016,11,5
2016,11,5
2016,11,5
2016,11,5
2016,11,5
2016,11,5
2016,11,5
2016,11,5
2016,11,5
2016,11,5
2016,11,5
2016,11,5
2016,11,5
2016,11,5
2016,11,5
2016,11,5
2016,11,5
2016,11,5
2016,11,5
2016,11,5
2016,11,5
2016,11,5
2016,11,5
2016,11,5
2016,11,5
2016,11,5
2016,11,5
2016,11,5
2016,11,5
2016,11,5
2016,11,5
2016,11,5
2016,11,5
2016,11,5
2016,11,5
2016,11,5
2016,11,5
2016,11,5
2016,11,5
2016,11,5
2016,11,5
2016,11,5
2016,11,5
2016,11,5
2016,11,5
2016,11,5
2016,11,5
2016,11,5
2016,11,5
2016,11,5
2016,11,5
2016,11,5
2016,11,5
2016,11,5
2016,11,5
2016,11,5
2016,11,5
2016,11,5
2016,11,5
2016,11,5
2016,11,5
2016,11,5
2016,11,5
2016,11,5
2016,11,5
2016,11,5
2016,11,5
2016,11,5
2016,11,5
2016,11,5
2016,11,5
2016,11,5
2016,11,5
2016,11,5
2016,11,5
2016,11,5
2016,11,5
2016,11,5
2016,11,5
2016,11,5
2016,11,5
2016,11,5
2016,11,5
2016,11,5
2016,11,5
2016,11,5
2016,11,5
2016,11,5
2016,11,5
2016,11,5
2016,11,5
2016,11,5
2016,11,5
2016,11,5
2016,11,5
2016,11,5
2016,11,5
2016,11,5
2016,11,5
2016,11,5
2016,11,5
2016,11,5
2016,11,5
2016,11,5
2016,11,5
2016,11,5
2016,11,5
2016,11,5
2016,11,5
2016,11,5
2016,11,5
2016,11,5
2016,11,5
2016,11,5
2016,11,5
2016,11,5
2016,11,5
2016,11,5
2016,11,5
2016,11,5
2016,11,5
2016,11,5
2016,11,5
2016,11,5
2016,11,5
2016,11,5
2016,11,5
2016,11,5
2016,11,5
2016,11,5
2016,11,5
2016,11,5
2016,11,5
2016,11,5
2016,11,5
2016,11,5
2016,11,5
2016,11,5
2016,11,5
2016,11,5
2016,11,5
2016,11,5
2016,11,5
2016,11,5
2016,11,5
2016,11,5
2016,11,5
2016,11,5
2016,11,5
2016,11,5
2016,11,5
2016,11,5
2016,11,5
2016,11,5
2016,11,5
2016,11,5
2016,11,5
2016,11,5
2016,11,5
2016,11,5
2016,11,5
2016,11,5
2016,11,5
2016,11,5
2016,11,5
2016,11,5
2016,11,5
2016,11,5
2016,11,5
2016,11,5
2016,11,5
2016,11,5
2016,11,5
2016,11,5
2016,11,5
2016,11,5
2016,11,5
2016,11,5
2016,11,5
2016,11,5
2016,11,5
2016,11,5
2016,11,5
2016,11,5
2016,11,5
2016,11,5
2016,11,5
2016,11,5
2016,11,5
2016,11,5
2016,11,5
2016,11,5
2016,11,5
2016,11,5
2016,11,5
2016,11,5
2016,11,5
2016,11,5
2016,11,5
2016,11,5
2016,11,5
2016,11,5
2016,11,5
2016,11,5
2016,11,5
2016,11,5
2016,11,5
2016,11,5
2016,11,5
2016,11,5
2016,11,5
2016,11,5
2016,11,5
2016,11,5
2016,11,5
2016,11,5
2016,11,5
2016,11,5
2016,11,5
2016,11,5
2016,11,5
2016,11,5
2016,11,5
2016,11,5
2016,11,5
2016,11,5
2016,11,5
2016,11,5
2016,11,5
2016,11,5
2016,11,5
2016,11,5
2016,11,5
2016,11,5
2016,11,5
2016,11,5
2016,11,5
2016,11,5
2016,11,5
2016,11,5
2016,11,5
2016,11,5
2016,11,5
2016,11,5
2016,11,5
2016,11,5
2016,11,5
2016,11,5
2016,11,5
2016,11,5
2016,11,5
2016,11,5
2016,11,5
2016,11,5
2016,11,5
2016,11,5
2016,11,5
2016,11,5
2016,11,5
2016,11,5
2016,11,5
2016,11,5
2016,11,5
2016,11,5
2016,11,5
2016,11,5
2016,11,5
2016,11,5
2016,11,5
2016,11,5
2016,11,5
2016,11,5
2016,11,5
2016,11,5
2016,11,5
2016,11,5
2016,11,5
2016,11,5
2016,11,5
2016,11,5
2016,11,5
2016,11,5
2016,11,5
2016,11,5
2016,11,5
2016,11,5
2016,11,5
2016,11,5
2016,11,5
2016,11,5
2016,11,5
2016,11,5
2016,11,5
2016,11,5
2016,11,5
2016,11,5
2016,11,5
2016,11,5
2016,11,5
2016,11,5
2016,11,5
2016,11,5
2016,11,5
2016,11,5
2016,11,5
2016,11,5
2016,11,5
2016,11,5
2016,11,5
2016,11,5
2016,11,5
2016,11,5
2016,11,5
2016,11,5
2016,11,5
2016,11,5
2016,11,5
2016,11,5
2016,11,5
2016,11,5
2016,11,5
2016,11,5
2016,11,5
2016,11,5
2016,11,5
2016,11,5
2016,11,5
2016,11,5
2016,11,5
2016,11,5
2016,11,5
2016,11,5
2016,11,5
2016,11,5
2016,11,5
2016,11,5
2016,11,5
2016,11,5
2016,11,5
2016,11,5
2016,11,5
2016,11,5
2016,11,5
2016,11,5
2016,11,5
2016,11,5
2016,11,5
2016,11,5
2016,11,5
2016,11,5
2016,11,5
2016,11,5
2016,11,5
2016,11,5
2016,11,5
2016,11,5
2016,11,5
2016,11,5
2016,11,5
2016,11,5
2016,11,5
2016,11,5
2016,11,5
2016,11,5
2016,11,5
2016,11,5
2016,11,5
2016,11,5
2016,11,5
2016,11,5
2016,11,5
2016,11,5
2016,11,5
2016,11,5
2016,11,5
2016,11,5
2016,11,5
2016,11,5
2016,11,5
2016,11,5
2016,11,5
2016,11,5
2016,11,5
2016,11,5
2016,11,5
2016,11,5
2016,11,5
2016,11,5
2016,11,5
2016,11,5
2016,11,5
2016,11,5
2016,11,5
2016,11,5
2016,11,5
2016,11,5
2016,11,5
2016,11,5
2016,11,5
2016,11,5
2016,11,5
2016,11,5
2016,11,5
2016,11,5
2016,11,5
2016,11,5
2016,11,5
2016,11,5
2016,11,5
2016,11,5
2016,11,5
2016,11,5
2016,11,5
2016,11,5
2016,11,5
2016,11,5
2016,11,5
2016,11,5
2016,11,5
2016,11,5
2016,11,5
2016,11,5
2016,11,5
2016,11,5
2016,11,5
2016,11,5
2016,11,5
2016,11,5
2016,11,5
2016,11,5
2016,11,5
2016,11,5
2016,11,5
2016,11,5
2016,11,5
2016,11,5
2016,11,5
2016,11,5
2016,11,5
2016,11,5
2016,11,5
2016,11,5
2016,11,5
2016,11,5
2016,11,5
2016,11,5
2016,11,5
2016,11,5
2016,11,5
2016,11,5
2016,11,5
2016,11,5
2016,11,5
2016,11,5
2016,11,5
2016,11,5
2016,11,5
2016,11,5
2016,11,5
2016,11,5
2016,11,5
2016,11,5
2016,11,5
2016,11,5
2016,11,5
2016,11,5
2016,11,5
2016,11,5
2016,11,5
2016,11,5
2016,11,5
2016,11,5
2016,11,5
2016,11,5
2016,11,5
2016,11,5
2016,11,5
2016,11,5
2016,11,5
2016,11,5
2016,11,5
2016,11,5
2016,11,5
2016,11,5
2016,11,5
2016,11,5
2016,11,5
2016,11,5
2016,11,5
2016,11,5
2016,11,5
2016,11,5
2016,11,5
2016,11,5
2016,11,5
2016,11,5
2016,11,5
2016,11,5
2016,11,5
2016,11,5
2016,11,5
2016,11,5
2016,11,5
2016,11,5
2016,11,5
2016,11,5
2016,11,5
2016,11,5
2016,11,5
2016,11,5
2016,11,5
2016,11,5
2016,11,5
2016,11,5
2016,11,5
2016,11,5
2016,11,5
2016,11,5
2016,11,5
2016,11,5
2016,11,5
2016,11,5
2016,11,5
2016,11,5
2016,11,5
2016,11,5
2016,11,5
2016,11,5
2016,11,5
2016,11,5
2016,11,5
2016,11,5
2016,11,5
2016,11,5
2016,11,5
2016,11,5
2016,11,5
2016,11,5
2016,11,5
2016,11,5
2016,11,5
2016,11,5
2016,11,5
2016,11,5
2016,11,5
2016,11,5
2016,11,5
2016,11,5
2016,11,5
2016,11,5
2016,11,5
2016,11,5
2016,11,5
2016,11,5
2016,11,5
2016,11,5
2016,11,5
2016,11,5
2016,11,5
2016,11,5
2016,11,5
2016,11,5
2016,11,5
2016,11,5
2016,11,5
2016,11,5
2016,11,5
2016,11,5
2016,11,5
2016,11,5
2016,11,5
2016,11,5
2016,11,5
2016,11,5
2016,11,5
2016,11,5
2016,11,5
2016,11,5
2016,11,5
2016,11,5
2016,11,5
2016,11,5
2016,11,5
2016,11,5
2016,11,5
2016,11,5
2016,11,5
2016,11,5
2016,11,5
2016,11,5
2016,11,5
2016,11,5
2016,11,5
2016,11,5
2016,11,5
2016,11,5
2016,11,5
2016,11,5
2016,11,5
2016,11,5
2016,11,5
2016,11,5
2016,11,5
2016,11,5
2016,11,5
2016,11,5
2016,11,5
2016,11,5
2016,11,5
2016,11,5
2016,11,5
2016,11,5
2016,11,5
2016,11,5
2016,11,5
2016,11,5
2016,11,5
2016,11,5
2016,11,5
2016,11,5
2016,11,5
2016,11,5
2016,11,5
2016,11,5
2016,11,5
2016,11,5
2016,11,5
2016,11,5
2016,11,5
2016,11,5
2016,11,5
2016,11,5
2016,11,5
2016,11,5
2016,11,5
2016,11,5
2016,11,5
2016,11,5
2016,11,5
2016,11,5
2016,11,5
2016,11,5
2016,11,5
2016,11,5
2016,11,5
2016,11,5
2016,11,5
2016,11,5
2016,11,5
2016,11,5
2016,11,5
2016,11,5
2016,11,5
2016,11,5
2016,11,5
2016,11,5
2016,11,5
2016,11,5
2016,11,5
2016,11,5
2016,11,5
2016,11,5
2016,11,5
2016,11,5
2016,11,5
2016,11,5
2016,11,5
2016,11,5
2016,11,5
2016,11,5
2016,11,5
2016,11,5
2016,11,5
2016,11,5
2016,11,5
2016,11,5
2016,11,5
2016,11,5
2016,11,5
2016,11,5
2016,11,5
2016,11,5
2016,11,5
2016,11,5
2016,11,5
2016,11,5
2016,11,5
2016,11,5
2016,11,5
2016,11,5
2016,11,5
2016,11,5
2016,11,5
2016,11,5
2016,11,5
2016,11,5
2016,11,5
2016,11,5
2016,11,5
2016,11,5
2016,11,5
2016,11,5
2016,11,5
2016,11,5
2016,11,5
2016,11,5
2016,11,5
2016,11,5
2016,11,5
2016,11,5
2016,11,5
2016,11,5
2016,11,5
2016,11,5
2016,11,5
2016,11,5
2016,11,5
2016,11,5
2016,11,5
2016,11,5
2016,11,5
2016,11,5
2016,11,5
2016,11,5
2016,11,5
2016,11,5
2016,11,5
2016,11,5
2016,11,5
2016,11,5
2016,11,5
2016,11,5
2016,11,5
2016,11,5
2016,11,5
2016,11,5
2016,11,5
2016,11,5
2016,11,5
2016,11,5
2016,11,5
2016,11,5
2016,11,5
2016,11,5
2016,11,5
2016,11,5
2016,11,5
2016,11,5
2016,11,5
2016,11,5
2016,11,5
2016,11,5
2016,11,5
2016,11,5
2016,11,5
2016,11,5
2016,11,5
2016,11,5
2016,11,5
2016,11,5
2016,11,5
2016,11,5
2016,11,5
2016,11,5
2016,11,5
2016,11,5
2016,11,5
2016,11,5
2016,11,5
2016,11,5
2016,11,5
2016,11,5
2016,11,5
2016,11,5
2016,11,5
2016,11,5
2016,11,5
2016,11,5
2016,11,5
2016,11,5
2016,11,5
2016,11,5
2016,11,5
2016,11,5
2016,11,5
2016,11,5
2016,11,5
2016,11,5
2016,11,5
2016,11,5
2016,11,5
2016,11,5
2016,11,5
2016,11,5
2016,11,5
2016,11,5
2016,11,5
2016,11,5
2016,11,5
2016,11,5
2016,11,5
2016,11,5
2016,11,5
2016,11,5
2016,11,5
2016,11,5
2016,11,5
2016,11,5
2016,11,5
2016,11,5
2016,11,5
2016,11,5
2016,11,5
2016,11,5
2016,11,5
2016,11,5
2016,11,5
2016,11,5
2016,11,5
2016,11,5
2016,11,5
2016,11,5
2016,11,5
2016,11,5
2016,11,5
2016,11,5
2016,11,5
2016,11,5
2016,11,5
2016,11,5
2016,11,5
2016,11,5
2016,11,5
2016,11,5
2016,11,5
2016,11,5
2016,11,5
2016,11,5
2016,11,5
2016,11,5
2016,11,5
2016,11,5
2016,11,5
2016,11,5
2016,11,5
2016,11,5
2016,11,5
2016,11,5
2016,11,5
2016,11,5
2016,11,5
2016,11,5
2016,11,5
2016,11,5
2016,11,5
2016,11,5
2016,11,5
2016,11,5
2016,11,5
2016,11,5
2016,11,5
2016,11,5
2016,11,5
2016,11,5
2016,11,5
2016,11,5
2016,11,5
2016,11,5
2016,11,5
2016,11,5
2016,11,5
2016,11,5
2016,11,5
2016,11,5
2016,11,5
2016,11,5
2016,11,5
2016,11,5
2016,11,5
2016,11,5
2016,11,5
2016,11,5
2016,11,5
2016,11,5
2016,11,5
2016,11,5
2016,11,5
2016,11,5
2016,11,5
2016,11,5
2016,11,5
2016,11,5
2016,11,5
2016,11,5
2016,11,5
2016,11,5
2016,11,5
2016,11,5
2016,11,5
2016,11,5
2016,11,5
2016,11,5
2016,11,5
2016,11,5
2016,11,5
2016,11,5
2016,11,5
2016,11,5
2016,11,5
2016,11,5
2016,11,5
2016,11,5
2016,11,5
2016,11,5
2016,11,5
2016,11,5
2016,11,5
2016,11,5
2016,11,5
2016,11,5
2016,11,5
2016,11,5
2016,11,5
2016,11,5
2016,11,5
2016,11,5
2016,11,5
2016,11,5
2016,11,5
2016,11,5
2016,11,5
2016,11,5
2016,11,5
2016,11,5
2016,11,5
2016,11,5
2016,11,5
2016,11,5
2016,11,5
2016,11,5
2016,11,5
2016,11,5
2016,11,5
2016,11,5
2016,11,5
2016,11,5
2016,11,5
2016,11,5
2016,11,5
2016,11,5
2016,11,5
2016,11,5
2016,11,5
2016,11,5
2016,11,5
2016,11,5
2016,11,5
2016,11,5
2016,11,5
2016,11,5
2016,11,5
2016,11,5
2016,11,5
2016,11,5
2016,11,5
2016,11,5
2016,11,5
2016,11,5
2016,11,5
2016,11,5
2016,11,5
2016,11,5
2016,11,5
2016,11,5
2016,11,5
2016,11,5
2016,11,5
2016,11,5
2016,11,5
2016,11,5
2016,11,5
2016,11,5
2016,11,5
2016,11,5
2016,11,5
2016,11,5
2016,11,5
2016,11,5
2016,11,5
2016,11,5
2016,11,5
2016,11,5
2016,11,5
2016,11,5
2016,11,5
2016,11,5
2016,11,5
2016,11,5
2016,11,5
2016,11,5
2016,11,5
2016,11,5
2016,11,5
2016,11,5
2016,11,5
2016,11,5
2016,11,5
2016,11,5
2016,11,5
2016,11,5
2016,11,5
2016,11,5
2016,11,5
2016,11,5
2016,11,5
2016,11,5
2016,11,5
2016,11,5
2016,11,5
2016,11,5
2016,11,5
2016,11,5
2016,11,5
2016,11,5
2016,11,5
2016,11,5
2016,11,5
2016,11,5
2016,11,5
2016,11,5
2016,11,5
2016,11,5
2016,11,5
2016,11,5
2016,11,5
2016,11,5
2016,11,5
2016,11,5
2016,11,5
2016,11,5
2016,11,5
2016,11,5
2016,11,5
2016,11,5
2016,11,5
2016,11,5
2016,11,5
2016,11,5
2016,11,5
2016,11,5
2016,11,5
2016,11,5
2016,11,5
2016,11,5
2016,11,5
2016,11,5
2016,11,5
2016,11,5
2016,11,5
2016,11,5
2016,11,5
2016,11,5
2016,11,5
2016,11,5
2016,11,5
2016,11,5
2016,11,5
2016,11,5
2016,11,5
2016,11,5
2016,11,5
2016,11,5
2016,11,5
2016,11,5
2016,11,5
2016,11,5
2016,11,5
2016,11,5
2016,11,5
2016,11,5
2016,11,5
2016,11,5
2016,11,5
2016,11,5
2016,11,5
2016,11,5
2016,11,5
2016,11,5
2016,11,5
2016,11,5
2016,11,5
2016,11,5
2016,11,5
2016,11,5
2016,11,5
2016,11,5
2016,11,5
2016,11,5
2016,11,5
2016,11,5
2016,11,5
2016,11,5
2016,11,5
2016,11,5
2016,11,5
2016,11,5
2016,11,5
2016,11,5
2016,11,5
2016,11,5
2016,11,5
2016,11,5
2016,11,5
2016,11,5
2016,11,5
2016,11,5
2016,11,5
2016,11,5
2016,11,5
2016,11,5
2016,11,5
2016,11,5
2016,11,5
2016,11,5
2016,11,5
2016,11,5
2016,11,5
2016,11,5
2016,11,5
2016,11,5
2016,11,5
2016,11,5
2016,11,5
2016,11,5
2016,11,5
2016,11,5
2016,11,5
2016,11,5
2016,11,5
2016,11,5
2016,11,5
2016,11,5
2016,11,5
2016,11,5
2016,11,5
2016,11,5
2016,11,5
2016,11,5
2016,11,5
2016,11,5
2016,11,5
2016,11,5
2016,11,5
2016,11,5
2016,11,5
2016,11,5
2016,11,5
2016,11,5
2016,11,5
2016,11,5
2016,11,5
2016,11,5
2016,11,5
2016,11,5
2016,11,5
2016,11,5
2016,11,5
2016,11,5
2016,11,5
2016,11,5
2016,11,5
2016,11,5
2016,11,5
2016,11,5
2016,11,5
2016,11,5
2016,11,5
2016,11,5
2016,11,5
2016,11,5
2016,11,5
2016,11,5
2016,11,5
2016,11,5
2016,11,5
2016,11,5
2016,11,5
2016,11,5
2016,11,5
2016,11,5
2016,11,5
2016,11,5
2016,11,5
2016,11,5
2016,11,5
2016,11,5
2016,11,5
2016,11,5
2016,11,5
2016,11,5
2016,11,5
2016,11,5
2016,11,5
2016,11,5
2016,11,5
2016,11,5
2016,11,5
2016,11,5
2016,11,5
2016,11,5
2016,11,5
2016,11,5
2016,11,5
2016,11,5
2016,11,5
2016,11,5
2016,11,5
2016,11,5
2016,11,5
2016,11,5
2016,11,5
2016,11,5
2016,11,5
2016,11,5
2016,11,5
2016,11,5
2016,11,5
2016,11,5
2016,11,5
2016,11,5
2016,11,5
2016,11,5
2016,11,5
2016,11,5
2016,11,5
2016,11,5
2016,11,5
2016,11,5
2016,11,5
2016,11,5
2016,11,5
2016,11,5
2016,11,5
2016,11,5
2016,11,5
2016,11,5
2016,11,5
2016,11,5
2016,11,5
2016,11,5
2016,11,5
2016,11,5
2016,11,5
2016,11,5
2016,11,5
2016,11,5
2016,11,5
2016,11,5
2016,11,5
2016,11,5
2016,11,5
2016,11,5
2016,11,5
2016,11,5
2016,11,5
2016,11,5
2016,11,5
2016,11,5
2016,11,5
2016,11,5
2016,11,5
2016,11,5
2016,11,5
2016,11,5
2016,11,5
2016,11,5
2016,11,5
2016,11,5
2016,11,5
2016,11,5
2016,11,5
2016,11,5
2016,11,5
2016,11,5
2016,11,5
2016,11,5
2016,11,5
2016,11,5
2016,11,5
2016,11,5
2016,11,5
2016,11,5
2016,11,5
2016,11,5
2016,11,5
2016,11,5
2016,11,5
2016,11,5
2016,11,5
2016,11,5
2016,11,5
2016,11,5
2016,11,5
2016,11,5
2016,11,5
2016,11,5
2016,11,5
2016,11,5
2016,11,5
2016,11,5
2016,11,5
2016,11,5
2016,11,5
2016,11,5
2016,11,5
2016,11,5
2016,11,5
2016,11,5
2016,11,5
2016,11,5
2016,11,5
2016,11,5
2016,11,5
2016,11,5
2016,11,5
2016,11,5
2016,11,5
2016,11,5
2016,11,5
2016,11,5
2016,11,5
2016,11,5
2016,11,5
2016,11,5
2016,11,5
2016,11,5
2016,11,5
2016,11,5
2016,11,5
2016,11,5
2016,11,5
2016,11,5
2016,11,5
2016,11,5
2016,11,5
2016,11,5
2016,11,5
2016,11,5
2016,11,5
2016,11,5
2016,11,5
2016,11,5
2016,11,5
2016,11,5
2016,11,5
2016,11,5
2016,11,5
2016,11,5
2016,11,5
2016,11,5
2016,11,5
2016,11,5
2016,11,5
2016,11,5
2016,11,5
2016,11,5
2016,11,5
2016,11,5
2016,11,5
2016,11,5
2016,11,5
2016,11,5
2016,11,5
2016,11,5
2016,11,5
2016,11,5
2016,11,5
2016,11,5
2016,11,5
2016,11,5
2016,11,5
2016,11,5
2016,11,5
2016,11,5
2016,11,5
2016,11,5
2016,11,5
2016,11,5
2016,11,5
2016,11,5
2016,11,5
2016,11,5
2016,11,5
2016,11,5
2016,11,5
2016,11,5
2016,11,5
2016,11,5
2016,11,5
2016,11,5
2016,11,5
2016,11,5
2016,11,5
2016,11,5
2016,11,5
2016,11,5
2016,11,5
2016,11,5
2016,11,5
2016,11,5
2016,11,5
2016,11,5
2016,11,5
2016,11,5
2016,11,5
2016,11,5
2016,11,5
2016,11,5
2016,11,5
2016,11,5
2016,11,5
2016,11,5
2016,11,5
2016,11,5
2016,11,5
2016,11,5
2016,11,5
2016,11,5
2016,11,5
2016,11,5
2016,11,5
2016,11,5
2016,11,5
2016,11,5
2016,11,5
2016,11,5
2016,11,5
2016,11,5
2016,11,5
2016,11,5
2016,11,5
2016,11,5
2016,11,5
2016,11,5
2016,11,5
2016,11,5
2016,11,5
2016,11,5
2016,11,5
2016,11,5
2016,11,5
2016,11,5
2016,11,5
2016,11,5
2016,11,5
2016,11,5
2016,11,5
2016,11,5
2016,11,5
2016,11,5
2016,11,5
2016,11,5
2016,11,5
2016,11,5
2016,11,5
2016,11,5
2016,11,5
2016,11,5
2016,11,5
2016,11,5
2016,11,5
2016,11,5
2016,11,5
2016,11,5
2016,11,5
2016,11,5
2016,11,5
2016,11,5
2016,11,5
2016,11,5
2016,11,5
2016,11,5
2016,11,5
2016,11,5
2016,11,5
2016,11,5
2016,11,5
2016,11,5
2016,11,5
2016,11,5
2016,11,5
2016,11,5
2016,11,5
2016,11,5
2016,11,5
2016,11,5
2016,11,5
2016,11,5
2016,11,5
2016,11,5
2016,11,5
2016,11,5
2016,11,5
2016,11,5
2016,11,5
2016,11,5
2016,11,5
2016,11,5
2016,11,5
2016,11,5
2016,11,5
2016,11,5
2016,11,5
2016,11,5
2016,11,5
2016,11,5
2016,11,5
2016,11,5
2016,11,5
2016,11,5
2016,11,5
2016,11,5
2016,11,5
2016,11,5
2016,11,5
2016,11,5
2016,11,5
2016,11,5
2016,11,5
2016,11,5
2016,11,5
2016,11,5
2016,11,5
2016,11,5
2016,11,5
2016,11,5
2016,11,5
2016,11,5
2016,11,5
2016,11,5
2016,11,5
2016,11,5
2016,11,5
2016,11,5
2016,11,5
2016,11,5
2016,11,5
2016,11,5
2016,11,5
2016,11,5
2016,11,5
2016,11,5
2016,11,5
2016,11,5
2016,11,5
2016,11,5
2016,11,5
2016,11,5
2016,11,5
2016,11,5
2016,11,5
2016,11,5
2016,11,5
2016,11,5
2016,11,5
2016,11,5
2016,11,5
2016,11,5
2016,11,5
2016,11,5
2016,11,5
2016,11,5
2016,11,5
2016,11,5
2016,11,5
2016,11,5
2016,11,5
2016,11,5
2016,11,5
2016,11,5
2016,11,5
2016,11,5
2016,11,5
2016,11,5
2016,11,5
2016,11,5
2016,11,5
2016,11,5
2016,11,5
2016,11,5
2016,11,5
2016,11,5
2016,11,5
2016,11,5
2016,11,5
2016,11,5
2016,11,5
2016,11,5
2016,11,5
2016,11,5
2016,11,5
2016,11,5
2016,11,5
2016,11,5
2016,11,5
2016,11,5
2016,11,5
2016,11,5
2016,11,5
2016,11,5
2016,11,5
2016,11,5
2016,11,5
2016,11,5
2016,11,5
2016,11,5
2016,11,5
2016,11,5
2016,11,5
2016,11,5
2016,11,5
2016,11,5
2016,11,5
2016,11,5
2016,11,5
2016,11,5
2016,11,5
2016,11,5
2016,11,5
2016,11,5
2016,11,5
2016,11,5
2016,11,5
2016,11,5
2016,11,5
2016,11,5
2016,11,5
2016,11,5
2016,11,5
2016,11,5
2016,11,5
2016,11,5
2016,11,5
2016,11,5
2016,11,5
2016,11,5
2016,11,5
2016,11,5
2016,11,5
2016,11,5
2016,11,5
2016,11,5
2016,11,5
2016,11,5
2016,11,5
2016,11,5
2016,11,5
2016,11,5
2016,11,5
2016,11,5
2016,11,5
2016,11,5
2016,11,5
2016,11,5
2016,11,5
2016,11,5
2016,11,5
2016,11,5
2016,11,5
2016,11,5
2016,11,5
2016,11,5
2016,11,5
2016,11,5
2016,11,5
2016,11,5
2016,11,5
2016,11,5
2016,11,5
2016,11,5
2016,11,5
2016,11,5
2016,11,5
2016,11,5
2016,11,5
2016,11,5
2016,11,5
2016,11,5
2016,11,5
2016,11,5
2016,11,5
2016,11,5
2016,11,5
2016,11,5
2016,11,5
2016,11,5
2016,11,5
2016,11,5
2016,11,5
2016,11,5
2016,11,5
2016,11,5
2016,11,5
2016,11,5
2016,11,5
2016,11,5
2016,11,5
2016,11,5
2016,11,5
2016,11,5
2016,11,5
2016,11,5
2016,11,5
2016,11,5
2016,11,5
2016,11,5
2016,11,5
2016,11,5
2016,11,5
2016,11,5
2016,11,5
2016,11,5
2016,11,5
2016,11,5
2016,11,5
2016,11,5
2016,11,5
2016,11,5
2016,11,5
2016,11,5
2016,11,5
2016,11,5
2016,11,5
2016,11,5
2016,11,5
2016,11,5
2016,11,5
2016,11,5
2016,11,5
2016,11,5
2016,11,5
2016,11,5
2016,11,5
2016,11,5
2016,11,5
2016,11,5
2016,11,5
2016,11,5
2016,11,5
2016,11,5
2016,11,5
2016,11,5
2016,11,5
2016,11,5
2016,11,5
2016,11,5
2016,11,5
2016,11,5
2016,11,5
2016,11,5
2016,11,5
2016,11,5
2016,11,5
2016,11,5
2016,11,5
2016,11,5
2016,11,5
2016,11,5
2016,11,5
2016,11,5
2016,11,5
2016,11,5
2016,11,5
2016,11,5
2016,11,5
2016,11,5
2016,11,5
2016,11,5
2016,11,5
2016,11,5
2016,11,5
2016,11,5
2016,11,5
2016,11,5
2016,11,5
2016,11,5
2016,11,5
2016,11,5
2016,11,5
2016,11,5
2016,11,5
2016,11,5
2016,11,5
2016,11,5
2016,11,5
2016,11,5
2016,11,5
2016,11,5
2016,11,5
2016,11,5
2016,11,5
2016,11,5
2016,11,5
2016,11,5
2016,11,5
2016,11,5
2016,11,5
2016,11,5
2016,11,5
2016,11,5
2016,11,5
2016,11,5
2016,11,5
2016,11,5
2016,11,5
2016,11,5
2016,11,5
2016,11,5
2016,11,5
2016,11,5
2016,11,5
2016,11,5
2016,11,5
2016,11,5
2016,11,5
2016,11,5
2016,11,5
2016,11,5
2016,11,5
2016,11,5
2016,11,5
2016,11,5
2016,11,5
2016,11,5
2016,11,5
2016,11,5
2016,11,5
2016,11,5
2016,11,5
2016,11,5
2016,11,5
2016,11,5
2016,11,5
2016,11,5
2016,11,5
2016,11,5
2016,11,5
2016,11,5
2016,11,5
2016,11,5
2016,11,5
2016,11,5
2016,11,5
2016,11,5
2016,11,5
2016,11,5
2016,11,5
2016,11,5
2016,11,5
2016,11,5
2016,11,5
2016,11,5
2016,11,5
2016,11,5
2016,11,5
2016,11,5
2016,11,5
2016,11,5
2016,11,5
2016,11,5
2016,11,5
2016,11,5
2016,11,5
2016,11,5
2016,11,5
2016,11,5
2016,11,5
2016,11,5
2016,11,5
2016,11,5
2016,11,5
2016,11,5
2016,11,5
2016,11,5
2016,11,5
2016,11,5
2016,11,5
2016,11,5
2016,11,5
2016,11,5
2016,11,5
2016,11,5
2016,11,5
2016,11,5
2016,11,5
2016,11,5
2016,11,5
2016,11,5
2016,11,5
2016,11,5
2016,11,5
2016,11,5
2016,11,5
2016,11,5
2016,11,5
2016,11,5
2016,11,5
2016,11,5
2016,11,5
2016,11,5
2016,11,5
2016,11,5
2016,11,5
2016,11,5
2016,11,5
2016,11,5
2016,11,5
2016,11,5
2016,11,5
2016,11,5
2016,11,5
2016,11,5
2016,11,5
2016,11,5
2016,11,5
2016,11,5
2016,11,5
2016,11,5
2016,11,5
2016,11,5
2016,11,5
2016,11,5
2016,11,5
2016,11,5
2016,11,5
2016,11,5
2016,11,5
2016,11,5
2016,11,5
2016,11,5
2016,11,5
2016,11,5
2016,11,5
2016,11,5
2016,11,5
2016,11,5
2016,11,5
2016,11,5
2016,11,5
2016,11,5
2016,11,5
2016,11,5
2016,11,5
2016,11,5
2016,11,5
2016,11,5
2016,11,5
2016,11,5
2016,11,5
2016,11,5
2016,11,5
2016,11,5
2016,11,5
2016,11,5
2016,11,5
2016,11,5
2016,11,5
2016,11,5
2016,11,5
2016,11,5
2016,11,5
2016,11,5
2016,11,5
2016,11,5
2016,11,5
2016,11,5
2016,11,5
2016,11,5
2016,11,5
2016,11,5
2016,11,5
2016,11,5
2016,11,5
2016,11,5
2016,11,5
2016,11,5
2016,11,5
2016,11,5
2016,11,5
2016,11,5
2016,11,5
2016,11,5
2016,11,5
2016,11,5
2016,11,5
2016,11,5
2016,11,5
2016,11,5
2016,11,5
2016,11,5
2016,11,5
2016,11,5
2016,11,5
2016,11,5
2016,11,5
2016,11,5
2016,11,5
2016,11,5
2016,11,5
2016,11,5
2016,11,5
2016,11,5
2016,11,5
2016,11,5
2016,11,5
2016,11,5
2016,11,5
2016,11,5
2016,11,5
2016,11,5
2016,11,5
2016,11,5
2016,11,5
2016,11,5
2016,11,5
2016,11,5
2016,11,5
2016,11,5
2016,11,5
2016,11,5
2016,11,5
2016,11,5
2016,11,5
2016,11,5
2016,11,5
2016,11,5
2016,11,5
2016,11,5
2016,11,5
2016,11,5
2016,11,5
2016,11,5
2016,11,5
2016,11,5
2016,11,5
2016,11,5
2016,11,5
2016,11,5
2016,11,5
2016,11,5
2016,11,5
2016,11,5
2016,11,5
2016,11,5
2016,11,5
2016,11,5
2016,11,5
2016,11,5
2016,11,5
2016,11,5
2016,11,5
2016,11,5
2016,11,5
2016,11,5
2016,11,5
2016,11,5
2016,11,5
2016,11,5
2016,11,5
2016,11,5
2016,11,5
2016,11,5
2016,11,5
2016,11,5
2016,11,5
2016,11,5
2016,11,5
2016,11,5
2016,11,5
2016,11,5
2016,11,5
2016,11,5
2016,11,5
2016,11,5
2016,11,5
2016,11,5
2016,11,5
2016,11,5
2016,11,5
2016,11,5
2016,11,5
2016,11,5
2016,11,5
2016,11,5
2016,11,5
2016,11,5
2016,11,5
2016,11,5
2016,11,5
2016,11,5
2016,11,5
2016,11,5
2016,11,5
2016,11,5
2016,11,5
2016,11,5
2016,11,5
2016,11,5
2016,11,5
2016,11,5
2016,11,5
2016,11,5
2016,11,5
2016,11,5
2016,11,5
2016,11,5
2016,11,5
2016,11,5
2016,11,5
2016,11,5
2016,11,5
2016,11,5
2016,11,5
2016,11,5
2016,11,5
2016,11,5
2016,11,5
2016,11,5
2016,11,5
2016,11,5
2016,11,5
2016,11,5
2016,11,5
2016,11,5
2016,11,5
2016,11,5
2016,11,5
2016,11,5
2016,11,5
2016,11,5
2016,11,5
2016,11,5
2016,11,5
2016,11,5
2016,11,5
2016,11,5
2016,11,5
2016,11,5
2016,11,5
2016,11,5
2016,11,5
2016,11,5
2016,11,5
2016,11,5
2016,11,5
2016,11,5
2016,11,5
2016,11,5
2016,11,5
2016,11,5
2016,11,5
2016,11,5
2016,11,5
2016,11,5
2016,11,5
2016,11,5
2016,11,5
2016,11,5
2016,11,5
2016,11,5
2016,11,5
2016,11,5
2016,11,5
2016,11,5
2016,11,5
2016,11,5
2016,11,5
2016,11,5
2016,11,5
2016,11,5
2016,11,5
2016,11,5
2016,11,5
2016,11,5
2016,11,5
2016,11,5
2016,11,5
2016,11,5
2016,11,5
2016,11,5
2016,11,5
2016,11,5
2016,11,5
2016,11,5
2016,11,5
2016,11,5
2016,11,5
2016,11,5
2016,11,5
2016,11,5
2016,11,5
2016,11,5
2016,11,5
2016,11,5
2016,11,5
2016,11,5
2016,11,5
2016,11,5
2016,11,5
2016,11,5
2016,11,5
2016,11,5
2016,11,5
2016,11,5
2016,11,5
2016,11,5
2016,11,5
2016,11,5
2016,11,5
2016,11,5
2016,11,5
2016,11,5
2016,11,5
2016,11,5
2016,11,5
2016,11,5
2016,11,5
2016,11,5
2016,11,5
2016,11,5
2016,11,5
2016,11,5
2016,11,5
2016,11,5
2016,11,5
2016,11,5
2016,11,5
2016,11,5
2016,11,5
2016,11,5
2016,11,5
2016,11,5
2016,11,5
2016,11,5
2016,11,5
2016,11,5
2016,11,5
2016,11,5
2016,11,5
2016,11,5
2016,11,5
2016,11,5
2016,11,5
2016,11,5
2016,11,5
2016,11,5
2016,11,5
2016,11,5
2016,11,5
2016,11,5
2016,11,5
2016,11,5
2016,11,5
2016,11,5
2016,11,5
2016,11,5
2016,11,5
2016,11,5
2016,11,5
2016,11,5
2016,11,5
2016,11,5
2016,11,5
2016,11,5
2016,11,5
2016,11,5
2016,11,5
2016,11,5
2016,11,5
2016,11,5
2016,11,5
2016,11,5
2016,11,5
2016,11,5
2016,11,5
2016,11,5
2016,11,5
2016,11,5
2016,11,5
2016,11,5
2016,11,5
2016,11,5
2016,11,5
2016,11,5
2016,11,5
2016,11,5
2016,11,5
2016,11,5
2016,11,5
2016,11,5
2016,11,5
2016,11,5
2016,11,5
2016,11,5
2016,11,5
2016,11,5
2016,11,5
2016,11,5
2016,11,5
2016,11,5
2016,11,5
2016,11,5
2016,11,5
2016,11,5
2016,11,5
2016,11,5
2016,11,5
2016,11,5
2016,11,5
2016,11,5
2016,11,5
2016,11,5
2016,11,5
2016,11,5
2016,11,5
2016,11,5
2016,11,5
2016,11,5
2016,11,5
2016,11,5
2016,11,5
2016,11,5
2016,11,5
2016,11,5
2016,11,5
2016,11,5
2016,11,5
2016,11,5
2016,11,5
2016,11,5
2016,11,5
2016,11,5
2016,11,5
2016,11,5
2016,11,5
2016,11,5
2016,11,5
2016,11,5
2016,11,5
2016,11,5
2016,11,5
2016,11,5
2016,11,5
2016,11,5
2016,11,5
2016,11,5
2016,11,5
2016,11,5
2016,11,5
2016,11,5
2016,11,5
2016,11,5
2016,11,5
2016,11,5
2016,11,5
2016,11,5
2016,11,5
2016,11,5
2016,11,5
2016,11,5
2016,11,5
2016,11,5
2016,11,5
2016,11,5
2016,11,5
2016,11,5
2016,11,5
2016,11,5
2016,11,5
2016,11,5
2016,11,5
2016,11,5
2016,11,5
2016,11,5
2016,11,5
2016,11,5
2016,11,5
2016,11,5
2016,11,5
2016,11,5
2016,11,5
2016,11,5
2016,11,5
2016,11,5
2016,11,5
2016,11,5
2016,11,5
2016,11,5
2016,11,5
2016,11,5
2016,11,5
2016,11,5
2016,11,5
2016,11,5
2016,11,5
2016,11,5
2016,11,5
2016,11,5
2016,11,5
2016,11,5
2016,11,5
2016,11,5
2016,11,5
2016,11,5
2016,11,5
2016,11,5
2016,11,5
2016,11,5
2016,11,5
2016,11,5
2016,11,5
2016,11,5
2016,11,5
2016,11,5
2016,11,5
2016,11,5
2016,11,5
2016,11,5
2016,11,5
2016,11,5
2016,11,5
2016,11,5
2016,11,5
2016,11,5
2016,11,5
2016,11,5
2016,11,5
2016,11,5
2016,11,5
2016,11,5
2016,11,5
2016,11,5
2016,11,5
2016,11,5
2016,11,5
2016,11,5
2016,11,5
2016,11,5
2016,11,5
2016,11,5
2016,11,5
2016,11,5
2016,11,5
2016,11,5
2016,11,5
2016,11,5
2016,11,5
2016,11,5
2016,11,5
2016,11,5
2016,11,5
2016,11,5
2016,11,5
2016,11,5
2016,11,5
2016,11,5
2016,11,5
2016,11,5
2016,11,5
2016,11,5
2016,11,5
2016,11,5
2016,11,5
2016,11,5
2016,11,5
2016,11,5
2016,11,5
2016,11,5
2016,11,5
2016,11,5
2016,11,5
2016,11,5
2016,11,5
2016,11,5
2016,11,5
2016,11,5
2016,11,5
2016,11,5
2016,11,5
2016,11,5
2016,11,5
2016,11,5
2016,11,5
2016,11,5
2016,11,5
2016,11,5
2016,11,5
2016,11,5
2016,11,5
2016,11,5
2016,11,5
2016,11,5
2016,11,5
2016,11,5
2016,11,5
2016,11,5
2016,11,5
2016,11,5
2016,11,5
2016,11,5
2016,11,5
2016,11,5
2016,11,5
2016,11,5
2016,11,5
2016,11,5
2016,11,5
2016,11,5
2016,11,5
2016,11,5
2016,11,5
2016,11,5
2016,11,5
2016,11,5
2016,11,5
2016,11,5
2016,11,5
2016,11,5
2016,11,5
2016,11,5
2016,11,5
2016,11,5
2016,11,5
2016,11,5
2016,11,5
2016,11,5
2016,11,5
2016,11,5
2016,11,5
2016,11,5
2016,11,5
2016,11,5
2016,11,5
2016,11,5
2016,11,5
2016,11,5
2016,11,5
2016,11,5
2016,11,5
2016,11,5
2016,11,5
2016,11,5
2016,11,5
2016,11,5
2016,11,5
2016,11,5
2016,11,5
2016,11,5
2016,11,5
2016,11,5
2016,11,5
2016,11,5
2016,11,5
2016,11,5
2016,11,5
2016,11,5
2016,11,5
2016,11,5
2016,11,5
2016,11,5
2016,11,5
2016,11,5
2016,11,5
2016,11,5
2016,11,5
2016,11,5
2016,11,5
2016,11,5
2016,11,5
2016,11,5
2016,11,5
2016,11,5
2016,11,5
2016,11,5
2016,11,5
2016,11,5
2016,11,5
2016,11,5
2016,11,5
2016,11,5
2016,11,5
2016,11,5
2016,11,5
2016,11,5
2016,11,5
2016,11,5
2016,11,5
2016,11,5
2016,11,5
2016,11,5
2016,11,5
2016,11,5
2016,11,5
2016,11,5
2016,11,5
2016,11,5
2016,11,5
2016,11,5
2016,11,5
2016,11,5
2016,11,5
2016,11,5
2016,11,5
2016,11,5
2016,11,5
2016,11,5
2016,11,5
2016,11,5
2016,11,5
2016,11,5
2016,11,5
2016,11,5
2016,11,5
2016,11,5
2016,11,5
2016,11,5
2016,11,5
2016,11,5
2016,11,5
2016,11,5
2016,11,5
2016,11,5
2016,11,5
2016,11,5
2016,11,5
2016,11,5
2016,11,5
2016,11,5
2016,11,5
2016,11,5
2016,11,5
2016,11,5
2016,11,5
2016,11,5
2016,11,5
2016,11,5
2016,11,5
2016,11,5
2016,11,5
2016,11,5
2016,11,5
2016,11,5
2016,11,5
2016,11,5
2016,11,5
2016,11,5
2016,11,5
2016,11,5
2016,11,5
2016,11,5
2016,11,5
2016,11,5
2016,11,5
2016,11,5
2016,11,5
2016,11,5
2016,11,5
2016,11,5
2016,11,5
2016,11,5
2016,11,5
2016,11,5
2016,11,5
2016,11,5
2016,11,5
2016,11,5
2016,11,5
2016,11,5
2016,11,5
2016,11,5
2016,11,5
2016,11,5
2016,11,5
2016,11,5
2016,11,5
2016,11,5
2016,11,5
2016,11,5
2016,11,5
2016,11,5
2016,11,5
2016,11,5
2016,11,5
2016,11,5
2016,11,5
2016,11,5
2016,11,5
2016,11,5
2016,11,5
2016,11,5
2016,11,5
2016,11,5
2016,11,5
2016,11,5
2016,11,5
2016,11,5
2016,11,5
2016,11,5
2016,11,5
2016,11,5
2016,11,5
2016,11,5
2016,11,5
2016,11,5
2016,11,5
2016,11,5
2016,11,5
2016,11,5
2016,11,5
2016,11,5
2016,11,5
2016,11,5
2016,11,5
2016,11,5
2016,11,5
2016,11,5
2016,11,5
2016,11,5
2016,11,5
2016,11,5
2016,11,5
2016,11,5
2016,11,5
2016,11,5
2016,11,5
2016,11,5
2016,11,5
2016,11,5
2016,11,5
2016,11,5
2016,11,5
2016,11,5
2016,11,5
2016,11,5
2016,11,5
2016,11,5
2016,11,5
2016,11,5
2016,11,5
2016,11,5
2016,11,5
2016,11,5
2016,11,5
2016,11,5
2016,11,5
2016,11,5
2016,11,5
2016,11,5
2016,11,5
2016,11,5
2016,11,5
2016,11,5
2016,11,5
2016,11,5
2016,11,5
2016,11,5
2016,11,5
2016,11,5
2016,11,5
2016,11,5
2016,11,5
2016,11,5
2016,11,5
2016,11,5
2016,11,5
2016,11,5
2016,11,5
2016,11,5
2016,11,5
2016,11,5
2016,11,5
2016,11,5
2016,11,5
2016,11,5
2016,11,5
2016,11,5
2016,11,5
2016,11,5
2016,11,5
2016,11,5
2016,11,5
2016,11,5
2016,11,5
2016,11,5
2016,11,5
2016,11,5
2016,11,5
2016,11,5
2016,11,5
2016,11,5
2016,11,5
2016,11,5
2016,11,5
2016,11,5
2016,11,5
2016,11,5
2016,11,5
2016,11,5
2016,11,5
2016,11,5
2016,11,5
2016,11,5
2016,11,5
2016,11,5
2016,11,5
2016,11,5
2016,11,5
2016,11,5
2016,11,5
2016,11,5
2016,11,5
2016,11,5
2016,11,5
2016,11,5
2016,11,5
2016,11,5
2016,11,5
2016,11,5
2016,11,5
2016,11,5
2016,11,5
2016,11,5
2016,11,5
2016,11,5
2016,11,5
2016,11,5
2016,11,5
2016,11,5
2016,11,5
2016,11,5
2016,11,5
2016,11,5
2016,11,5
2016,11,5
2016,11,5
2016,11,5
2016,11,5
2016,11,5
2016,11,5
2016,11,5
2016,11,5
2016,11,5
2016,11,5
2016,11,5
2016,11,5
2016,11,5
2016,11,5
2016,11,5
2016,11,5
2016,11,5
2016,11,5
2016,11,5
2016,11,5
2016,11,5
2016,11,5
2016,11,5
2016,11,5
2016,11,5
2016,11,5
2016,11,5
2016,11,5
2016,11,5
2016,11,5
2016,11,5
2016,11,5
2016,11,5
2016,11,5
2016,11,5
2016,11,5
2016,11,5
2016,11,5
2016,11,5
2016,11,5
2016,11,5
2016,11,5
2016,11,5
2016,11,5
2016,11,5
2016,11,5
2016,11,5
2016,11,5
2016,11,5
2016,11,5
2016,11,5
2016,11,5
2016,11,5
2016,11,5
2016,11,5
2016,11,5
2016,11,5
2016,11,5
2016,11,5
2016,11,5
2016,11,5
2016,11,5
2016,11,5
2016,11,5
2016,11,5
2016,11,5
2016,11,5
2016,11,5
2016,11,5
2016,11,5
2016,11,5
2016,11,5
2016,11,5
2016,11,5
2016,11,5
2016,11,5
2016,11,5
2016,11,5
2016,11,5
2016,11,5
2016,11,5
2016,11,5
2016,11,5
2016,11,5
2016,11,5
2016,11,5
2016,11,5
2016,11,5
2016,11,5
2016,11,5
2016,11,5
2016,11,5
2016,11,5
2016,11,5
2016,11,5
2016,11,5
2016,11,5
2016,11,5
2016,11,5
2016,11,5
2016,11,5
2016,11,5
2016,11,5
2016,11,5
2016,11,5
2016,11,5
2016,11,5
2016,11,5
2016,11,5
2016,11,5
2016,11,5
2016,11,5
2016,11,5
2016,11,5
2016,11,5
2016,11,5
2016,11,5
2016,11,5
2016,11,5
2016,11,5
2016,11,5
2016,11,5
2016,11,5
2016,11,5
2016,11,5
2016,11,5
2016,11,5
2016,11,5
2016,11,5
2016,11,5
2016,11,5
2016,11,5
2016,11,5
2016,11,5
2016,11,5
2016,11,5
2016,11,5
2016,11,5
2016,11,5
2016,11,5
2016,11,5
2016,11,5
2016,11,5
2016,11,5
2016,11,5
2016,11,5
2016,11,5
2016,11,5
2016,11,5
2016,11,5
2016,11,5
2016,11,5
2016,11,5
2016,11,5
2016,11,5
2016,11,5
2016,11,5
2016,11,5
2016,11,5
2016,11,5
2016,11,5
2016,11,5
2016,11,5
2016,11,5
2016,11,5
2016,11,5
2016,11,5
2016,11,5
2016,11,5
2016,11,5
2016,11,5
2016,11,5
2016,11,5
2016,11,5
2016,11,5
2016,11,5
2016,11,5
2016,11,5
2016,11,5
2016,11,5
2016,11,5
2016,11,5
2016,11,5
2016,11,5
2016,11,5
2016,11,5
2016,11,5
2016,11,5
2016,11,5
2016,11,5
2016,11,5
2016,11,5
2016,11,5
2016,11,5
2016,11,5
2016,11,5
2016,11,5
2016,11,5
2016,11,5
2016,11,5
2016,11,5
2016,11,5
2016,11,5
2016,11,5
2016,11,5
2016,11,5
2016,11,5
2016,11,5
2016,11,5
2016,11,5
2016,11,5
2016,11,5
2016,11,5
2016,11,5
2016,11,5
2016,11,5
2016,11,5
2016,11,5
2016,11,5
2016,11,5
2016,11,5
2016,11,5
2016,11,5
2016,11,5
2016,11,5
2016,11,5
2016,11,5
2016,11,5
2016,11,5
2016,11,5
2016,11,5
2016,11,5
2016,11,5
2016,11,5
2016,11,5
2016,11,5
2016,11,5
2016,11,5
2016,11,5
2016,11,5
2016,11,5
2016,11,5
2016,11,5
2016,11,5
2016,11,5
2016,11,5
2016,11,5
2016,11,5
2016,11,5
2016,11,5
2016,11,5
2016,11,5
2016,11,5
2016,11,5
2016,11,5
2016,11,5
2016,11,5
2016,11,5
2016,11,5
2016,11,5
2016,11,5
2016,11,5
2016,11,5
2016,11,5
2016,11,5
2016,11,5
2016,11,5
2016,11,5
2016,11,5
2016,11,5
2016,11,5
2016,11,5
2016,11,5
2016,11,5
2016,11,5
2016,11,5
2016,11,5
2016,11,5
2016,11,5
2016,11,5
2016,11,5
2016,11,5
2016,11,5
2016,11,5
2016,11,5
2016,11,5
2016,11,5
2016,11,5
2016,11,5
2016,11,5
2016,11,5
2016,11,5
2016,11,5
2016,11,5
2016,11,5
2016,11,5
2016,11,5
2016,11,5
2016,11,5
2016,11,5
2016,11,5
2016,11,5
2016,11,5
2016,11,5
2016,11,5
2016,11,5
2016,11,5
2016,11,5
2016,11,5
2016,11,5
2016,11,5
2016,11,5
2016,11,5
2016,11,5
2016,11,5
2016,11,5
2016,11,5
2016,11,5
2016,11,5
2016,11,5
2016,11,5
2016,11,5
2016,11,5
2016,11,5
2016,11,5
2016,11,5
2016,11,5
2016,11,5
2016,11,5
2016,11,5
2016,11,5
2016,11,5
2016,11,5
2016,11,5
2016,11,5
2016,11,5
2016,11,5
2016,11,5
2016,11,5
2016,11,5
2016,11,5
2016,11,5
2016,11,5
2016,11,5
2016,11,5
2016,11,5
2016,11,5
2016,11,5
2016,11,5
2016,11,5
2016,11,5
2016,11,5
2016,11,5
2016,11,5
2016,11,5
2016,11,5
2016,11,5
2016,11,5
2016,11,5
2016,11,5
2016,11,5
2016,11,5
2016,11,5
2016,11,5
2016,11,5
2016,11,5
2016,11,5
2016,11,5
2016,11,5
2016,11,5
2016,11,5
2016,11,5
2016,11,5
2016,11,5
2016,11,5
2016,11,5
2016,11,5
2016,11,5
2016,11,5
2016,11,5
2016,11,5
2016,11,5
2016,11,5
2016,11,5
2016,11,5
2016,11,5
2016,11,5
2016,11,5
2016,11,5
2016,11,5
2016,11,5
2016,11,5
2016,11,5
2016,11,5
2016,11,5
2016,11,5
2016,11,5
2016,11,5
2016,11,5
2016,11,5
2016,11,5
2016,11,5
2016,11,5
2016,11,5
2016,11,5
2016,11,5
2016,11,5
2016,11,5
2016,11,5
2016,11,5
2016,11,5
2016,11,5
2016,11,5
2016,11,5
2016,11,5
2016,11,5
2016,11,5
2016,11,5
2016,11,5
2016,11,5
2016,11,5
2016,11,5
2016,11,5
2016,11,5
2016,11,5
2016,11,5
2016,11,5
2016,11,5
2016,11,5
2016,11,5
2016,11,5
2016,11,5
2016,11,5
2016,11,5
2016,11,5
2016,11,5
2016,11,5
2016,11,5
2016,11,5
2016,11,5
2016,11,5
2016,11,5
2016,11,5
2016,11,5
2016,11,5
2016,11,5
2016,11,5
2016,11,5
2016,11,5
2016,11,5
2016,11,5
2016,11,5
2016,11,5
2016,11,5
2016,11,5
2016,11,5
2016,11,5
2016,11,5
2016,11,5
2016,11,5
2016,11,5
2016,11,5
2016,11,5
2016,11,5
2016,11,5
2016,11,5
2016,11,5
2016,11,5
2016,11,5
2016,11,5
2016,11,5
2016,11,5
2016,11,5
2016,11,5
2016,11,5
2016,11,5
2016,11,5
2016,11,5
2016,11,5
2016,11,5
2016,11,5
2016,11,5
2016,11,5
2016,11,5
2016,11,5
2016,11,5
2016,11,5
2016,11,5
2016,11,5
2016,11,5
2016,11,5
2016,11,5
2016,11,5
2016,11,5
2016,11,5
2016,11,5
2016,11,5
2016,11,5
2016,11,5
2016,11,5
2016,11,5
2016,11,5
2016,11,5
2016,11,5
2016,11,5
2016,11,5
2016,11,5
2016,11,5
2016,11,5
2016,11,5
2016,11,5
2016,11,5
2016,11,5
2016,11,5
2016,11,5
2016,11,5
2016,11,5
2016,11,5
2016,11,5
2016,11,5
2016,11,5
2016,11,5
2016,11,5
2016,11,5
2016,11,5
2016,11,5
2016,11,5
2016,11,5
2016,11,5
2016,11,5
2016,11,5
2016,11,5
2016,11,5
2016,11,5
2016,11,5
2016,11,5
2016,11,5
2016,11,5
2016,11,5
2016,11,5
2016,11,5
2016,11,5
2016,11,5
2016,11,5
2016,11,5
2016,11,5
2016,11,5
2016,11,5
2016,11,5
2016,11,5
2016,11,5
2016,11,5
2016,11,5
2016,11,5
2016,11,5
2016,11,5
2016,11,5
2016,11,5
2016,11,5
2016,11,5
2016,11,5
2016,11,5
2016,11,5
2016,11,5
2016,11,5
2016,11,5
2016,11,5
2016,11,5
2016,11,5
2016,11,5
2016,11,5
2016,11,5
2016,11,5
2016,11,5
2016,11,5
2016,11,5
2016,11,5
2016,11,5
2016,11,5
2016,11,5
2016,11,5
2016,11,5
2016,11,5
2016,11,5
2016,11,5
2016,11,5
2016,11,5
2016,11,5
2016,11,5
2016,11,5
2016,11,5
2016,11,5
2016,11,5
2016,11,5
2016,11,5
2016,11,5
2016,11,5
2016,11,5
2016,11,5
2016,11,5
2016,11,5
2016,11,5
2016,11,5
2016,11,5
2016,11,5
2016,11,5
2016,11,5
2016,11,5
2016,11,5
2016,11,5
2016,11,5
2016,11,5
2016,11,5
2016,11,5
2016,11,5
2016,11,5
2016,11,5
2016,11,5
2016,11,5
2016,11,5
2016,11,5
2016,11,5
2016,11,5
2016,11,5
2016,11,5
2016,11,5
2016,11,5
2016,11,5
2016,11,5
2016,11,5
2016,11,5
2016,11,5
2016,11,5
2016,11,5
2016,11,5
2016,11,5
2016,11,5
2016,11,5
2016,11,5
2016,11,5
2016,11,5
2016,11,5
2016,11,5
2016,11,5
2016,11,5
2016,11,5
2016,11,5
2016,11,5
2016,11,5
2016,11,5
2016,11,5
2016,11,5
2016,11,5
2016,11,5
2016,11,5
2016,11,5
2016,11,5
2016,11,5
2016,11,5
2016,11,5
2016,11,5
2016,11,5
2016,11,5
2016,11,5
2016,11,5
2016,11,5
2016,11,5
2016,11,5
2016,11,5
2016,11,5
2016,11,5
2016,11,5
2016,11,5
2016,11,5
2016,11,5
2016,11,5
2016,11,5
2016,11,5
2016,11,5
2016,11,5
2016,11,5
2016,11,5
2016,11,5
2016,11,5
2016,11,5
2016,11,5
2016,11,5
2016,11,5
2016,11,5
2016,11,5
2016,11,5
2016,11,5
2016,11,5
2016,11,5
2016,11,5
2016,11,5
2016,11,5
2016,11,5
2016,11,5
2016,11,5
2016,11,5
2016,11,5
2016,11,5
2016,11,5
2016,11,5
2016,11,5
2016,11,5
2016,11,5
2016,11,5
2016,11,5
2016,11,5
2016,11,5
2016,11,5
2016,11,5
2016,11,5
2016,11,5
2016,11,5
2016,11,5
2016,11,5
2016,11,5
2016,11,5
2016,11,5
2016,11,5
2016,11,5
2016,11,5
2016,11,5
2016,11,5
2016,11,5
2016,11,5
2016,11,5
2016,11,5
2016,11,5
2016,11,5
2016,11,5
2016,11,5
2016,11,5
2016,11,5
2016,11,5
2016,11,5
2016,11,5
2016,11,5
2016,11,5
2016,11,5
2016,11,5
2016,11,5
2016,11,5
2016,11,5
2016,11,5
2016,11,5
2016,11,5
2016,11,5
2016,11,5
2016,11,5
2016,11,5
2016,11,5
2016,11,5
2016,11,5
2016,11,5
2016,11,5
2016,11,5
2016,11,5
2016,11,5
2016,11,5
2016,11,5
2016,11,5
2016,11,5
2016,11,5
2016,11,5
2016,11,5
2016,11,5
2016,11,5
2016,11,5
2016,11,5
2016,11,5
2016,11,5
2016,11,5
2016,11,5
2016,11,5
2016,11,5
2016,11,5
2016,11,5
2016,11,5
2016,11,5
2016,11,5
2016,11,5
2016,11,5
2016,11,5
2016,11,5
2016,11,5
2016,11,5
2016,11,5
2016,11,5
2016,11,5
2016,11,5
2016,11,5
2016,11,5
2016,11,5
2016,11,5
2016,11,5
2016,11,5
2016,11,5
2016,11,5
2016,11,5
2016,11,5
2016,11,5
2016,11,5
2016,11,5
2016,11,5
2016,11,5
2016,11,5
2016,11,5
2016,11,5
2016,11,5
2016,11,5
2016,11,5
2016,11,5
2016,11,5
2016,11,5
2016,11,5
2016,11,5
2016,11,5
2016,11,5
2016,11,5
2016,11,5
2016,11,5
2016,11,5
2016,11,5
2016,11,5
2016,11,5
2016,11,5
2016,11,5
2016,11,5
2016,11,5
2016,11,5
2016,11,5
2016,11,5
2016,11,5
2016,11,5
2016,11,5
2016,11,5
2016,11,5
2016,11,5
2016,11,5
2016,11,5
2016,11,5
2016,11,5
2016,11,5
2016,11,5
2016,11,5
2016,11,5
2016,11,5
2016,11,5
2016,11,5
2016,11,5
2016,11,5
2016,11,5
2016,11,5
2016,11,5
2016,11,5
2016,11,5
2016,11,5
2016,11,5
2016,11,5
2016,11,5
2016,11,5
2016,11,5
2016,11,5
2016,11,5
2016,11,5
2016,11,5
2016,11,5
2016,11,5
2016,11,5
2016,11,5
2016,11,5
2016,11,5
2016,11,5
2016,11,5
2016,11,5
2016,11,5
2016,11,5
2016,11,5
2016,11,5
2016,11,5
2016,11,5
2016,11,5
2016,11,5
2016,11,5
2016,11,5
2016,11,5
2016,11,5
2016,11,5
2016,11,5
2016,11,5
2016,11,5
2016,11,5
2016,11,5
2016,11,5
2016,11,5
2016,11,5
2016,11,5
2016,11,5
2016,11,5
2016,11,5
2016,11,5
2016,11,5
2016,11,5
2016,11,5
2016,11,5
2016,11,5
2016,11,5
2016,11,5
2016,11,5
2016,11,5
2016,11,5
2016,11,5
2016,11,5
2016,11,5
2016,11,5
2016,11,5
2016,11,5
2016,11,5
2016,11,5
2016,11,5
2016,11,5
2016,11,5
2016,11,5
2016,11,5
2016,11,5
2016,11,5
2016,11,5
2016,11,5
2016,11,5
2016,11,5
2016,11,5
2016,11,5
2016,11,5
2016,11,5
2016,11,5
2016,11,5
2016,11,5
2016,11,5
2016,11,5
2016,11,5
2016,11,5
2016,11,5
2016,11,5
2016,11,5
2016,11,5
2016,11,5
2016,11,5
2016,11,5
2016,11,5
2016,11,5
2016,11,5
2016,11,5
2016,11,5
2016,11,5
2016,11,5
2016,11,5
2016,11,5
2016,11,5
2016,11,5
2016,11,5
2016,11,5
2016,11,5
2016,11,5
2016,11,5
2016,11,5
2016,11,5
2016,11,5
2016,11,5
2016,11,5
2016,11,5
2016,11,5
2016,11,5
2016,11,5
2016,11,5
2016,11,5
2016,11,5
2016,11,5
2016,11,5
2016,11,5
2016,11,5
2016,11,5
2016,11,5
2016,11,5
2016,11,5
2016,11,5
2016,11,5
2016,11,5
2016,11,5
2016,11,5
2016,11,5
2016,11,5
2016,11,5
2016,11,5
2016,11,5
2016,11,5
2016,11,5
2016,11,5
2016,11,5
2016,11,5
2016,11,5
2016,11,5
2016,11,5
2016,11,5
2016,11,5
2016,11,5
2016,11,5
2016,11,5
2016,11,5
2016,11,5
2016,11,5
2016,11,5
2016,11,5
2016,11,5
2016,11,5
2016,11,5
2016,11,5
2016,11,5
2016,11,5
2016,11,5
2016,11,5
2016,11,5
2016,11,5
2016,11,5
2016,11,5
2016,11,5
2016,11,5
2016,11,5
2016,11,5
2016,11,5
2016,11,5
2016,11,5
2016,11,5
2016,11,5
2016,11,5
2016,11,5
2016,11,5
2016,11,5
2016,11,5
2016,11,5
2016,11,5
2016,11,5
2016,11,5
2016,11,5
2016,11,5
2016,11,5
2016,11,5
2016,11,5
2016,11,5
2016,11,5
2016,11,5
2016,11,5
2016,11,5
2016,11,5
2016,11,5
2016,11,5
2016,11,5
2016,11,5
2016,11,5
2016,11,5
2016,11,5
2016,11,5
2016,11,5
2016,11,5
2016,11,5
2016,11,5
2016,11,5
2016,11,5
2016,11,5
2016,11,5
2016,11,5
2016,11,5
2016,11,5
2016,11,5
2016,11,5
2016,11,5
2016,11,5
2016,11,5
2016,11,5
2016,11,5
2016,11,5
2016,11,5
2016,11,5
2016,11,5
2016,11,5
2016,11,5
2016,11,5
2016,11,5
2016,11,5
2016,11,5
2016,11,5
2016,11,5
2016,11,5
2016,11,5
2016,11,5
2016,11,5
2016,11,5
2016,11,5
2016,11,5
2016,11,5
2016,11,5
2016,11,5
2016,11,5
2016,11,5
2016,11,5
2016,11,5
2016,11,5
2016,11,5
2016,11,5
2016,11,5
2016,11,5
2016,11,5
2016,11,5
2016,11,5
2016,11,5
2016,11,5
2016,11,5
2016,11,5
2016,11,5
2016,11,5
2016,11,5
2016,11,5
2016,11,5
2016,11,5
2016,11,5
2016,11,5
2016,11,5
2016,11,5
2016,11,5
2016,11,5
2016,11,5
2016,11,5
2016,11,5
2016,11,5
2016,11,5
2016,11,5
2016,11,5
2016,11,5
2016,11,5
2016,11,5
2016,11,5
2016,11,5
2016,11,5
2016,11,5
2016,11,5
2016,11,5
2016,11,5
2016,11,5
2016,11,5
2016,11,5
2016,11,5
2016,11,5
2016,11,5
2016,11,5
2016,11,5
2016,11,5
2016,11,5
2016,11,5
2016,11,5
2016,11,5
2016,11,5
2016,11,5
2016,11,5
2016,11,5
2016,11,5
2016,11,5
2016,11,5
2016,11,5
2016,11,5
2016,11,5
2016,11,5
2016,11,5
2016,11,5
2016,11,5
2016,11,5
2016,11,5
2016,11,5
2016,11,5
2016,11,5
2016,11,5
2016,11,5
2016,11,5
2016,11,5
2016,11,5
2016,11,5
2016,11,5
2016,11,5
2016,11,5
2016,11,5
2016,11,5
2016,11,5
2016,11,5
2016,11,5
2016,11,5
2016,11,5
2016,11,5
2016,11,5
2016,11,5
2016,11,5
2016,11,5
2016,11,5
2016,11,5
2016,11,5
2016,11,5
2016,11,5
2016,11,5
2016,11,5
2016,11,5
2016,11,5
2016,11,5
2016,11,5
2016,11,5
2016,11,5
2016,11,5
2016,11,5
2016,11,5
2016,11,5
2016,11,5
2016,11,5
2016,11,5
2016,11,5
2016,11,5
2016,11,5
2016,11,5
2016,11,5
2016,11,5
2016,11,5
2016,11,5
2016,11,5
2016,11,5
2016,11,5
2016,11,5
2016,11,5
2016,11,5
2016,11,5
2016,11,5
2016,11,5
2016,11,5
2016,11,5
2016,11,5
2016,11,5
2016,11,5
2016,11,5
2016,11,5
2016,11,5
2016,11,5
2016,11,5
2016,11,5
2016,11,5
2016,11,5
2016,11,5
2016,11,5
2016,11,5
2016,11,5
2016,11,5
2016,11,5
2016,11,5
2016,11,5
2016,11,5
2016,11,5
2016,11,5
2016,11,5
2016,11,5
2016,11,5
2016,11,5
2016,11,5
2016,11,5
2016,11,5
2016,11,5
2016,11,5
2016,11,5
2016,11,5
2016,11,5
2016,11,5
2016,11,5
2016,11,5
2016,11,5
2016,11,5
2016,11,5
2016,11,5
2016,11,5
2016,11,5
2016,11,5
2016,11,5
2016,11,5
2016,11,5
2016,11,5
2016,11,5
2016,11,5
2016,11,5
2016,11,5
2016,11,5
2016,11,5
2016,11,5
2016,11,5
2016,11,5
2016,11,5
2016,11,5
2016,11,5
2016,11,5
2016,11,5
2016,11,5
2016,11,5
2016,11,5
2016,11,5
2016,11,5
2016,11,5
2016,11,5
2016,11,5
2016,11,5
2016,11,5
2016,11,5
2016,11,5
2016,11,5
2016,11,5
2016,11,5
2016,11,5
2016,11,5
2016,11,5
2016,11,5
2016,11,5
2016,11,5
2016,11,5
2016,11,5
2016,11,5
2016,11,5
2016,11,5
2016,11,5
2016,11,5
2016,11,5
2016,11,5
2016,11,5
2016,11,5
2016,11,5
2016,11,5
2016,11,5
2016,11,5
2016,11,5
2016,11,5
2016,11,5
2016,11,5
2016,11,5
2016,11,5
2016,11,5
2016,11,5
2016,11,5
2016,11,5
2016,11,5
2016,11,5
2016,11,5
2016,11,5
2016,11,5
2016,11,5
2016,11,5
2016,11,5
2016,11,5
2016,11,5
2016,11,5
2016,11,5
2016,11,5
2016,11,5
2016,11,5
2016,11,5
2016,11,5
2016,11,5
2016,11,5
2016,11,5
2016,11,5
2016,11,5
2016,11,5
2016,11,5
2016,11,5
2016,11,5
2016,11,5
2016,11,5
2016,11,5
2016,11,5
2016,11,5
2016,11,5
2016,11,5
2016,11,5
2016,11,5
2016,11,5
2016,11,5
2016,11,5
2016,11,5
2016,11,5
2016,11,5
2016,11,5
2016,11,5
2016,11,5
2016,11,5
2016,11,5
2016,11,5
2016,11,5
2016,11,5
2016,11,5
2016,11,5
2016,11,5
2016,11,5
2016,11,5
2016,11,5
2016,11,5
2016,11,5
2016,11,5
2016,11,5
2016,11,5
2016,11,5
2016,11,5
2016,11,5
2016,11,5
2016,11,5
2016,11,5
2016,11,5
2016,11,5
2016,11,5
2016,11,5
2016,11,5
2016,11,5
2016,11,5
2016,11,5
2016,11,5
2016,11,5
2016,11,5
2016,11,5
2016,11,5
2016,11,5
2016,11,5
2016,11,5
2016,11,5
2016,11,5
2016,11,5
2016,11,5
2016,11,5
2016,11,5
2016,11,5
2016,11,5
2016,11,5
2016,11,5
2016,11,5
2016,11,5
2016,11,5
2016,11,5
2016,11,5
2016,11,5
2016,11,5
2016,11,5
2016,11,5
2016,11,5
2016,11,5
2016,11,5
2016,11,5
2016,11,5
2016,11,5
2016,11,5
2016,11,5
2016,11,5
2016,11,5
2016,11,5
2016,11,5
2016,11,5
2016,11,5
2016,11,5
2016,11,5
2016,11,5
2016,11,5
2016,11,5
2016,11,5
2016,11,5
2016,11,5
2016,11,5
2016,11,5
2016,11,5
2016,11,5
2016,11,5
2016,11,5
2016,11,5
2016,11,5
2016,11,5
2016,11,5
2016,11,5
2016,11,5
2016,11,5
2016,11,5
2016,11,5
2016,11,5
2016,11,5
2016,11,5
2016,11,5
2016,11,5
2016,11,5
2016,11,5
2016,11,5
2016,11,5
2016,11,5
2016,11,5
2016,11,5
2016,11,5
2016,11,5
2016,11,5
2016,11,5
2016,11,5
2016,11,5
2016,11,5
2016,11,5
2016,11,5
2016,11,5
2016,11,5
2016,11,5
2016,11,5
2016,11,5
2016,11,5
2016,11,5
2016,11,5
2016,11,5
2016,11,5
2016,11,5
2016,11,5
2016,11,5
2016,11,5
2016,11,5
2016,11,5
2016,11,5
2016,11,5
2016,11,5
2016,11,5
2016,11,5
2016,11,5
2016,11,5
2016,11,5
2016,11,5
2016,11,5
2016,11,5
2016,11,5
2016,11,5
2016,11,5
2016,11,5
2016,11,5
2016,11,5
2016,11,5
2016,11,5
2016,11,5
2016,11,5
2016,11,5
2016,11,5
2016,11,5
2016,11,5
2016,11,5
2016,11,5
2016,11,5
2016,11,5
2016,11,5
2016,11,5
2016,11,5
2016,11,5
2016,11,5
2016,11,5
2016,11,5
2016,11,5
2016,11,5
2016,11,5
2016,11,5
2016,11,5
2016,11,5
2016,11,5
2016,11,5
2016,11,5
2016,11,5
2016,11,5
2016,11,5
2016,11,5
2016,11,5
2016,11,5
2016,11,5
2016,11,5
2016,11,5
2016,11,5
2016,11,5
2016,11,5
2016,11,5
2016,11,5
2016,11,5
2016,11,5
2016,11,5
2016,11,5
2016,11,5
2016,11,5
2016,11,5
2016,11,5
2016,11,5
2016,11,5
2016,11,5
2016,11,5
2016,11,5
2016,11,5
2016,11,5
2016,11,5
2016,11,5
2016,11,5
2016,11,5
2016,11,5
2016,11,5
2016,11,5
2016,11,5
2016,11,5
2016,11,5
2016,11,5
2016,11,5
2016,11,5
2016,11,5
2016,11,5
2016,11,5
2016,11,5
2016,11,5
2016,11,5
2016,11,5
2016,11,5
2016,11,5
2016,11,5
2016,11,5
2016,11,5
2016,11,5
2016,11,5
2016,11,5
2016,11,5
2016,11,5
2016,11,5
2016,11,5
2016,11,5
2016,11,5
2016,11,5
2016,11,5
2016,11,5
2016,11,5
2016,11,5
2016,11,5
2016,11,5
2016,11,5
2016,11,5
2016,11,5
2016,11,5
2016,11,5
2016,11,5
2016,11,5
2016,11,5
2016,11,5
2016,11,5
2016,11,5
2016,11,5
2016,11,5
2016,11,5
2016,11,5
2016,11,5
2016,11,5
2016,11,5
2016,11,5
2016,11,5
2016,11,5
2016,11,5
2016,11,5
2016,11,5
2016,11,5
2016,11,5
2016,11,5
2016,11,5
2016,11,5
2016,11,5
2016,11,5
2016,11,5
2016,11,5
2016,11,5
2016,11,5
2016,11,5
2016,11,5
2016,11,5
2016,11,5
2016,11,5
2016,11,5
2016,11,5
2016,11,5
2016,11,5
2016,11,5
2016,11,5
2016,11,5
2016,11,5
2016,11,5
2016,11,5
2016,11,5
2016,11,5
2016,11,5
2016,11,5
2016,11,5
2016,11,5
2016,11,5
2016,11,5
2016,11,5
2016,11,5
2016,11,5
2016,11,5
2016,11,5
2016,11,5
2016,11,5
2016,11,5
2016,11,5
2016,11,5
2016,11,5
2016,11,5
2016,11,5
2016,11,5
2016,11,5
2016,11,5
2016,11,5
2016,11,5
2016,11,5
2016,11,5
2016,11,5
2016,11,5
2016,11,5
2016,11,5
2016,11,5
2016,11,5
2016,11,5
2016,11,5
2016,11,5
2016,11,5
2016,11,5
2016,11,5
2016,11,5
2016,11,5
2016,11,5
2016,11,5
2016,11,5
2016,11,5
2016,11,5
2016,11,5
2016,11,5
2016,11,5
2016,11,5
2016,11,5
2016,11,5
2016,11,5
2016,11,5
2016,11,5
2016,11,5
2016,11,5
2016,11,5
2016,11,5
2016,11,5
2016,11,5
2016,11,5
2016,11,5
2016,11,5
2016,11,5
2016,11,5
2016,11,5
2016,11,5
2016,11,5
2016,11,5
2016,11,5
2016,11,5
2016,11,5
2016,11,5
2016,11,5
2016,11,5
2016,11,5
2016,11,5
2016,11,5
2016,11,5
2016,11,5
2016,11,5
2016,11,5
2016,11,5
2016,11,5
2016,11,5
2016,11,5
2016,11,5
2016,11,5
2016,11,5
2016,11,5
2016,11,5
2016,11,5
2016,11,5
2016,11,5
2016,11,5
2016,11,5
2016,11,5
2016,11,5
2016,11,5
2016,11,5
2016,11,5
2016,11,5
2016,11,5
2016,11,5
2016,11,5
2016,11,5
2016,11,5
2016,11,5
2016,11,5
2016,11,5
2016,11,5
2016,11,5
2016,11,5
2016,11,5
2016,11,5
2016,11,5
2016,11,5
2016,11,5
2016,11,5
2016,11,5
2016,11,5
2016,11,5
2016,11,5
2016,11,5
2016,11,5
2016,11,5
2016,11,5
2016,11,5
2016,11,5
2016,11,5
2016,11,5
2016,11,5
2016,11,5
2016,11,5
2016,11,5
2016,11,5
2016,11,5
2016,11,5
2016,11,5
2016,11,5
2016,11,5
2016,11,5
2016,11,5
2016,11,5
2016,11,5
2016,11,5
2016,11,5
2016,11,5
2016,11,5
2016,11,5
2016,11,5
2016,11,5
2016,11,5
2016,11,5
2016,11,5
2016,11,5
2016,11,5
2016,11,5
2016,11,5
2016,11,5
2016,11,5
2016,11,5
2016,11,5
2016,11,5
2016,11,5
2016,11,5
2016,11,5
2016,11,5
2016,11,5
2016,11,5
2016,11,5
2016,11,5
2016,11,5
2016,11,5
2016,11,5
2016,11,5
2016,11,5
2016,11,5
2016,11,5
2016,11,5
2016,11,5
2016,11,5
2016,11,5
2016,11,5
2016,11,5
2016,11,5
2016,11,5
2016,11,5
2016,11,5
2016,11,5
2016,11,5
2016,11,5
2016,11,5
2016,11,5
2016,11,5
2016,11,5
2016,11,5
2016,11,5
2016,11,5
2016,11,5
2016,11,5
2016,11,5
2016,11,5
2016,11,5
2016,11,5
2016,11,5
2016,11,5
2016,11,5
2016,11,5
2016,11,5
2016,11,5
2016,11,5
2016,11,5
2016,11,5
2016,11,5
2016,11,5
2016,11,5
2016,11,5
2016,11,5
2016,11,5
2016,11,5
2016,11,5
2016,11,5
2016,11,5
2016,11,5
2016,11,5
2016,11,5
2016,11,5
2016,11,5
2016,11,5
2016,11,5
2016,11,5
2016,11,5
2016,11,5
2016,11,5
2016,11,5
2016,11,5
2016,11,5
2016,11,5
2016,11,5
2016,11,5
2016,11,5
2016,11,5
2016,11,5
2016,11,5
2016,11,5
2016,11,5
2016,11,5
2016,11,5
2016,11,5
2016,11,5
2016,11,5
2016,11,5
2016,11,5
2016,11,5
2016,11,5
2016,11,5
2016,11,5
2016,11,5
2016,11,5
2016,11,5
2016,11,5
2016,11,5
2016,11,5
2016,11,5
2016,11,5
2016,11,5
2016,11,5
2016,11,5
2016,11,5
2016,11,5
2016,11,5
2016,11,5
2016,11,5
2016,11,5
2016,11,5
2016,11,5
2016,11,5
2016,11,5
2016,11,5
2016,11,5
2016,11,5
2016,11,5
2016,11,5
2016,11,5
2016,11,5
2016,11,5
2016,11,5
2016,11,5
2016,11,5
2016,11,5
2016,11,5
2016,11,5
2016,11,5
2016,11,5
2016,11,5
2016,11,5
2016,11,5
2016,11,5
2016,11,5
2016,11,5
2016,11,5
2016,11,5
2016,11,5
2016,11,5
2016,11,5
2016,11,5
2016,11,5
2016,11,5
2016,11,5
2016,11,5
2016,11,5
2016,11,5
2016,11,5
2016,11,5
2016,11,5
2016,11,5
2016,11,5
2016,11,5
2016,11,5
2016,11,5
2016,11,5
2016,11,5
2016,11,5
2016,11,5
2016,11,5
2016,11,5
2016,11,5
2016,11,5
2016,11,5
2016,11,5
2016,11,5
2016,11,5
2016,11,5
2016,11,5
2016,11,5
2016,11,5
2016,11,5
2016,11,5
2016,11,5
2016,11,5
2016,11,5
2016,11,5
2016,11,5
2016,11,5
2016,11,5
2016,11,5
2016,11,5
2016,11,5
2016,11,5
2016,11,5
2016,11,5
2016,11,5
2016,11,5
2016,11,5
2016,11,5
2016,11,5
2016,11,5
2016,11,5
2016,11,5
2016,11,5
2016,11,5
2016,11,5
2016,11,5
2016,11,5
2016,11,5
2016,11,5
2016,11,5
2016,11,5
2016,11,5
2016,11,5
2016,11,5
2016,11,5
2016,11,5
2016,11,5
2016,11,5
2016,11,5
2016,11,5
2016,11,5
2016,11,5
2016,11,5
2016,11,5
2016,11,5
2016,11,5
2016,11,5
2016,11,5
2016,11,5
2016,11,5
2016,11,5
2016,11,5
2016,11,5
2016,11,5
2016,11,5
2016,11,5
2016,11,5
2016,11,5
2016,11,5
2016,11,5
2016,11,5
2016,11,5
2016,11,5
2016,11,5
2016,11,5
2016,11,5
2016,11,5
2016,11,5
2016,11,5
2016,11,5
2016,11,5
2016,11,5
2016,11,5
2016,11,5
2016,11,5
2016,11,5
2016,11,5
2016,11,5
2016,11,5
2016,11,5
2016,11,5
2016,11,5
2016,11,5
2016,11,5
2016,11,5
2016,11,5
2016,11,5
2016,11,5
2016,11,5
2016,11,5
2016,11,5
2016,11,5
2016,11,5
2016,11,5
2016,11,5
2016,11,5
2016,11,5
2016,11,5
2016,11,5
2016,11,5
2016,11,5
2016,11,5
2016,11,5
2016,11,5
2016,11,5
2016,11,5
2016,11,5
2016,11,5
2016,11,5
2016,11,5
2016,11,5
2016,11,5
2016,11,5
2016,11,5
2016,11,5
2016,11,5
2016,11,5
2016,11,5
2016,11,5
2016,11,5
2016,11,5
2016,11,5
2016,11,5
2016,11,5
2016,11,5
2016,11,5
2016,11,5
2016,11,5
2016,11,5
2016,11,5
2016,11,5
2016,11,5
2016,11,5
2016,11,5
2016,11,5
2016,11,5
2016,11,5
2016,11,5
2016,11,5
2016,11,5
2016,11,5
2016,11,5
2016,11,5
2016,11,5
2016,11,5
2016,11,5
2016,11,5
2016,11,5
2016,11,5
2016,11,5
2016,11,5
2016,11,5
2016,11,5
2016,11,5
2016,11,5
2016,11,5
2016,11,5
2016,11,5
2016,11,5
2016,11,5
2016,11,5
2016,11,5
2016,11,5
2016,11,5
2016,11,5
2016,11,5
2016,11,5
2016,11,5
2016,11,5
2016,11,5
2016,11,5
2016,11,5
2016,11,5
2016,11,5
2016,11,5
2016,11,5
2016,11,5
2016,11,5
2016,11,5
2016,11,5
2016,11,5
2016,11,5
2016,11,5
2016,11,5
2016,11,5
2016,11,5
2016,11,5
2016,11,5
2016,11,5
2016,11,5
2016,11,5
2016,11,5
2016,11,5
2016,11,5
2016,11,5
2016,11,5
2016,11,5
2016,11,5
2016,11,5
2016,11,5
2016,11,5
2016,11,5
2016,11,5
2016,11,5
2016,11,5
2016,11,5
2016,11,5
2016,11,5
2016,11,5
2016,11,5
2016,11,5
2016,11,5
2016,11,5
2016,11,5
2016,11,5
2016,11,5
2016,11,5
2016,11,5
2016,11,5
2016,11,5
2016,11,5
2016,11,5
2016,11,5
2016,11,5
2016,11,5
2016,11,5
2016,11,5
2016,11,5
2016,11,5
2016,11,5
2016,11,5
2016,11,5
2016,11,5
2016,11,5
2016,11,5
2016,11,5
2016,11,5
2016,11,5
2016,11,5
2016,11,5
2016,11,5
2016,11,5
2016,11,5
2016,11,5
2016,11,5
2016,11,5
2016,11,5
2016,11,5
2016,11,5
2016,11,5
2016,11,5
2016,11,5
2016,11,5
2016,11,5
2016,11,5
2016,11,5
2016,11,5
2016,11,5
2016,11,5
2016,11,5
2016,11,5
2016,11,5
2016,11,5
2016,11,5
2016,11,5
2016,11,5
2016,11,5
2016,11,5
2016,11,5
2016,11,5
2016,11,5
2016,11,5
2016,11,5
2016,11,5
2016,11,5
2016,11,5
2016,11,5
2016,11,5
2016,11,5
2016,11,5
2016,11,5
2016,11,5
2016,11,5
2016,11,5
2016,11,5
2016,11,5
2016,11,5
2016,11,5
2016,11,5
2016,11,5
2016,11,5
2016,11,5
2016,11,5
2016,11,5
2016,11,5
2016,11,5
2016,11,5
2016,11,5
2016,11,5
2016,11,5
2016,11,5
2016,11,5
2016,11,5
2016,11,5
2016,11,5
2016,11,5
2016,11,5
2016,11,5
2016,11,5
2016,11,5
2016,11,5
2016,11,5
2016,11,5
2016,11,5
2016,11,5
2016,11,5
2016,11,5
2016,11,5
2016,11,5
2016,11,5
2016,11,5
2016,11,5
2016,11,5
2016,11,5
2016,11,5
2016,11,5
2016,11,5
2016,11,5
2016,11,5
2016,11,5
2016,11,5
2016,11,5
2016,11,5
2016,11,5
2016,11,5
2016,11,5
2016,11,5
2016,11,5
2016,11,5
2016,11,5
2016,11,5
2016,11,5
2016,11,5
2016,11,5
2016,11,5
2016,11,5
2016,11,5
2016,11,5
2016,11,5
2016,11,5
2016,11,5
2016,11,5
2016,11,5
2016,11,5
2016,11,5
2016,11,5
2016,11,5
2016,11,5
2016,11,5
2016,11,5
2016,11,5
2016,11,5
2016,11,5
2016,11,5
2016,11,5
2016,11,5
2016,11,5
2016,11,5
2016,11,5
2016,11,5
2016,11,5
2016,11,5
2016,11,5
2016,11,5
2016,11,5
2016,11,5
2016,11,5
2016,11,5
2016,11,5
2016,11,5
2016,11,5
2016,11,5
2016,11,5
2016,11,5
2016,11,5
2016,11,5
2016,11,5
2016,11,5
2016,11,5
2016,11,5
2016,11,5
2016,11,5
2016,11,5
2016,11,5
2016,11,5
2016,11,5
2016,11,5
2016,11,5
2016,11,5
2016,11,5
2016,11,5
2016,11,5
2016,11,5
2016,11,5
2016,11,5
2016,11,5
2016,11,5
2016,11,5
2016,11,5
2016,11,5
2016,11,5
2016,11,5
2016,11,5
2016,11,5
2016,11,5
2016,11,5
2016,11,5
2016,11,5
2016,11,5
2016,11,5
2016,11,5
2016,11,5
2016,11,5
2016,11,5
2016,11,5
2016,11,5
2016,11,5
2016,11,5
2016,11,5
2016,11,5
2016,11,5
2016,11,5
2016,11,5
2016,11,5
2016,11,5
2016,11,5
2016,11,5
2016,11,5
2016,11,5
2016,11,5
2016,11,5
2016,11,5
2016,11,5
2016,11,5
2016,11,5
2016,11,5
2016,11,5
2016,11,5
2016,11,5
2016,11,5
2016,11,5
2016,11,5
2016,11,5
2016,11,5
2016,11,5
2016,11,5
2016,11,5
2016,11,5
2016,11,5
2016,11,5
2016,11,5
2016,11,5
2016,11,5
2016,11,5
2016,11,5
2016,11,5
2016,11,5
2016,11,5
2016,11,5
2016,11,5
2016,11,5
2016,11,5
2016,11,5
2016,11,5
2016,11,5
2016,11,5
2016,11,5
2016,11,5
2016,11,5
2016,11,5
2016,11,5
2016,11,5
2016,11,5
2016,11,5
2016,11,5
2016,11,5
2016,11,5
2016,11,5
2016,11,5
2016,11,5
2016,11,5
2016,11,5
2016,11,5
2016,11,5
2016,11,5
2016,11,5
2016,11,5
2016,11,5
2016,11,5
2016,11,5
2016,11,5
2016,11,5
2016,11,5
2016,11,5
2016,11,5
2016,11,5
2016,11,5
2016,11,5
2016,11,5
2016,11,5
2016,11,5
2016,11,5
2016,11,5
2016,11,5
2016,11,5
2016,11,5
2016,11,5
2016,11,5
2016,11,5
2016,11,5
2016,11,5
2016,11,5
2016,11,5
2016,11,5
2016,11,5
2016,11,5
2016,11,5
2016,11,5
2016,11,5
2016,11,5
2016,11,5
2016,11,5
2016,11,5
2016,11,5
2016,11,5
2016,11,5
2016,11,5
2016,11,5
2016,11,5
2016,11,5
2016,11,5
2016,11,5
2016,11,5
2016,11,5
2016,11,5
2016,11,5
2016,11,5
2016,11,5
2016,11,5
2016,11,5
2016,11,5
2016,11,5
2016,11,5
2016,11,5
2016,11,5
2016,11,5
2016,11,5
2016,11,5
2016,11,5
2016,11,5
2016,11,5
2016,11,5
2016,11,5
2016,11,5
2016,11,5
2016,11,5
2016,11,5
2016,11,5
2016,11,5
2016,11,5
2016,11,5
2016,11,5
2016,11,5
2016,11,5
2016,11,5
2016,11,5
2016,11,5
2016,11,5
2016,11,5
2016,11,5
2016,11,5
2016,11,5
2016,11,5
2016,11,5
2016,11,5
2016,11,5
2016,11,5
2016,11,5
2016,11,5
2016,11,5
2016,11,5
2016,11,5
2016,11,5
2016,11,5
2016,11,5
2016,11,5
2016,11,5
2016,11,5
2016,11,5
2016,11,5
2016,11,5
2016,11,5
2016,11,5
2016,11,5
2016,11,5
2016,11,5
2016,11,5
2016,11,5
2016,11,5
2016,11,5
2016,11,5
2016,11,5
2016,11,5
2016,11,5
2016,11,5
2016,11,5
2016,11,5
2016,11,5
2016,11,5
2016,11,5
2016,11,5
2016,11,5
2016,11,5
2016,11,5
2016,11,5
2016,11,5
2016,11,5
2016,11,5
2016,11,5
2016,11,5
2016,11,5
2016,11,5
2016,11,5
2016,11,5
2016,11,5
2016,11,5
2016,11,5
2016,11,5
2016,11,5
2016,11,5
2016,11,5
2016,11,5
2016,11,5
2016,11,5
2016,11,5
2016,11,5
2016,11,5
2016,11,5
2016,11,5
2016,11,5
2016,11,5
2016,11,5
2016,11,5
2016,11,5
2016,11,5
2016,11,5
2016,11,5
2016,11,5
2016,11,5
2016,11,5
2016,11,5
2016,11,5
2016,11,5
2016,11,5
2016,11,5
2016,11,5
2016,11,5
2016,11,5
2016,11,5
2016,11,5
2016,11,5
2016,11,5
2016,11,5
2016,11,5
2016,11,5
2016,11,5
2016,11,5
2016,11,5
2016,11,5
2016,11,5
2016,11,5
2016,11,5
2016,11,5
2016,11,5
2016,11,5
2016,11,5
2016,11,5
2016,11,5
2016,11,5
2016,11,5
2016,11,5
2016,11,5
2016,11,5
2016,11,5
2016,11,5
2016,11,5
2016,11,5
2016,11,5
2016,11,5
2016,11,5
2016,11,5
2016,11,5
2016,11,5
2016,11,5
2016,11,5
2016,11,5
2016,11,5
2016,11,5
2016,11,5
2016,11,5
2016,11,5
2016,11,5
2016,11,5
2016,11,5
2016,11,5
2016,11,5
2016,11,5
2016,11,5
2016,11,5
2016,11,5
2016,11,5
2016,11,5
2016,11,5
2016,11,5
2016,11,5
2016,11,5
2016,11,5
2016,11,5
2016,11,5
2016,11,5
2016,11,5
2016,11,5
2016,11,5
2016,11,5
2016,11,5
2016,11,5
2016,11,5
2016,11,5
2016,11,5
2016,11,5
2016,11,5
2016,11,5
2016,11,5
2016,11,5
2016,11,5
2016,11,5
2016,11,5
2016,11,5
2016,11,5
2016,11,5
2016,11,5
2016,11,5
2016,11,5
2016,11,5
2016,11,5
2016,11,5
2016,11,5
2016,11,5
2016,11,5
2016,11,5
2016,11,5
2016,11,5
2016,11,5
2016,11,5
2016,11,5
2016,11,5
2016,11,5
2016,11,5
2016,11,5
2016,11,5
2016,11,5
2016,11,5
2016,11,5
2016,11,5
2016,11,5
2016,11,5
2016,11,5
2016,11,5
2016,11,5
2016,11,5
2016,11,5
2016,11,5
2016,11,5
2016,11,5
2016,11,5
2016,11,5
2016,11,5
2016,11,5
2016,11,5
2016,11,5
2016,11,5
2016,11,5
2016,11,5
2016,11,5
2016,11,5
2016,11,5
2016,11,5
2016,11,5
2016,11,5
2016,11,5
2016,11,5
2016,11,5
2016,11,5
2016,11,5
2016,11,5
2016,11,5
2016,11,5
2016,11,5
2016,11,5
2016,11,5
2016,11,5
2016,11,5
2016,11,5
2016,11,5
2016,11,5
2016,11,5
2016,11,5
2016,11,5
2016,11,5
2016,11,5
2016,11,5
2016,11,5
2016,11,5
2016,11,5
2016,11,5
2016,11,5
2016,11,5
2016,11,5
2016,11,5
2016,11,5
2016,11,5
2016,11,5
2016,11,5
2016,11,5
2016,11,5
2016,11,5
2016,11,5
2016,11,5
2016,11,5
2016,11,5
2016,11,5
2016,11,5
2016,11,5
2016,11,5
2016,11,5
2016,11,5
2016,11,5
2016,11,5
2016,11,5
2016,11,5
2016,11,5
2016,11,5
2016,11,5
2016,11,5
2016,11,5
2016,11,5
2016,11,5
2016,11,5
2016,11,5
2016,11,5
2016,11,5
2016,11,5
2016,11,5
2016,11,5
2016,11,5
2016,11,5
2016,11,5
2016,11,5
2016,11,5
2016,11,5
2016,11,5
2016,11,5
2016,11,5
2016,11,5
2016,11,5
2016,11,5
2016,11,5
2016,11,5
2016,11,5
2016,11,5
2016,11,5
2016,11,5
2016,11,5
2016,11,5
2016,11,5
2016,11,5
2016,11,5
2016,11,5
2016,11,5
2016,11,5
2016,11,5
2016,11,5
2016,11,5
2016,11,5
2016,11,5
2016,11,5
2016,11,5
2016,11,5
2016,11,5
2016,11,5
2016,11,5
2016,11,5
2016,11,5
2016,11,5
2016,11,5
2016,11,5
2016,11,5
2016,11,5
2016,11,5
2016,11,5
2016,11,5
2016,11,5
2016,11,5
2016,11,5
2016,11,5
2016,11,5
2016,11,5
2016,11,5
2016,11,5
2016,11,5
2016,11,5
2016,11,5
2016,11,5
2016,11,5
2016,11,5
2016,11,5
2016,11,5
2016,11,5
2016,11,5
2016,11,5
2016,11,5
2016,11,5
2016,11,5
2016,11,5
2016,11,5
2016,11,5
2016,11,5
2016,11,5
2016,11,5
2016,11,5
2016,11,5
2016,11,5
2016,11,5
2016,11,5
2016,11,5
2016,11,5
2016,11,5
2016,11,5
2016,11,5
2016,11,5
2016,11,5
2016,11,5
2016,11,5
2016,11,5
2016,11,5
2016,11,5
2016,11,5
2016,11,5
2016,11,5
2016,11,5
2016,11,5
2016,11,5
2016,11,5
2016,11,5
2016,11,5
2016,11,5
2016,11,5
2016,11,5
2016,11,5
2016,11,5
2016,11,5
2016,11,5
2016,11,5
2016,11,5
2016,11,5
2016,11,5
2016,11,5
2016,11,5
2016,11,5
2016,11,5
2016,11,5
2016,11,5
2016,11,5
2016,11,5
2016,11,5
2016,11,5
2016,11,5
2016,11,5
2016,11,5
2016,11,5
2016,11,5
2016,11,5
2016,11,5
2016,11,5
2016,11,5
2016,11,5
2016,11,5
2016,11,5
2016,11,5
2016,11,5
2016,11,5
2016,11,5
2016,11,5
2016,11,5
2016,11,5
2016,11,5
2016,11,5
2016,11,5
2016,11,5
2016,11,5
2016,11,5
2016,11,5
2016,11,5
2016,11,5
2016,11,5
2016,11,5
2016,11,5
2016,11,5
2016,11,5
2016,11,5
2016,11,5
2016,11,5
2016,11,5
2016,11,5
2016,11,5
2016,11,5
2016,11,5
2016,11,5
2016,11,5
2016,11,5
2016,11,5
2016,11,5
2016,11,5
2016,11,5
2016,11,5
2016,11,5
2016,11,5
2016,11,5
2016,11,5
2016,11,5
2016,11,5
2016,11,5
2016,11,5
2016,11,5
2016,11,5
2016,11,5
2016,11,5
2016,11,5
2016,11,5
2016,11,5
2016,11,5
2016,11,5
2016,11,5
2016,11,5
2016,11,5
2016,11,5
2016,11,5
2016,11,5
2016,11,5
2016,11,5
2016,11,5
2016,11,5
2016,11,5
2016,11,5
2016,11,5
2016,11,5
2016,11,5
2016,11,5
2016,11,5
2016,11,5
2016,11,5
2016,11,5
2016,11,5
2016,11,5
2016,11,5
2016,11,5
2016,11,5
2016,11,5
2016,11,5
2016,11,5
2016,11,5
2016,11,5
2016,11,5
2016,11,5
2016,11,5
2016,11,5
2016,11,5
2016,11,5
2016,11,5
2016,11,5
2016,11,5
2016,11,5
2016,11,5
2016,11,5
2016,11,5
2016,11,5
2016,11,5
2016,11,5
2016,11,5
2016,11,5
2016,11,5
2016,11,5
2016,11,5
2016,11,5
2016,11,5
2016,11,5
2016,11,5
2016,11,5
2016,11,5
2016,11,5
2016,11,5
2016,11,5
2016,11,5
2016,11,5
2016,11,5
2016,11,5
2016,11,5
2016,11,5
2016,11,5
2016,11,5
2016,11,5
2016,11,5
2016,11,5
2016,11,5
2016,11,5
2016,11,5
2016,11,5
2016,11,5
2016,11,5
2016,11,5
2016,11,5
2016,11,5
2016,11,5
2016,11,5
2016,11,5
2016,11,5
2016,11,5
2016,11,5
2016,11,5
2016,11,5
2016,11,5
2016,11,5
2016,11,5
2016,11,5
2016,11,5
2016,11,5
2016,11,5
2016,11,5
2016,11,5
2016,11,5
2016,11,5
2016,11,5
2016,11,5
2016,11,5
2016,11,5
2016,11,5
2016,11,5
2016,11,5
2016,11,5
2016,11,5
2016,11,5
2016,11,5
2016,11,5
2016,11,5
2016,11,5
2016,11,5
2016,11,5
2016,11,5
2016,11,5
2016,11,5
2016,11,5
2016,11,5
2016,11,5
2016,11,5
2016,11,5
2016,11,5
2016,11,5
2016,11,5
2016,11,5
2016,11,5
2016,11,5
2016,11,5
2016,11,5
2016,11,5
2016,11,5
2016,11,5
2016,11,5
2016,11,5
2016,11,5
2016,11,5
2016,11,5
2016,11,5
2016,11,5
2016,11,5
2016,11,5
2016,11,5
2016,11,5
2016,11,5
2016,11,5
2016,11,5
2016,11,5
2016,11,5
2016,11,5
2016,11,5
2016,11,5
2016,11,5
2016,11,5
2016,11,5
2016,11,5
2016,11,5
2016,11,5
2016,11,5
2016,11,5
2016,11,5
2016,11,5
2016,11,5
2016,11,5
2016,11,5
2016,11,5
2016,11,5
2016,11,5
2016,11,5
2016,11,5
2016,11,5
2016,11,5
2016,11,5
2016,11,5
2016,11,5
2016,11,5
2016,11,5
2016,11,5
2016,11,5
2016,11,5
2016,11,5
2016,11,5
2016,11,5
2016,11,5
2016,11,5
2016,11,5
2016,11,5
2016,11,5
2016,11,5
2016,11,5
2016,11,5
2016,11,5
2016,11,5
2016,11,5
2016,11,5
2016,11,5
2016,11,5
2016,11,5
2016,11,5
2016,11,5
2016,11,5
2016,11,5
2016,11,5
2016,11,5
2016,11,5
2016,11,5
2016,11,5
2016,11,5
2016,11,5
2016,11,5
2016,11,5
2016,11,5
2016,11,5
2016,11,5
2016,11,5
2016,11,5
2016,11,5
2016,11,5
2016,11,5
2016,11,5
2016,11,5
2016,11,5
2016,11,5
2016,11,5
2016,11,5
2016,11,5
2016,11,5
2016,11,5
2016,11,5
2016,11,5
2016,11,5
2016,11,5
2016,11,5
2016,11,5
2016,11,5
2016,11,5
2016,11,5
2016,11,5
2016,11,5
2016,11,5
2016,11,5
2016,11,5
2016,11,5
2016,11,5
2016,11,5
2016,11,5
2016,11,5
2016,11,5
2016,11,5
2016,11,5
2016,11,5
2016,11,5
2016,11,5
2016,11,5
2016,11,5
2016,11,5
2016,11,5
2016,11,5
2016,11,5
2016,11,5
2016,11,5
2016,11,5
2016,11,5
2016,11,5
2016,11,5
2016,11,5
2016,11,5
2016,11,5
2016,11,5
2016,11,5
2016,11,5
2016,11,5
2016,11,5
2016,11,5
2016,11,5
2016,11,5
2016,11,5
2016,11,5
2016,11,5
2016,11,5
2016,11,5
2016,11,5
2016,11,5
2016,11,5
2016,11,5
2016,11,5
2016,11,5
2016,11,5
2016,11,5
2016,11,5
2016,11,5
2016,11,5
2016,11,5
2016,11,5
2016,11,5
2016,11,5
2016,11,5
2016,11,5
2016,11,5
2016,11,5
2016,11,5
2016,11,5
2016,11,5
2016,11,5
2016,11,5
2016,11,5
2016,11,5
2016,11,5
2016,11,5
2016,11,5
2016,11,5
2016,11,5
2016,11,5
2016,11,5
2016,11,5
2016,11,5
2016,11,5
2016,11,5
2016,11,5
2016,11,5
2016,11,5
2016,11,5
2016,11,5
2016,11,5
2016,11,5
2016,11,5
2016,11,5
2016,11,5
2016,11,5
2016,11,5
2016,11,5
2016,11,5
2016,11,5
2016,11,5
2016,11,5
2016,11,5
2016,11,5
2016,11,5
2016,11,5
2016,11,5
2016,11,5
2016,11,5
2016,11,5
2016,11,5
2016,11,5
2016,11,5
2016,11,5
2016,11,5
2016,11,5
2016,11,5
2016,11,5
2016,11,5
2016,11,5
2016,11,5
2016,11,5
2016,11,5
2016,11,5
2016,11,5
2016,11,5
2016,11,5
2016,11,5
2016,11,5
2016,11,5
2016,11,5
2016,11,5
2016,11,5
2016,11,5
2016,11,5
2016,11,5
2016,11,5
2016,11,5
2016,11,5
2016,11,5
2016,11,5
2016,11,5
2016,11,5
2016,11,5
2016,11,5
2016,11,5
2016,11,5
2016,11,5
2016,11,5
2016,11,5
2016,11,5
2016,11,5
2016,11,5
2016,11,5
2016,11,5
2016,11,5
2016,11,5
2016,11,5
2016,11,5
2016,11,5
2016,11,5
2016,11,5
2016,11,5
2016,11,5
2016,11,5
2016,11,5
2016,11,5
2016,11,5
2016,11,5
2016,11,5
2016,11,5
2016,11,5
2016,11,5
2016,11,5
2016,11,5
2016,11,5
2016,11,5
2016,11,5
2016,11,5
2016,11,5
2016,11,5
2016,11,5
2016,11,5
2016,11,5
2016,11,5
2016,11,5
2016,11,5
2016,11,5
2016,11,5
2016,11,5
2016,11,5
2016,11,5
2016,11,5
2016,11,5
2016,11,5
2016,11,5
2016,11,5
2016,11,5
2016,11,5
2016,11,5
2016,11,5
2016,11,5
2016,11,5
2016,11,5
2016,11,5
2016,11,5
2016,11,5
2016,11,5
2016,11,5
2016,11,5
2016,11,5
2016,11,5
2016,11,5
2016,11,5
2016,11,5
2016,11,5
2016,11,5
2016,11,5
2016,11,5
2016,11,5
2016,11,5
2016,11,5
2016,11,5
2016,11,5
2016,11,5
2016,11,5
2016,11,5
2016,11,5
2016,11,5
2016,11,5
2016,11,5
2016,11,5
2016,11,5
2016,11,5
2016,11,5
2016,11,5
2016,11,5
2016,11,5
2016,11,5
2016,11,5
2016,11,5
2016,11,5
2016,11,5
2016,11,5
2016,11,5
2016,11,5
2016,11,5
2016,11,5
2016,11,5
2016,11,5
2016,11,5
2016,11,5
2016,11,5
2016,11,5
2016,11,5
2016,11,5
2016,11,5
2016,11,5
2016,11,5
2016,11,5
2016,11,5
2016,11,5
2016,11,5
2016,11,5
2016,11,5
2016,11,5
2016,11,5
2016,11,5
2016,11,5
2016,11,5
2016,11,5
2016,11,5
2016,11,5
2016,11,5
2016,11,5
2016,11,5
2016,11,5
2016,11,5
2016,11,5
2016,11,5
2016,11,5
2016,11,5
2016,11,5
2016,11,5
2016,11,5
2016,11,5
2016,11,5
2016,11,5
2016,11,5
2016,11,5
2016,11,5
2016,11,5
2016,11,5
2016,11,5
2016,11,5
2016,11,5
2016,11,5
2016,11,5
2016,11,5
2016,11,5
2016,11,5
2016,11,5
2016,11,5
2016,11,5
2016,11,5
2016,11,5
2016,11,5
2016,11,5
2016,11,5
2016,11,5
2016,11,5
2016,11,5
2016,11,5
2016,11,5
2016,11,5
2016,11,5
2016,11,5
2016,11,5
2016,11,5
2016,11,5
2016,11,5
2016,11,5
2016,11,5
2016,11,5
2016,11,5
2016,11,5
2016,11,5
2016,11,5
2016,11,5
2016,11,5
2016,11,5
2016,11,5
2016,11,5
2016,11,5
2016,11,5
2016,11,5
2016,11,5
2016,11,5
2016,11,5
2016,11,5
2016,11,5
2016,11,5
2016,11,5
2016,11,5
2016,11,5
2016,11,5
2016,11,5
2016,11,5
2016,11,5
2016,11,5
2016,11,5
2016,11,5
2016,11,5
2016,11,5
2016,11,5
2016,11,5
2016,11,5
2016,11,5
2016,11,5
2016,11,5
2016,11,5
2016,11,5
2016,11,5
2016,11,5
2016,11,5
2016,11,5
2016,11,5
2016,11,5
2016,11,5
2016,11,5
2016,11,5
2016,11,5
2016,11,5
2016,11,5
2016,11,5
2016,11,5
2016,11,5
2016,11,5
2016,11,5
2016,11,5
2016,11,5
2016,11,5
2016,11,5
2016,11,5
2016,11,5
2016,11,5
2016,11,5
2016,11,5
2016,11,5
2016,11,5
2016,11,5
2016,11,5
2016,11,5
2016,11,5
2016,11,5
2016,11,5
2016,11,5
2016,11,5
2016,11,5
2016,11,5
2016,11,5
2016,11,5
2016,11,5
2016,11,5
2016,11,5
2016,11,5
2016,11,5
2016,11,5
2016,11,5
2016,11,5
2016,11,5
2016,11,5
2016,11,5
2016,11,5
2016,11,5
2016,11,5
2016,11,5
2016,11,5
2016,11,5
2016,11,5
2016,11,5
2016,11,5
2016,11,5
2016,11,5
2016,11,5
2016,11,5
2016,11,5
2016,11,5
2016,11,5
2016,11,5
2016,11,5
2016,11,5
2016,11,5
2016,11,5
2016,11,5
2016,11,5
2016,11,5
2016,11,5
2016,11,5
2016,11,5
2016,11,5
2016,11,5
2016,11,5
2016,11,5
2016,11,5
2016,11,5
2016,11,5
2016,11,5
2016,11,5
2016,11,5
2016,11,5
2016,11,5
2016,11,5
2016,11,5
2016,11,5
2016,11,5
2016,11,5
2016,11,5
2016,11,5
2016,11,5
2016,11,5
2016,11,5
2016,11,5
2016,11,5
2016,11,5
2016,11,5
2016,11,5
2016,11,5
2016,11,5
2016,11,5
2016,11,5
2016,11,5
2016,11,5
2016,11,5
2016,11,5
2016,11,5
2016,11,5
2016,11,5
2016,11,5
2016,11,5
2016,11,5
2016,11,5
2016,11,5
2016,11,5
2016,11,5
2016,11,5
2016,11,5
2016,11,5
2016,11,5
2016,11,5
2016,11,5
2016,11,5
2016,11,5
2016,11,5
2016,11,5
2016,11,5
2016,11,5
2016,11,5
2016,11,5
2016,11,5
2016,11,5
2016,11,5
2016,11,5
2016,11,5
2016,11,5
2016,11,5
2016,11,5
2016,11,5
2016,11,5
2016,11,5
2016,11,5
2016,11,5
2016,11,5
2016,11,5
2016,11,5
2016,11,5
2016,11,5
2016,11,5
2016,11,5
2016,11,5
2016,11,5
2016,11,5
2016,11,5
2016,11,5
2016,11,5
2016,11,5
2016,11,5
2016,11,5
2016,11,5
2016,11,5
2016,11,5
2016,11,5
2016,11,5
2016,11,5
2016,11,5
2016,11,5
2016,11,5
2016,11,5
2016,11,5
2016,11,5
2016,11,5
2016,11,5
2016,11,5
2016,11,5
2016,11,5
2016,11,5
2016,11,5
2016,11,5
2016,11,5
2016,11,5
2016,11,5
2016,11,5
2016,11,5
2016,11,5
2016,11,5
2016,11,5
2016,11,5
2016,11,5
2016,11,5
2016,11,5
2016,11,5
2016,11,5
2016,11,5
2016,11,5
2016,11,5
2016,11,5
2016,11,5
2016,11,5
2016,11,5
2016,11,5
2016,11,5
2016,11,5
2016,11,5
2016,11,5
2016,11,5
2016,11,5
2016,11,5
2016,11,5
2016,11,5
2016,11,5
2016,11,5
2016,11,5
2016,11,5
2016,11,5
2016,11,5
2016,11,5
2016,11,5
2016,11,5
2016,11,5
2016,11,5
2016,11,5
2016,11,5
2016,11,5
2016,11,5
2016,11,5
2016,11,5
2016,11,5
2016,11,5
2016,11,5
2016,11,5
2016,11,5
2016,11,5
2016,11,5
2016,11,5
2016,11,5
2016,11,5
2016,11,5
2016,11,5
2016,11,5
2016,11,5
2016,11,5
2016,11,5
2016,11,5
2016,11,5
2016,11,5
2016,11,5
2016,11,5
2016,11,5
2016,11,5
2016,11,5
2016,11,5
2016,11,5
2016,11,5
2016,11,5
2016,11,5
2016,11,5
2016,11,5
2016,11,5
2016,11,5
2016,11,5
2016,11,5
2016,11,5
2016,11,5
2016,11,5
2016,11,5
2016,11,5
2016,11,5
2016,11,5
2016,11,5
2016,11,5
2016,11,5
2016,11,5
2016,11,5
2016,11,5
2016,11,5
2016,11,5
2016,11,5
2016,11,5
2016,11,5
2016,11,5
2016,11,5
2016,11,5
2016,11,5
2016,11,5
2016,11,5
2016,11,5
2016,11,5
2016,11,5
2016,11,5
2016,11,5
2016,11,5
2016,11,5
2016,11,5
2016,11,5
2016,11,5
2016,11,5
2016,11,5
2016,11,5
2016,11,5
2016,11,5
2016,11,5
2016,11,5
2016,11,5
2016,11,5
2016,11,5
2016,11,5
2016,11,5
2016,11,5
2016,11,5
2016,11,5
2016,11,5
2016,11,5
2016,11,5
2016,11,5
2016,11,5
2016,11,5
2016,11,5
2016,11,5
2016,11,5
2016,11,5
2016,11,5
2016,11,5
2016,11,5
2016,11,5
2016,11,5
2016,11,5
2016,11,5
2016,11,5
2016,11,5
2016,11,5
2016,11,5
2016,11,5
2016,11,5
2016,11,5
2016,11,5
2016,11,5
2016,11,5
2016,11,5
2016,11,5
2016,11,5
2016,11,5
2016,11,5
2016,11,5
2016,11,5
2016,11,5
2016,11,5
2016,11,5
2016,11,5
2016,11,5
2016,11,5
2016,11,5
2016,11,5
2016,11,5
2016,11,5
2016,11,5
2016,11,5
2016,11,5
2016,11,5
2016,11,5
2016,11,5
2016,11,5
2016,11,5
2016,11,5
2016,11,5
2016,11,5
2016,11,5
2016,11,5
2016,11,5
2016,11,5
2016,11,5
2016,11,5
2016,11,5
2016,11,5
2016,11,5
2016,11,5
2016,11,5
2016,11,5
2016,11,5
2016,11,5
2016,11,5
2016,11,5
2016,11,5
2016,11,5
2016,11,5
2016,11,5
2016,11,5
2016,11,5
2016,11,5
2016,11,5
2016,11,5
2016,11,5
2016,11,5
2016,11,5
2016,11,5
2016,11,5
2016,11,5
2016,11,5
2016,11,5
2016,11,5
2016,11,5
2016,11,5
2016,11,5
2016,11,5
2016,11,5
2016,11,5
2016,11,5
2016,11,5
2016,11,5
2016,11,5
2016,11,5
2016,11,5
2016,11,5
2016,11,5
2016,11,5
2016,11,5
2016,11,5
2016,11,5
2016,11,5
2016,11,5
2016,11,5
2016,11,5
2016,11,5
2016,11,5
2016,11,5
2016,11,5
2016,11,5
2016,11,5
2016,11,5
2016,11,5
2016,11,5
2016,11,5
2016,11,5
2016,11,5
2016,11,5
2016,11,5
2016,11,5
2016,11,5
2016,11,5
2016,11,5
2016,11,5
2016,11,5
2016,11,5
2016,11,5
2016,11,5
2016,11,5
2016,11,5
2016,11,5
2016,11,5
2016,11,5
2016,11,5
2016,11,5
2016,11,5
2016,11,5
2016,11,5
2016,11,5
2016,11,5
2016,11,5
2016,11,5
2016,11,5
2016,11,5
2016,11,5
2016,11,5
2016,11,5
2016,11,5
2016,11,5
2016,11,5
2016,11,5
2016,11,5
2016,11,5
2016,11,5
2016,11,5
2016,11,5
2016,11,5
2016,11,5
2016,11,5
2016,11,5
2016,11,5
2016,11,5
2016,11,5
2016,11,5
2016,11,5
2016,11,5
2016,11,5
2016,11,5
2016,11,5
2016,11,5
2016,11,5
2016,11,5
2016,11,5
2016,11,5
2016,11,5
2016,11,5
2016,11,5
2016,11,5
2016,11,5
2016,11,5
2016,11,5
2016,11,5
2016,11,5
2016,11,5
2016,11,5
2016,11,5
2016,11,5
2016,11,5
2016,11,5
2016,11,5
2016,11,5
2016,11,5
2016,11,5
2016,11,5
2016,11,5
2016,11,5
2016,11,5
2016,11,5
2016,11,5
2016,11,5
2016,11,5
2016,11,5
2016,11,5
2016,11,5
2016,11,5
2016,11,5
2016,11,5
2016,11,5
2016,11,5
2016,11,5
2016,11,5
2016,11,5
2016,11,5
2016,11,5
2016,11,5
2016,11,5
2016,11,5
2016,11,5
2016,11,5
2016,11,5
2016,11,5
2016,11,5
2016,11,5
2016,11,5
2016,11,5
2016,11,5
2016,11,5
2016,11,5
2016,11,5
2016,11,5
2016,11,5
2016,11,5
2016,11,5
2016,11,5
2016,11,5
2016,11,5
2016,11,5
2016,11,5
2016,11,5
2016,11,5
2016,11,5
2016,11,5
2016,11,5
2016,11,5
2016,11,5
2016,11,5
2016,11,5
2016,11,5
2016,11,5
2016,11,5
2016,11,5
2016,11,5
2016,11,5
2016,11,5
2016,11,5
2016,11,5
2016,11,5
2016,11,5
2016,11,5
2016,11,5
2016,11,5
2016,11,5
2016,11,5
2016,11,5
2016,11,5
2016,11,5
2016,11,5
2016,11,5
2016,11,5
2016,11,5
2016,11,5
2016,11,5
2016,11,5
2016,11,5
2016,11,5
2016,11,5
2016,11,5
2016,11,5
2016,11,5
2016,11,5
2016,11,5
2016,11,5
2016,11,5
2016,11,5
2016,11,5
2016,11,5
2016,11,5
2016,11,5
2016,11,5
2016,11,5
2016,11,5
2016,11,5
2016,11,5
2016,11,5
2016,11,5
2016,11,5
2016,11,5
2016,11,5
2016,11,5
2016,11,5
2016,11,5
2016,11,5
2016,11,5
2016,11,5
2016,11,5
2016,11,5
2016,11,5
2016,11,5
2016,11,5
2016,11,5
2016,11,5
2016,11,5
2016,11,5
2016,11,5
2016,11,5
2016,11,5
2016,11,5
2016,11,5
2016,11,5
2016,11,5
2016,11,5
2016,11,5
2016,11,5
2016,11,5
2016,11,5
2016,11,5
2016,11,5
2016,11,5
2016,11,5
2016,11,5
2016,11,5
2016,11,5
2016,11,5
2016,11,5
2016,11,5
2016,11,5
2016,11,5
2016,11,5
2016,11,5
2016,11,5
2016,11,5
2016,11,5
2016,11,5
2016,11,5
2016,11,5
2016,11,5
2016,11,5
2016,11,5
2016,11,5
2016,11,5
2016,11,5
2016,11,5
2016,11,5
2016,11,5
2016,11,5
2016,11,5
2016,11,5
2016,11,5
2016,11,5
2016,11,5
2016,11,5
2016,11,5
2016,11,5
2016,11,5
2016,11,5
2016,11,5
2016,11,5
2016,11,5
2016,11,5
2016,11,5
2016,11,5
2016,11,5
2016,11,5
2016,11,5
2016,11,5
2016,11,5
2016,11,5
2016,11,5
2016,11,5
2016,11,5
2016,11,5
2016,11,5
2016,11,5
2016,11,5
2016,11,5
2016,11,5
2016,11,5
2016,11,5
2016,11,5
2016,11,5
2016,11,5
2016,11,5
2016,11,5
2016,11,5
2016,11,5
2016,11,5
2016,11,5
2016,11,5
2016,11,5
2016,11,5
2016,11,5
2016,11,5
2016,11,5
2016,11,5
2016,11,5
2016,11,5
2016,11,5
2016,11,5
2016,11,5
2016,11,5
2016,11,5
2016,11,5
2016,11,5
2016,11,5
2016,11,5
2016,11,5
2016,11,5
2016,11,5
2016,11,5
2016,11,5
2016,11,5
2016,11,5
2016,11,5
2016,11,5
2016,11,5
2016,11,5
2016,11,5
2016,11,5
2016,11,5
2016,11,5
2016,11,5
2016,11,5
2016,11,5
2016,11,5
2016,11,5
2016,11,5
2016,11,5
2016,11,5
2016,11,5
2016,11,5
2016,11,5
2016,11,5
2016,11,5
2016,11,5
2016,11,5
2016,11,5
2016,11,5
2016,11,5
2016,11,5
2016,11,5
2016,11,5
2016,11,5
2016,11,5
2016,11,5
2016,11,5
2016,11,5
2016,11,5
2016,11,5
2016,11,5
2016,11,5
2016,11,5
2016,11,5
2016,11,5
2016,11,5
2016,11,5
2016,11,5
2016,11,5
2016,11,5
2016,11,5
2016,11,5
2016,11,5
2016,11,5
2016,11,5
2016,11,5
2016,11,5
2016,11,5
2016,11,5
2016,11,5
2016,11,5
2016,11,5
2016,11,5
2016,11,5
2016,11,5
2016,11,5
2016,11,5
2016,11,5
2016,11,5
2016,11,5
2016,11,5
2016,11,5
2016,11,5
2016,11,5
2016,11,5
2016,11,5
2016,11,5
2016,11,5
2016,11,5
2016,11,5
2016,11,5
2016,11,5
2016,11,5
2016,11,5
2016,11,5
2016,11,5
2016,11,5
2016,11,5
2016,11,5
2016,11,5
2016,11,5
2016,11,5
2016,11,5
2016,11,5
2016,11,5
2016,11,5
2016,11,5
2016,11,5
2016,11,5
2016,11,5
2016,11,5
2016,11,5
2016,11,5
2016,11,5
2016,11,5
2016,11,5
2016,11,5
2016,11,5
2016,11,5
2016,11,5
2016,11,5
2016,11,5
2016,11,5
2016,11,5
2016,11,5
2016,11,5
2016,11,5
2016,11,5
2016,11,5
2016,11,5
2016,11,5
2016,11,5
2016,11,5
2016,11,5
2016,11,5
2016,11,5
2016,11,5
2016,11,5
2016,11,5
2016,11,5
2016,11,5
2016,11,5
2016,11,5
2016,11,5
2016,11,5
2016,11,5
2016,11,5
2016,11,5
2016,11,5
2016,11,5
2016,11,5
2016,11,5
2016,11,5
2016,11,5
2016,11,5
2016,11,5
2016,11,5
2016,11,5
2016,11,5
2016,11,5
2016,11,5
2016,11,5
2016,11,5
2016,11,5
2016,11,5
2016,11,5
2016,11,5
2016,11,5
2016,11,5
2016,11,5
2016,11,5
2016,11,5
2016,11,5
2016,11,5
2016,11,5
2016,11,5
2016,11,5
2016,11,5
2016,11,5
2016,11,5
2016,11,5
2016,11,5
2016,11,5
2016,11,5
2016,11,5
2016,11,5
2016,11,5
2016,11,5
2016,11,5
2016,11,5
2016,11,5
2016,11,5
2016,11,5
2016,11,5
2016,11,5
2016,11,5
2016,11,5
2016,11,5
2016,11,5
2016,11,5
2016,11,5
2016,11,5
2016,11,5
2016,11,5
2016,11,5
2016,11,5
2016,11,5
2016,11,5
2016,11,5
2016,11,5
2016,11,5
2016,11,5
2016,11,5
2016,11,5
2016,11,5
2016,11,5
2016,11,5
2016,11,5
2016,11,5
2016,11,5
2016,11,5
2016,11,5
2016,11,5
2016,11,5
2016,11,5
2016,11,5
2016,11,5
2016,11,5
2016,11,5
2016,11,5
2016,11,5
2016,11,5
2016,11,5
2016,11,5
2016,11,5
2016,11,5
2016,11,5
2016,11,5
2016,11,5
2016,11,5
2016,11,5
2016,11,5
2016,11,5
2016,11,5
2016,11,5
2016,11,5
2016,11,5
2016,11,5
2016,11,5
2016,11,5
2016,11,5
2016,11,5
2016,11,5
2016,11,5
2016,11,5
2016,11,5
2016,11,5
2016,11,5
2016,11,5
2016,11,5
2016,11,5
2016,11,5
2016,11,5
2016,11,5
2016,11,5
2016,11,5
2016,11,5
2016,11,5
2016,11,5
2016,11,5
2016,11,5
2016,11,5
2016,11,5
2016,11,5
2016,11,5
2016,11,5
2016,11,5
2016,11,5
2016,11,5
2016,11,5
2016,11,5
2016,11,5
2016,11,5
2016,11,5
2016,11,5
2016,11,5
2016,11,5
2016,11,5
2016,11,5
2016,11,5
2016,11,5
2016,11,5
2016,11,5
2016,11,5
2016,11,5
2016,11,5
2016,11,5
2016,11,5
2016,11,5
2016,11,5
2016,11,5
2016,11,5
2016,11,5
2016,11,5
2016,11,5
2016,11,5
2016,11,5
2016,11,5
2016,11,5
2016,11,5
2016,11,5
2016,11,5
2016,11,5
2016,11,5
2016,11,5
2016,11,5
2016,11,5
2016,11,5
2016,11,5
2016,11,5
2016,11,5
2016,11,5
2016,11,5
2016,11,5
2016,11,5
2016,11,5
2016,11,5
2016,11,5
2016,11,5
2016,11,5
2016,11,5
2016,11,5
2016,11,5
2016,11,5
2016,11,5
2016,11,5
2016,11,5
2016,11,5
2016,11,5
2016,11,5
2016,11,5
2016,11,5
2016,11,5
2016,11,5
2016,11,5
2016,11,5
2016,11,5
2016,11,5
2016,11,5
2016,11,5
2016,11,5
2016,11,5
2016,11,5
2016,11,5
2016,11,5
2016,11,5
2016,11,5
2016,11,5
2016,11,5
2016,11,5
2016,11,5
2016,11,5
2016,11,5
2016,11,5
2016,11,5
2016,11,5
2016,11,5
2016,11,5
2016,11,5
2016,11,5
2016,11,5
2016,11,5
2016,11,5
2016,11,5
2016,11,5
2016,11,5
2016,11,5
2016,11,5
2016,11,5
2016,11,5
2016,11,5
2016,11,5
2016,11,5
2016,11,5
2016,11,5
2016,11,5
2016,11,5
2016,11,5
2016,11,5
2016,11,5
2016,11,5
2016,11,5
2016,11,5
2016,11,5
2016,11,5
2016,11,5
2016,11,5
2016,11,5
2016,11,5
2016,11,5
2016,11,5
2016,11,5
2016,11,5
2016,11,5
2016,11,5
2016,11,5
2016,11,5
2016,11,5
2016,11,5
2016,11,5
2016,11,5
2016,11,5
2016,11,5
2016,11,5
2016,11,5
2016,11,5
2016,11,5
2016,11,5
2016,11,5
2016,11,5
2016,11,5
2016,11,5
2016,11,5
2016,11,5
2016,11,5
2016,11,5
2016,11,5
2016,11,5
2016,11,5
2016,11,5
2016,11,5
2016,11,5
2016,11,5
2016,11,5
2016,11,5
2016,11,5
2016,11,5
2016,11,5
2016,11,5
2016,11,5
2016,11,5
2016,11,5
2016,11,5
2016,11,5
2016,11,5
2016,11,5
2016,11,5
2016,11,5
2016,11,5
2016,11,5
2016,11,5
2016,11,5
2016,11,5
2016,11,5
2016,11,5
2016,11,5
2016,11,5
2016,11,5
2016,11,5
2016,11,5
2016,11,5
2016,11,5
2016,11,5
2016,11,5
2016,11,5
2016,11,5
2016,11,5
2016,11,5
2016,11,5
2016,11,5
2016,11,5
2016,11,5
2016,11,5
2016,11,5
2016,11,5
2016,11,5
2016,11,5
2016,11,5
2016,11,5
2016,11,5
2016,11,5
2016,11,5
2016,11,5
2016,11,5
2016,11,5
2016,11,5
2016,11,5
2016,11,5
2016,11,5
2016,11,5
2016,11,5
2016,11,5
2016,11,5
2016,11,5
2016,11,5
2016,11,5
2016,11,5
2016,11,5
2016,11,5
2016,11,5
2016,11,5
2016,11,5
2016,11,5
2016,11,5
2016,11,5
2016,11,5
2016,11,5
2016,11,5
2016,11,5
2016,11,5
2016,11,5
2016,11,5
2016,11,5
2016,11,5
2016,11,5
2016,11,5
2016,11,5
2016,11,5
2016,11,5
2016,11,5
2016,11,5
2016,11,5
2016,11,5
2016,11,5
2016,11,5
2016,11,5
2016,11,5
2016,11,5
2016,11,5
2016,11,5
2016,11,5
2016,11,5
2016,11,5
2016,11,5
2016,11,5
2016,11,5
2016,11,5
2016,11,5
2016,11,5
2016,11,5
2016,11,5
2016,11,5
2016,11,5
2016,11,5
2016,11,5
2016,11,5
2016,11,5
2016,11,5
2016,11,5
2016,11,5
2016,11,5
2016,11,5
2016,11,5
2016,11,5
2016,11,5
2016,11,5
2016,11,5
2016,11,5
2016,11,5
2016,11,5
2016,11,5
2016,11,5
2016,11,5
2016,11,5
2016,11,5
2016,11,5
2016,11,5
2016,11,5
2016,11,5
2016,11,5
2016,11,5
2016,11,5
2016,11,5
2016,11,5
2016,11,5
2016,11,5
2016,11,5
2016,11,5
2016,11,5
2016,11,5
2016,11,5
2016,11,5
2016,11,5
2016,11,5
2016,11,5
2016,11,5
2016,11,5
2016,11,5
2016,11,5
2016,11,5
2016,11,5
2016,11,5
2016,11,5
2016,11,5
2016,11,5
2016,11,5
2016,11,5
2016,11,5
2016,11,5
2016,11,5
2016,11,5
2016,11,5
2016,11,5
2016,11,5
2016,11,5
2016,11,5
2016,11,5
2016,11,5
2016,11,5
2016,11,5
2016,11,5
2016,11,5
2016,11,5
2016,11,5
2016,11,5
2016,11,5
2016,11,5
2016,11,5
2016,11,5
2016,11,5
2016,11,5
2016,11,5
2016,11,5
2016,11,5
2016,11,5
2016,11,5
2016,11,5
2016,11,5
2016,11,5
2016,11,5
2016,11,5
2016,11,5
2016,11,5
2016,11,5
2016,11,5
2016,11,5
2016,11,5
2016,11,5
2016,11,5
2016,11,5
2016,11,5
2016,11,5
2016,11,5
2016,11,5
2016,11,5
2016,11,5
2016,11,5
2016,11,5
2016,11,5
2016,11,5
2016,11,5
2016,11,5
2016,11,5
2016,11,5
2016,11,5
2016,11,5
2016,11,5
2016,11,5
2016,11,5
2016,11,5
2016,11,5
2016,11,5
2016,11,5
2016,11,5
2016,11,5
2016,11,5
2016,11,5
2016,11,5
2016,11,5
2016,11,5
2016,11,5
2016,11,5
2016,11,5
2016,11,5
2016,11,5
2016,11,5
2016,11,5
2016,11,5
2016,11,5
2016,11,5
2016,11,5
2016,11,5
2016,11,5
2016,11,5
2016,11,5
2016,11,5
2016,11,5
2016,11,5
2016,11,5
2016,11,5
2016,11,5
2016,11,5
2016,11,5
2016,11,5
2016,11,5
2016,11,5
2016,11,5
2016,11,5
2016,11,5
2016,11,5
2016,11,5
2016,11,5
2016,11,5
2016,11,5
2016,11,5
2016,11,5
2016,11,5
2016,11,5
2016,11,5
2016,11,5
2016,11,5
2016,11,5
2016,11,5
2016,11,5
2016,11,5
2016,11,5
2016,11,5
2016,11,5
2016,11,5
2016,11,5
2016,11,5
2016,11,5
2016,11,5
2016,11,5
2016,11,5
2016,11,5
2016,11,5
2016,11,5
2016,11,5
2016,11,5
2016,11,5
2016,11,5
2016,11,5
2016,11,5
2016,11,5
2016,11,5
2016,11,5
2016,11,5
2016,11,5
2016,11,5
2016,11,5
2016,11,5
2016,11,5
2016,11,5
2016,11,5
2016,11,5
2016,11,5
2016,11,5
2016,11,5
2016,11,5
2016,11,5
2016,11,5
2016,11,5
2016,11,5
2016,11,5
2016,11,5
2016,11,5
2016,11,5
2016,11,5
2016,11,5
2016,11,5
2016,11,5
2016,11,5
2016,11,5
2016,11,5
2016,11,5
2016,11,5
2016,11,5
2016,11,5
2016,11,5
2016,11,5
2016,11,5
2016,11,5
2016,11,5
2016,11,5
2016,11,5
2016,11,5
2016,11,5
2016,11,5
2016,11,5
2016,11,5
2016,11,5
2016,11,5
2016,11,5
2016,11,5
2016,11,5
2016,11,5
2016,11,5
2016,11,5
2016,11,5
2016,11,5
2016,11,5
2016,11,5
2016,11,5
2016,11,5
2016,11,5
2016,11,5
2016,11,5
2016,11,5
2016,11,5
2016,11,5
2016,11,5
2016,11,5
2016,11,5
2016,11,5
2016,11,5
2016,11,5
2016,11,5
2016,11,5
2016,11,5
2016,11,5
2016,11,5
2016,11,5
2016,11,5
2016,11,5
2016,11,5
2016,11,5
2016,11,5
2016,11,5
2016,11,5
2016,11,5
2016,11,5
2016,11,5
2016,11,5
2016,11,5
2016,11,5
2016,11,5
2016,11,5
2016,11,5
2016,11,5
2016,11,5
2016,11,5
2016,11,5
2016,11,5
2016,11,5
2016,11,5
2016,11,5
2016,11,5
2016,11,5
2016,11,5
2016,11,5
2016,11,5
2016,11,5
2016,11,5
2016,11,5
2016,11,5
2016,11,5
2016,11,5
2016,11,5
2016,11,5
2016,11,5
2016,11,5
2016,11,5
2016,11,5
2016,11,5
2016,11,5
2016,11,5
2016,11,5
2016,11,5
2016,11,5
2016,11,5
2016,11,5
2016,11,5
2016,11,5
2016,11,5
2016,11,5
2016,11,5
2016,11,5
2016,11,5
2016,11,5
2016,11,5
2016,11,5
2016,11,5
2016,11,5
2016,11,5
2016,11,5
2016,11,5
2016,11,5
2016,11,5
2016,11,5
2016,11,5
2016,11,5
2016,11,5
2016,11,5
2016,11,5
2016,11,5
2016,11,5
2016,11,5
2016,11,5
2016,11,5
2016,11,5
2016,11,5
2016,11,5
2016,11,5
2016,11,5
2016,11,5
2016,11,5
2016,11,5
2016,11,5
2016,11,5
2016,11,5
2016,11,5
2016,11,5
2016,11,5
2016,11,5
2016,11,5
2016,11,5
2016,11,5
2016,11,5
2016,11,5
2016,11,5
2016,11,5
2016,11,5
2016,11,5
2016,11,5
2016,11,5
2016,11,5
2016,11,5
2016,11,5
2016,11,5
2016,11,5
2016,11,5
2016,11,5
2016,11,5
2016,11,5
2016,11,5
2016,11,5
2016,11,5
2016,11,5
2016,11,5
2016,11,5
2016,11,5
2016,11,5
2016,11,5
2016,11,5
2016,11,5
2016,11,5
2016,11,5
2016,11,5
2016,11,5
2016,11,5
2016,11,5
2016,11,5
2016,11,5
2016,11,5
2016,11,5
2016,11,5
2016,11,5
2016,11,5
2016,11,5
2016,11,5
2016,11,5
2016,11,5
2016,11,5
2016,11,5
2016,11,5
2016,11,5
2016,11,5
2016,11,5
2016,11,5
2016,11,5
2016,11,5
2016,11,5
2016,11,5
2016,11,5
2016,11,5
2016,11,5
2016,11,5
2016,11,5
2016,11,5
2016,11,5
2016,11,5
2016,11,5
2016,11,5
2016,11,5
2016,11,5
2016,11,5
2016,11,5
2016,11,5
2016,11,5
2016,11,5
2016,11,5
2016,11,5
2016,11,5
2016,11,5
2016,11,5
2016,11,5
2016,11,5
2016,11,5
2016,11,5
2016,11,5
2016,11,5
2016,11,5
2016,11,5
2016,11,5
2016,11,5
2016,11,5
2016,11,5
2016,11,5
2016,11,5
2016,11,5
2016,11,5
2016,11,5
2016,11,5
2016,11,5
2016,11,5
2016,11,5
2016,11,5
2016,11,5
2016,11,5
2016,11,5
2016,11,5
2016,11,5
2016,11,5
2016,11,5
2016,11,5
2016,11,5
2016,11,5
2016,11,5
2016,11,5
2016,11,5
2016,11,5
2016,11,5
2016,11,5
2016,11,5
2016,11,5
2016,11,5
2016,11,5
2016,11,5
2016,11,5
2016,11,5
2016,11,5
2016,11,5
2016,11,5
2016,11,5
2016,11,5
2016,11,5
2016,11,5
2016,11,5
2016,11,5
2016,11,5
2016,11,5
2016,11,5
2016,11,5
2016,11,5
2016,11,5
2016,11,5
2016,11,5
2016,11,5
2016,11,5
2016,11,5
2016,11,5
2016,11,5
2016,11,5
2016,11,5
2016,11,5
2016,11,5
2016,11,5
2016,11,5
2016,11,5
2016,11,5
2016,11,5
2016,11,5
2016,11,5
2016,11,5
2016,11,5
2016,11,5
2016,11,5
2016,11,5
2016,11,5
2016,11,5
2016,11,5
2016,11,5
2016,11,5
2016,11,5
2016,11,5
2016,11,5
2016,11,5
2016,11,5
2016,11,5
2016,11,5
2016,11,5
2016,11,5
2016,11,5
2016,11,5
2016,11,5
2016,11,5
2016,11,5
2016,11,5
2016,11,5
2016,11,5
2016,11,5
2016,11,5
2016,11,5
2016,11,5
2016,11,5
2016,11,5
2016,11,5
2016,11,5
2016,11,5
2016,11,5
2016,11,5
2016,11,5
2016,11,5
2016,11,5
2016,11,5
2016,11,5
2016,11,5
2016,11,5
2016,11,5
2016,11,5
2016,11,5
2016,11,5
2016,11,5
2016,11,5
2016,11,5
2016,11,5
2016,11,5
2016,11,5
2016,11,5
2016,11,5
2016,11,5
2016,11,5
2016,11,5
2016,11,5
2016,11,5
2016,11,5
2016,11,5
2016,11,5
2016,11,5
2016,11,5
2016,11,5
2016,11,5
2016,11,5
2016,11,5
2016,11,5
2016,11,5
2016,11,5
2016,11,5
2016,11,5
2016,11,5
2016,11,5
2016,11,5
2016,11,5
2016,11,5
2016,11,5
2016,11,5
2016,11,5
2016,11,5
2016,11,5
2016,11,5
2016,11,5
2016,11,5
2016,11,5
2016,11,5
2016,11,5
2016,11,5
2016,11,5
2016,11,5
2016,11,5
2016,11,5
2016,11,5
2016,11,5
2016,11,5
2016,11,5
2016,11,5
2016,11,5
2016,11,5
2016,11,5
2016,11,5
2016,11,5
2016,11,5
2016,11,5
2016,11,5
2016,11,5
2016,11,5
2016,11,5
2016,11,5
2016,11,5
2016,11,5
2016,11,5
2016,11,5
2016,11,5
2016,11,5
2016,11,5
2016,11,5
2016,11,5
2016,11,5
2016,11,5
2016,11,5
2016,11,5
2016,11,5
2016,11,5
2016,11,5
2016,11,5
2016,11,5
2016,11,5
2016,11,5
2016,11,5
2016,11,5
2016,11,5
2016,11,5
2016,11,5
2016,11,5
2016,11,5
2016,11,5
2016,11,5
2016,11,5
2016,11,5
2016,11,5
2016,11,5
2016,11,5
2016,11,5
2016,11,5
2016,11,5
2016,11,5
2016,11,5
2016,11,5
2016,11,5
2016,11,5
2016,11,5
2016,11,5
2016,11,5
2016,11,5
2016,11,5
2016,11,5
2016,11,5
2016,11,5
2016,11,5
2016,11,5
2016,11,5
2016,11,5
2016,11,5
2016,11,5
2016,11,5
2016,11,5
2016,11,5
2016,11,5
2016,11,5
2016,11,5
2016,11,5
2016,11,5
2016,11,5
2016,11,5
2016,11,5
2016,11,5
2016,11,5
2016,11,5
2016,11,5
2016,11,5
2016,11,5
2016,11,5
2016,11,5
2016,11,5
2016,11,5
2016,11,5
2016,11,5
2016,11,5
2016,11,5
2016,11,5
2016,11,5
2016,11,5
2016,11,5
2016,11,5
2016,11,5
2016,11,5
2016,11,5
2016,11,5
2016,11,5
2016,11,5
2016,11,5
2016,11,5
2016,11,5
2016,11,5
2016,11,5
2016,11,5
2016,11,5
2016,11,5
2016,11,5
2016,11,5
2016,11,5
2016,11,5
2016,11,5
2016,11,5
2016,11,5
2016,11,5
2016,11,5
2016,11,5
2016,11,5
2016,11,5
2016,11,5
2016,11,5
2016,11,5
2016,11,5
2016,11,5
2016,11,5
2016,11,5
2016,11,5
2016,11,5
2016,11,5
2016,11,5
2016,11,5
2016,11,5
2016,11,5
2016,11,5
2016,11,5
2016,11,5
2016,11,5
2016,11,5
2016,11,5
2016,11,5
2016,11,5
2016,11,5
2016,11,5
2016,11,5
2016,11,5
2016,11,5
2016,11,5
2016,11,5
2016,11,5
2016,11,5
2016,11,5
2016,11,5
2016,11,5
2016,11,5
2016,11,5
2016,11,5
2016,11,5
2016,11,5
2016,11,5
2016,11,5
2016,11,5
2016,11,5
2016,11,5
2016,11,5
2016,11,5
2016,11,5
2016,11,5
2016,11,5
2016,11,5
2016,11,5
2016,11,5
2016,11,5
2016,11,5
2016,11,5
2016,11,5
2016,11,5
2016,11,5
2016,11,5
2016,11,5
2016,11,5
2016,11,5
2016,11,5
2016,11,5
2016,11,5
2016,11,5
2016,11,5
2016,11,5
2016,11,5
2016,11,5
2016,11,5
2016,11,5
2016,11,5
2016,11,5
2016,11,5
2016,11,5
2016,11,5
2016,11,5
2016,11,5
2016,11,5
2016,11,5
2016,11,5
2016,11,5
2016,11,5
2016,11,5
2016,11,5
2016,11,5
2016,11,5
2016,11,5
2016,11,5
2016,11,5
2016,11,5
2016,11,5
2016,11,5
2016,11,5
2016,11,5
2016,11,5
2016,11,5
2016,11,5
2016,11,5
2016,11,5
2016,11,5
2016,11,5
2016,11,5
2016,11,5
2016,11,5
2016,11,5
2016,11,5
2016,11,5
2016,11,5
2016,11,5
2016,11,5
2016,11,5
2016,11,5
2016,11,5
2016,11,5
2016,11,5
2016,11,5
2016,11,5
2016,11,5
2016,11,5
2016,11,5
2016,11,5
2016,11,5
2016,11,5
2016,11,5
2016,11,5
2016,11,5
2016,11,5
2016,11,5
2016,11,5
2016,11,5
2016,11,5
2016,11,5
2016,11,5
2016,11,5
2016,11,5
2016,11,5
2016,11,5
2016,11,5
2016,11,5
2016,11,5
2016,11,5
2016,11,5
2016,11,5
2016,11,5
2016,11,5
2016,11,5
2016,11,5
2016,11,5
2016,11,5
2016,11,5
2016,11,5
2016,11,5
2016,11,5
2016,11,5
2016,11,5
2016,11,5
2016,11,5
2016,11,5
2016,11,5
2016,11,5
2016,11,5
2016,11,5
2016,11,5
2016,11,5
2016,11,5
2016,11,5
2016,11,5
2016,11,5
2016,11,5
2016,11,5
2016,11,5
2016,11,5
2016,11,5
2016,11,5
2016,11,5
2016,11,5
2016,11,5
2016,11,5
2016,11,5
2016,11,5
2016,11,5
2016,11,5
2016,11,5
2016,11,5
2016,11,5
2016,11,5
2016,11,5
2016,11,5
2016,11,5
2016,11,5
2016,11,5
2016,11,5
2016,11,5
2016,11,5
2016,11,5
2016,11,5
2016,11,5
2016,11,5
2016,11,5
2016,11,5
2016,11,5
2016,11,5
2016,11,5
2016,11,5
2016,11,5
2016,11,5
2016,11,5
2016,11,5
2016,11,5
2016,11,5
2016,11,5
2016,11,5
2016,11,5
2016,11,5
2016,11,5
2016,11,5
2016,11,5
2016,11,5
2016,11,5
2016,11,5
2016,11,5
2016,11,5
2016,11,5
2016,11,5
2016,11,5
2016,11,5
2016,11,5
2016,11,5
2016,11,5
2016,11,5
2016,11,5
2016,11,5
2016,11,5
2016,11,5
2016,11,5
2016,11,5
2016,11,5
2016,11,5
2016,11,5
2016,11,5
2016,11,5
2016,11,5
2016,11,5
2016,11,5
2016,11,5
2016,11,5
2016,11,5
2016,11,5
2016,11,5
2016,11,5
2016,11,5
2016,11,5
2016,11,5
2016,11,5
2016,11,5
2016,11,5
2016,11,5
2016,11,5
2016,11,5
2016,11,5
2016,11,5
2016,11,5
2016,11,5
2016,11,5
2016,11,5
2016,11,5
2016,11,5
2016,11,5
2016,11,5
2016,11,5
2016,11,5
2016,11,5
2016,11,5
2016,11,5
2016,11,5
2016,11,5
2016,11,5
2016,11,5
2016,11,5
2016,11,5
2016,11,5
2016,11,5
2016,11,5
2016,11,5
2016,11,5
2016,11,5
2016,11,5
2016,11,5
2016,11,5
2016,11,5
2016,11,5
2016,11,5
2016,11,5
2016,11,5
2016,11,5
2016,11,5
2016,11,5
2016,11,5
2016,11,5
2016,11,5
2016,11,5
2016,11,5
2016,11,5
2016,11,5
2016,11,5
2016,11,5
2016,11,5
2016,11,5
2016,11,5
2016,11,5
2016,11,5
2016,11,5
2016,11,5
2016,11,5
2016,11,5
2016,11,5
2016,11,5
2016,11,5
2016,11,5
2016,11,5
2016,11,5
2016,11,5
2016,11,5
2016,11,5
2016,11,5
2016,11,5
2016,11,5
2016,11,5
2016,11,5
2016,11,5
2016,11,5
2016,11,5
2016,11,5
2016,11,5
2016,11,5
2016,11,5
2016,11,5
2016,11,5
2016,11,5
2016,11,5
2016,11,5
2016,11,5
2016,11,5
2016,11,5
2016,11,5
2016,11,5
2016,11,5
2016,11,5
2016,11,5
2016,11,5
2016,11,5
2016,11,5
2016,11,5
2016,11,5
2016,11,5
2016,11,5
2016,11,5
2016,11,5
2016,11,5
2016,11,5
2016,11,5
2016,11,5
2016,11,5
2016,11,5
2016,11,5
2016,11,5
2016,11,5
2016,11,5
2016,11,5
2016,11,5
2016,11,5
2016,11,5
2016,11,5
2016,11,5
2016,11,5
2016,11,5
2016,11,5
2016,11,5
2016,11,5
2016,11,5
2016,11,5
2016,11,5
2016,11,5
2016,11,5
2016,11,5
2016,11,5
2016,11,5
2016,11,5
2016,11,5
2016,11,5
2016,11,5
2016,11,5
2016,11,5
2016,11,5
2016,11,5
2016,11,5
2016,11,5
2016,11,5
2016,11,5
2016,11,5
2016,11,5
2016,11,5
2016,11,5
2016,11,5
2016,11,5
2016,11,5
2016,11,5
2016,11,5
2016,11,5
2016,11,5
2016,11,5
2016,11,5
2016,11,5
2016,11,5
2016,11,5
2016,11,5
2016,11,5
2016,11,5
2016,11,5
2016,11,5
2016,11,5
2016,11,5
2016,11,5
2016,11,5
2016,11,5
2016,11,5
2016,11,5
2016,11,5
2016,11,5
2016,11,5
2016,11,5
2016,11,5
2016,11,5
2016,11,5
2016,11,5
2016,11,5
2016,11,5
2016,11,5
2016,11,5
2016,11,5
2016,11,5
2016,11,5
2016,11,5
2016,11,5
2016,11,5
2016,11,5
2016,11,5
2016,11,5
2016,11,5
2016,11,5
2016,11,5
2016,11,5
2016,11,5
2016,11,5
2016,11,5
2016,11,5
2016,11,5
2016,11,5
2016,11,5
2016,11,5
2016,11,5
2016,11,5
2016,11,5
2016,11,5
2016,11,5
2016,11,5
2016,11,5
2016,11,5
2016,11,5
2016,11,5
2016,11,5
2016,11,5
2016,11,5
2016,11,5
2016,11,5
2016,11,5
2016,11,5
2016,11,5
2016,11,5
2016,11,5
2016,11,5
2016,11,5
2016,11,5
2016,11,5
2016,11,5
2016,11,5
2016,11,5
2016,11,5
2016,11,5
2016,11,5
2016,11,5
2016,11,5
2016,11,5
2016,11,5
2016,11,5
2016,11,5
2016,11,5
2016,11,5
2016,11,5
2016,11,5
2016,11,5
2016,11,5
2016,11,5
2016,11,5
2016,11,5
2016,11,5
2016,11,5
2016,11,5
2016,11,5
2016,11,5
2016,11,5
2016,11,5
2016,11,5
2016,11,5
2016,11,5
2016,11,5
2016,11,5
2016,11,5
2016,11,5
2016,11,5
2016,11,5
2016,11,5
2016,11,5
2016,11,5
2016,11,5
2016,11,5
2016,11,5
2016,11,5
2016,11,5
2016,11,5
2016,11,5
2016,11,5
2016,11,5
2016,11,5
2016,11,5
2016,11,5
2016,11,5
2016,11,5
2016,11,5
2016,11,5
2016,11,5
2016,11,5
2016,11,5
2016,11,5
2016,11,5
2016,11,5
2016,11,5
2016,11,5
2016,11,5
2016,11,5
2016,11,5
2016,11,5
2016,11,5
2016,11,5
2016,11,5
2016,11,5
2016,11,5
2016,11,5
2016,11,5
2016,11,5
2016,11,5
2016,11,5
2016,11,5
2016,11,5
2016,11,5
2016,11,5
2016,11,5
2016,11,5
2016,11,5
2016,11,5
2016,11,5
2016,11,5
2016,11,5
2016,11,5
2016,11,5
2016,11,5
2016,11,5
2016,11,5
2016,11,5
2016,11,5
2016,11,5
2016,11,5
2016,11,5
2016,11,5
2016,11,5
2016,11,5
2016,11,5
2016,11,5
2016,11,5
2016,11,5
2016,11,5
2016,11,5
2016,11,5
2016,11,5
2016,11,5
2016,11,5
2016,11,5
2016,11,5
2016,11,5
2016,11,5
2016,11,5
2016,11,5
2016,11,5
2016,11,5
2016,11,5
2016,11,5
2016,11,5
2016,11,5
2016,11,5
2016,11,5
2016,11,5
2016,11,5
2016,11,5
2016,11,5
2016,11,5
2016,11,5
2016,11,5
2016,11,5
2016,11,5
2016,11,5
2016,11,5
2016,11,5
2016,11,5
2016,11,5
2016,11,5
2016,11,5
2016,11,5
2016,11,5
2016,11,5
2016,11,5
2016,11,5
2016,11,5
2016,11,5
2016,11,5
2016,11,5
2016,11,5
2016,11,5
2016,11,5
2016,11,5
2016,11,5
2016,11,5
2016,11,5
2016,11,5
2016,11,5
2016,11,5
2016,11,5
2016,11,5
2016,11,5
2016,11,5
2016,11,5
2016,11,5
2016,11,5
2016,11,5
2016,11,5
2016,11,5
2016,11,5
2016,11,5
2016,11,5
2016,11,5
2016,11,5
2016,11,5
2016,11,5
2016,11,5
2016,11,5
2016,11,5
2016,11,5
2016,11,5
2016,11,5
2016,11,5
2016,11,5
2016,11,5
2016,11,5
2016,11,5
2016,11,5
2016,11,5
2016,11,5
2016,11,5
2016,11,5
2016,11,5
2016,11,5
2016,11,5
2016,11,5
2016,11,5
2016,11,5
2016,11,5
2016,11,5
2016,11,5
2016,11,5
2016,11,5
2016,11,5
2016,11,5
2016,11,5
2016,11,5
2016,11,5
2016,11,5
2016,11,5
2016,11,5
2016,11,5
2016,11,5
2016,11,5
2016,11,5
2016,11,5
2016,11,5
2016,11,5
2016,11,5
2016,11,5
2016,11,5
2016,11,5
2016,11,5
2016,11,5
2016,11,5
2016,11,5
2016,11,5
2016,11,5
2016,11,5
2016,11,5
2016,11,5
2016,11,5
2016,11,5
2016,11,5
2016,11,5
2016,11,5
2016,11,5
2016,11,5
2016,11,5
2016,11,5
2016,11,5
2016,11,5
2016,11,5
2016,11,5
2016,11,5
2016,11,5
2016,11,5
2016,11,5
2016,11,5
2016,11,5
2016,11,5
2016,11,5
2016,11,5
2016,11,5
2016,11,5
2016,11,5
2016,11,5
2016,11,5
2016,11,5
2016,11,5
2016,11,5
2016,11,5
2016,11,5
2016,11,5
2016,11,5
2016,11,5
2016,11,5
2016,11,5
2016,11,5
2016,11,5
2016,11,5
2016,11,5
2016,11,5
2016,11,5
2016,11,5
2016,11,5
2016,11,5
2016,11,5
2016,11,5
2016,11,5
2016,11,5
2016,11,5
2016,11,5
2016,11,5
2016,11,5
2016,11,5
2016,11,5
2016,11,5
2016,11,5
2016,11,5
2016,11,5
2016,11,5
2016,11,5
2016,11,5
2016,11,5
2016,11,5
2016,11,5
2016,11,5
2016,11,5
2016,11,5
2016,11,5
2016,11,5
2016,11,5
2016,11,5
2016,11,5
2016,11,5
2016,11,5
2016,11,5
2016,11,5
2016,11,5
2016,11,5
2016,11,5
2016,11,5
2016,11,5
2016,11,5
2016,11,5
2016,11,5
2016,11,5
2016,11,5
2016,11,5
2016,11,5
2016,11,5
2016,11,5
2016,11,5
2016,11,5
2016,11,5
2016,11,5
2016,11,5
2016,11,5
2016,11,5
2016,11,5
2016,11,5
2016,11,5
2016,11,5
2016,11,5
2016,11,5
2016,11,5
2016,11,5
2016,11,5
2016,11,5
2016,11,5
2016,11,5
2016,11,5
2016,11,5
2016,11,5
2016,11,5
2016,11,5
2016,11,5
2016,11,5
2016,11,5
2016,11,5
2016,11,5
2016,11,5
2016,11,5
2016,11,5
2016,11,5
2016,11,5
2016,11,5
2016,11,5
2016,11,5
2016,11,5
2016,11,5
2016,11,5
2016,11,5
2016,11,5
2016,11,5
2016,11,5
2016,11,5
2016,11,5
2016,11,5
2016,11,5
2016,11,5
2016,11,5
2016,11,5
2016,11,5
2016,11,5
2016,11,5
2016,11,5
2016,11,5
2016,11,5
2016,11,5
2016,11,5
2016,11,5
2016,11,5
2016,11,5
2016,11,5
2016,11,5
2016,11,5
2016,11,5
2016,11,5
2016,11,5
2016,11,5
2016,11,5
2016,11,5
2016,11,5
2016,11,5
2016,11,5
2016,11,5
2016,11,5
2016,11,5
2016,11,5
2016,11,5
2016,11,5
2016,11,5
2016,11,5
2016,11,5
2016,11,5
2016,11,5
2016,11,5
2016,11,5
2016,11,5
2016,11,5
2016,11,5
2016,11,5
2016,11,5
2016,11,5
2016,11,5
2016,11,5
2016,11,5
2016,11,5
2016,11,5
2016,11,5
2016,11,5
2016,11,5
2016,11,5
2016,11,5
2016,11,5
2016,11,5
2016,11,5
2016,11,5
2016,11,5
2016,11,5
2016,11,5
2016,11,5
2016,11,5
2016,11,5
2016,11,5
2016,11,5
2016,11,5
2016,11,5
2016,11,5
2016,11,5
2016,11,5
2016,11,5
2016,11,5
2016,11,5
2016,11,5
2016,11,5
2016,11,5
2016,11,5
2016,11,5
2016,11,5
2016,11,5
2016,11,5
2016,11,5
2016,11,5
2016,11,5
2016,11,5
2016,11,5
2016,11,5
2016,11,5
2016,11,5
2016,11,5
2016,11,5
2016,11,5
2016,11,5
2016,11,5
2016,11,5
2016,11,5
2016,11,5
2016,11,5
2016,11,5
2016,11,5
2016,11,5
2016,11,5
2016,11,5
2016,11,5
2016,11,5
2016,11,5
2016,11,5
2016,11,5
2016,11,5
2016,11,5
2016,11,5
2016,11,5
2016,11,5
2016,11,5
2016,11,5
2016,11,5
2016,11,5
2016,11,5
2016,11,5
2016,11,5
2016,11,5
2016,11,5
2016,11,5
2016,11,5
2016,11,5
2016,11,5
2016,11,5
2016,11,5
2016,11,5
2016,11,5
2016,11,5
2016,11,5
2016,11,5
2016,11,5
2016,11,5
2016,11,5
2016,11,5
2016,11,5
2016,11,5
2016,11,5
2016,11,5
2016,11,5
2016,11,5
2016,11,5
2016,11,5
2016,11,5
2016,11,5
2016,11,5
2016,11,5
2016,11,5
2016,11,5
2016,11,5
2016,11,5
2016,11,5
2016,11,5
2016,11,5
2016,11,5
2016,11,5
2016,11,5
2016,11,5
2016,11,5
2016,11,5
2016,11,5
2016,11,5
2016,11,5
2016,11,5
2016,11,5
2016,11,5
2016,11,5
2016,11,5
2016,11,5
2016,11,5
2016,11,5
2016,11,5
2016,11,5
2016,11,5
2016,11,5
2016,11,5
2016,11,5
2016,11,5
2016,11,5
2016,11,5
2016,11,5
2016,11,5
2016,11,5
2016,11,5
2016,11,5
2016,11,5
2016,11,5
2016,11,5
2016,11,5
2016,11,5
2016,11,5
2016,11,5
2016,11,5
2016,11,5
2016,11,5
2016,11,5
2016,11,5
2016,11,5
2016,11,5
2016,11,5
2016,11,5
2016,11,5
2016,11,5
2016,11,5
2016,11,5
2016,11,5
2016,11,5
2016,11,5
2016,11,5
2016,11,5
2016,11,5
2016,11,5
2016,11,5
2016,11,5
2016,11,5
2016,11,5
2016,11,5
2016,11,5
2016,11,5
2016,11,5
2016,11,5
2016,11,5
2016,11,5
2016,11,5
2016,11,5
2016,11,5
2016,11,5
2016,11,5
2016,11,5
2016,11,5
2016,11,5
2016,11,5
2016,11,5
2016,11,5
2016,11,5
2016,11,5
2016,11,5
2016,11,5
2016,11,5
2016,11,5
2016,11,5
2016,11,5
2016,11,5
2016,11,5
2016,11,5
2016,11,5
2016,11,5
2016,11,5
2016,11,5
2016,11,5
2016,11,5
2016,11,5
2016,11,5
2016,11,5
2016,11,5
2016,11,5
2016,11,5
2016,11,5
2016,11,5
2016,11,5
2016,11,5
2016,11,5
2016,11,5
2016,11,5
2016,11,5
2016,11,5
2016,11,5
2016,11,5
2016,11,5
2016,11,5
2016,11,5
2016,11,5
2016,11,5
2016,11,5
2016,11,5
2016,11,5
2016,11,5
2016,11,5
2016,11,5
2016,11,5
2016,11,5
2016,11,5
2016,11,5
2016,11,5
2016,11,5
2016,11,5
2016,11,5
2016,11,5
2016,11,5
2016,11,5
2016,11,5
2016,11,5
2016,11,5
2016,11,5
2016,11,5
2016,11,5
2016,11,5
2016,11,5
2016,11,5
2016,11,5
2016,11,5
2016,11,5
2016,11,5
2016,11,5
2016,11,5
2016,11,5
2016,11,5
2016,11,5
2016,11,5
2016,11,5
2016,11,5
2016,11,5
2016,11,5
2016,11,5
2016,11,5
2016,11,5
2016,11,5
2016,11,5
2016,11,5
2016,11,5
2016,11,5
2016,11,5
2016,11,5
2016,11,5
2016,11,5
2016,11,5
2016,11,5
2016,11,5
2016,11,5
2016,11,5
2016,11,5
2016,11,5
2016,11,5
2016,11,5
2016,11,5
2016,11,5
2016,11,5
2016,11,5
2016,11,5
2016,11,5
2016,11,5
2016,11,5
2016,11,5
2016,11,5
2016,11,5
2016,11,5
2016,11,5
2016,11,5
2016,11,5
2016,11,5
2016,11,5
2016,11,5
2016,11,5
2016,11,5
2016,11,5
2016,11,5
2016,11,5
2016,11,5
2016,11,5
2016,11,5
2016,11,5
2016,11,5
2016,11,5
2016,11,5
2016,11,5
2016,11,5
2016,11,5
2016,11,5
2016,11,5
2016,11,5
2016,11,5
2016,11,5
2016,11,5
2016,11,5
2016,11,5
2016,11,5
2016,11,5
2016,11,5
2016,11,5
2016,11,5
2016,11,5
2016,11,5
2016,11,5
2016,11,5
2016,11,5
2016,11,5
2016,11,5
2016,11,5
2016,11,5
2016,11,5
2016,11,5
2016,11,5
2016,11,5
2016,11,5
2016,11,5
2016,11,5
2016,11,5
2016,11,5
2016,11,5
2016,11,5
2016,11,5
2016,11,5
2016,11,5
2016,11,5
2016,11,5
2016,11,5
2016,11,5
2016,11,5
2016,11,5
2016,11,5
2016,11,5
2016,11,5
2016,11,5
2016,11,5
2016,11,5
2016,11,5
2016,11,5
2016,11,5
2016,11,5
2016,11,5
2016,11,5
2016,11,5
2016,11,5
2016,11,5
2016,11,5
2016,11,5
2016,11,5
2016,11,5
2016,11,5
2016,11,5
2016,11,5
2016,11,5
2016,11,5
2016,11,5
2016,11,5
2016,11,5
2016,11,5
2016,11,5
2016,11,5
2016,11,5
2016,11,5
2016,11,5
2016,11,5
2016,11,5
2016,11,5
2016,11,5
2016,11,5
2016,11,5
2016,11,5
2016,11,5
2016,11,5
2016,11,5
2016,11,5
2016,11,5
2016,11,5
2016,11,5
2016,11,5
2016,11,5
2016,11,5
2016,11,5
2016,11,5
2016,11,5
2016,11,5
2016,11,5
2016,11,5
2016,11,5
2016,11,5
2016,11,5
2016,11,5
2016,11,5
2016,11,5
2016,11,5
2016,11,5
2016,11,5
2016,11,5
2016,11,5
2016,11,5
2016,11,5
2016,11,5
2016,11,5
2016,11,5
2016,11,5
2016,11,5
2016,11,5
2016,11,5
2016,11,5
2016,11,5
2016,11,5
2016,11,5
2016,11,5
2016,11,5
2016,11,5
2016,11,5
2016,11,5
2016,11,5
2016,11,5
2016,11,5
2016,11,5
2016,11,5
2016,11,5
2016,11,5
2016,11,5
2016,11,5
2016,11,5
2016,11,5
2016,11,5
2016,11,5
2016,11,5
2016,11,5
2016,11,5
2016,11,5
2016,11,5
2016,11,5
2016,11,5
2016,11,5
2016,11,5
2016,11,5
2016,11,5
2016,11,5
2016,11,5
2016,11,5
2016,11,5
2016,11,5
2016,11,5
2016,11,5
2016,11,5
2016,11,5
2016,11,5
2016,11,5
2016,11,5
2016,11,5
2016,11,5
2016,11,5
2016,11,5
2016,11,5
2016,11,5
2016,11,5
2016,11,5
2016,11,5
2016,11,5
2016,11,5
2016,11,5
2016,11,5
2016,11,5
2016,11,5
2016,11,5
2016,11,5
2016,11,5
2016,11,5
2016,11,5
2016,11,5
2016,11,5
2016,11,5
2016,11,5
2016,11,5
2016,11,5
2016,11,5
2016,11,5
2016,11,5
2016,11,5
2016,11,5
2016,11,5
2016,11,5
2016,11,5
2016,11,5
2016,11,5
2016,11,5
2016,11,5
2016,11,5
2016,11,5
2016,11,5
2016,11,5
2016,11,5
2016,11,5
2016,11,5
2016,11,5
2016,11,5
2016,11,5
2016,11,5
2016,11,5
2016,11,5
2016,11,5
2016,11,5
2016,11,5
2016,11,5
2016,11,5
2016,11,5
2016,11,5
2016,11,5
2016,11,5
2016,11,5
2016,11,5
2016,11,5
2016,11,5
2016,11,5
2016,11,5
2016,11,5
2016,11,5
2016,11,5
2016,11,5
2016,11,5
2016,11,5
2016,11,5
2016,11,5
2016,11,5
2016,11,5
2016,11,5
2016,11,5
2016,11,5
2016,11,5
2016,11,5
2016,11,5
2016,11,5
2016,11,5
2016,11,5
2016,11,5
2016,11,5
2016,11,5
2016,11,5
2016,11,5
2016,11,5
2016,11,5
2016,11,5
2016,11,5
2016,11,5
2016,11,5
2016,11,5
2016,11,5
2016,11,5
2016,11,5
2016,11,5
2016,11,5
2016,11,5
2016,11,5
2016,11,5
2016,11,5
2016,11,5
2016,11,5
2016,11,5
2016,11,5
2016,11,5
2016,11,5
2016,11,5
2016,11,5
2016,11,5
2016,11,5
2016,11,5
2016,11,5
2016,11,5
2016,11,5
2016,11,5
2016,11,5
2016,11,5
2016,11,5
2016,11,5
2016,11,5
2016,11,5
2016,11,5
2016,11,5
2016,11,5
2016,11,5
2016,11,5
2016,11,5
2016,11,5
2016,11,5
2016,11,5
2016,11,5
2016,11,5
2016,11,5
2016,11,5
2016,11,5
2016,11,5
2016,11,5
2016,11,5
2016,11,5
2016,11,5
2016,11,5
2016,11,5
2016,11,5
2016,11,5
2016,11,5
2016,11,5
2016,11,5
2016,11,5
2016,11,5
2016,11,5
2016,11,5
2016,11,5
2016,11,5
2016,11,5
2016,11,5
2016,11,5
2016,11,5
2016,11,5
2016,11,5
2016,11,5
2016,11,5
2016,11,5
2016,11,5
2016,11,5
2016,11,5
2016,11,5
2016,11,5
2016,11,5
2016,11,5
2016,11,5
2016,11,5
2016,11,5
2016,11,5
2016,11,5
2016,11,5
2016,11,5
2016,11,5
2016,11,5
2016,11,5
2016,11,5
2016,11,5
2016,11,5
2016,11,5
2016,11,5
2016,11,5
2016,11,5
2016,11,5
2016,11,5
2016,11,5
2016,11,5
2016,11,5
2016,11,5
2016,11,5
2016,11,5
2016,11,5
2016,11,5
2016,11,5
2016,11,5
2016,11,5
2016,11,5
2016,11,5
2016,11,5
2016,11,5
2016,11,5
2016,11,5
2016,11,5
2016,11,5
2016,11,5
2016,11,5
2016,11,5
2016,11,5
2016,11,5
2016,11,5
2016,11,5
2016,11,5
2016,11,5
2016,11,5
2016,11,5
2016,11,5
2016,11,5
2016,11,5
2016,11,5
2016,11,5
2016,11,5
2016,11,5
2016,11,5
2016,11,5
2016,11,5
2016,11,5
2016,11,5
2016,11,5
2016,11,5
2016,11,5
2016,11,5
2016,11,5
2016,11,5
2016,11,5
2016,11,5
2016,11,5
2016,11,5
2016,11,5
2016,11,5
2016,11,5
2016,11,5
2016,11,5
2016,11,5
2016,11,5
2016,11,5
2016,11,5
2016,11,5
2016,11,5
2016,11,5
2016,11,5
2016,11,5
2016,11,5
2016,11,5
2016,11,5
2016,11,5
2016,11,5
2016,11,5
2016,11,5
2016,11,5
2016,11,5
2016,11,5
2016,11,5
2016,11,5
2016,11,5
2016,11,5
2016,11,5
2016,11,5
2016,11,5
2016,11,5
2016,11,5
2016,11,5
2016,11,5
2016,11,5
2016,11,5
2016,11,5
2016,11,5
2016,11,5
2016,11,5
2016,11,5
2016,11,5
2016,11,5
2016,11,5
2016,11,5
2016,11,5
2016,11,5
2016,11,5
2016,11,5
2016,11,5
2016,11,5
2016,11,5
2016,11,5
2016,11,5
2016,11,5
2016,11,5
2016,11,5
2016,11,5
2016,11,5
2016,11,5
2016,11,5
2016,11,5
2016,11,5
2016,11,5
2016,11,5
2016,11,5
2016,11,5
2016,11,5
2016,11,5
2016,11,5
2016,11,5
2016,11,5
2016,11,5
2016,11,5
2016,11,5
2016,11,5
2016,11,5
2016,11,5
2016,11,5
2016,11,5
2016,11,5
2016,11,5
2016,11,5
2016,11,5
2016,11,5
2016,11,5
2016,11,5
2016,11,5
2016,11,5
2016,11,5
2016,11,5
2016,11,5
2016,11,5
2016,11,5
2016,11,5
2016,11,5
2016,11,5
2016,11,5
2016,11,5
2016,11,5
2016,11,5
2016,11,5
2016,11,5
2016,11,5
2016,11,5
2016,11,5
2016,11,5
2016,11,5
2016,11,5
2016,11,5
2016,11,5
2016,11,5
2016,11,5
2016,11,5
2016,11,5
2016,11,5
2016,11,5
2016,11,5
2016,11,5
2016,11,5
2016,11,5
2016,11,5
2016,11,5
2016,11,5
2016,11,5
2016,11,5
2016,11,5
2016,11,5
2016,11,5
2016,11,5
2016,11,5
2016,11,5
2016,11,5
2016,11,5
2016,11,5
2016,11,5
2016,11,5
2016,11,5
2016,11,5
2016,11,5
2016,11,5
2016,11,5
2016,11,5
2016,11,5
2016,11,5
2016,11,5
2016,11,5
2016,11,5
2016,11,5
2016,11,5
2016,11,5
2016,11,5
2016,11,5
2016,11,5
2016,11,5
2016,11,5
2016,11,5
2016,11,5
2016,11,5
2016,11,5
2016,11,5
2016,11,5
2016,11,5
2016,11,5
2016,11,5
2016,11,5
2016,11,5
2016,11,5
2016,11,5
2016,11,5
2016,11,5
2016,11,5
2016,11,5
2016,11,5
2016,11,5
2016,11,5
2016,11,5
2016,11,5
2016,11,5
2016,11,5
2016,11,5
2016,11,5
2016,11,5
2016,11,5
2016,11,5
2016,11,5
2016,11,5
2016,11,5
2016,11,5
2016,11,5
2016,11,5
2016,11,5
2016,11,5
2016,11,5
2016,11,5
2016,11,5
2016,11,5
2016,11,5
2016,11,5
2016,11,5
2016,11,5
2016,11,5
2016,11,5
2016,11,5
2016,11,5
2016,11,5
2016,11,5
2016,11,5
2016,11,5
2016,11,5
2016,11,5
2016,11,5
2016,11,5
2016,11,5
2016,11,5
2016,11,5
2016,11,5
2016,11,5
2016,11,5
2016,11,5
2016,11,5
2016,11,5
2016,11,5
2016,11,5
2016,11,5
2016,11,5
2016,11,5
2016,11,5
2016,11,5
2016,11,5
2016,11,5
2016,11,5
2016,11,5
2016,11,5
2016,11,5
2016,11,5
2016,11,5
2016,11,5
2016,11,5
2016,11,5
2016,11,5
2016,11,5
2016,11,5
2016,11,5
2016,11,5
2016,11,5
2016,11,5
2016,11,5
2016,11,5
2016,11,5
2016,11,5
2016,11,5
2016,11,5
2016,11,5
2016,11,5
2016,11,5
2016,11,5
2016,11,5
2016,11,5
2016,11,5
2016,11,5
2016,11,5
2016,11,5
2016,11,5
2016,11,5
2016,11,5
2016,11,5
2016,11,5
2016,11,5
2016,11,5
2016,11,5
2016,11,5
2016,11,5
2016,11,5
2016,11,5
2016,11,5
2016,11,5
2016,11,5
2016,11,5
2016,11,5
2016,11,5
2016,11,5
2016,11,5
2016,11,5
2016,11,5
2016,11,5
2016,11,5
2016,11,5
2016,11,5
2016,11,5
2016,11,5
2016,11,5
2016,11,5
2016,11,5
2016,11,5
2016,11,5
2016,11,5
2016,11,5
2016,11,5
2016,11,5
2016,11,5
2016,11,5
2016,11,5
2016,11,5
2016,11,5
2016,11,5
2016,11,5
2016,11,5
2016,11,5
2016,11,5
2016,11,5
2016,11,5
2016,11,5
2016,11,5
2016,11,5
2016,11,5
2016,11,5
2016,11,5
2016,11,5
2016,11,5
2016,11,5
2016,11,5
2016,11,5
2016,11,5
2016,11,5
2016,11,5
2016,11,5
2016,11,5
2016,11,5
2016,11,5
2016,11,5
2016,11,5
2016,11,5
2016,11,5
2016,11,5
2016,11,5
2016,11,5
2016,11,5
2016,11,5
2016,11,5
2016,11,5
2016,11,5
2016,11,5
2016,11,5
2016,11,5
2016,11,5
2016,11,5
2016,11,5
2016,11,5
2016,11,5
2016,11,5
2016,11,5
2016,11,5
2016,11,5
2016,11,5
2016,11,5
2016,11,5
2016,11,5
2016,11,5
2016,11,5
2016,11,5
2016,11,5
2016,11,5
2016,11,5
2016,11,5
2016,11,5
2016,11,5
2016,11,5
2016,11,5
2016,11,5
2016,11,5
2016,11,5
2016,11,5
2016,11,5
2016,11,5
2016,11,5
2016,11,5
2016,11,5
2016,11,5
2016,11,5
2016,11,5
2016,11,5
2016,11,5
2016,11,5
2016,11,5
2016,11,5
2016,11,5
2016,11,5
2016,11,5
2016,11,5
2016,11,5
2016,11,5
2016,11,5
2016,11,5
2016,11,5
2016,11,5
2016,11,5
2016,11,5
2016,11,5
2016,11,5
2016,11,5
2016,11,5
2016,11,5
2016,11,5
2016,11,5
2016,11,5
2016,11,5
2016,11,5
2016,11,5
2016,11,5
2016,11,5
2016,11,5
2016,11,5
2016,11,5
2016,11,5
2016,11,5
2016,11,5
2016,11,5
2016,11,5
2016,11,5
2016,11,5
2016,11,5
2016,11,5
2016,11,5
2016,11,5
2016,11,5
2016,11,5
2016,11,5
2016,11,5
2016,11,5
2016,11,5
2016,11,5
2016,11,5
2016,11,5
2016,11,5
2016,11,5
2016,11,5
2016,11,5
2016,11,5
2016,11,5
2016,11,5
2016,11,5
2016,11,5
2016,11,5
2016,11,5
2016,11,5
2016,11,5
2016,11,5
2016,11,5
2016,11,5
2016,11,5
2016,11,5
2016,11,5
2016,11,5
2016,11,5
2016,11,5
2016,11,5
2016,11,5
2016,11,5
2016,11,5
2016,11,5
2016,11,5
2016,11,5
2016,11,5
2016,11,5
2016,11,5
2016,11,5
2016,11,5
2016,11,5
2016,11,5
2016,11,5
2016,11,5
2016,11,5
2016,11,5
2016,11,5
2016,11,5
2016,11,5
2016,11,5
2016,11,5
2016,11,5
2016,11,5
2016,11,5
2016,11,5
2016,11,5
2016,11,5
2016,11,5
2016,11,5
2016,11,5
2016,11,5
2016,11,5
2016,11,5
2016,11,5
2016,11,5
2016,11,5
2016,11,5
2016,11,5
2016,11,5
2016,11,5
2016,11,5
2016,11,5
2016,11,5
2016,11,5
2016,11,5
2016,11,5
2016,11,5
2016,11,5
2016,11,5
2016,11,5
2016,11,5
2016,11,5
2016,11,5
2016,11,5
2016,11,5
2016,11,5
2016,11,5
2016,11,5
2016,11,5
2016,11,5
2016,11,5
2016,11,5
2016,11,5
2016,11,5
2016,11,5
2016,11,5
2016,11,5
2016,11,5
2016,11,5
2016,11,5
2016,11,5
2016,11,5
2016,11,5
2016,11,5
2016,11,5
2016,11,5
2016,11,5
2016,11,5
2016,11,5
2016,11,5
2016,11,5
2016,11,5
2016,11,5
2016,11,5
2016,11,5
2016,11,5
2016,11,5
2016,11,5
2016,11,5
2016,11,5
2016,11,5
2016,11,5
2016,11,5
2016,11,5
2016,11,5
2016,11,5
2016,11,5
2016,11,5
2016,11,5
2016,11,5
2016,11,5
2016,11,5
2016,11,5
2016,11,5
2016,11,5
2016,11,5
2016,11,5
2016,11,5
2016,11,5
2016,11,5
2016,11,5
2016,11,5
2016,11,5
2016,11,5
2016,11,5
2016,11,5
2016,11,5
2016,11,5
2016,11,5
2016,11,5
2016,11,5
2016,11,5
2016,11,5
2016,11,5
2016,11,5
2016,11,5
2016,11,5
2016,11,5
2016,11,5
2016,11,5
2016,11,5
2016,11,5
2016,11,5
2016,11,5
2016,11,5
2016,11,5
2016,11,5
2016,11,5
2016,11,5
2016,11,5
2016,11,5
2016,11,5
2016,11,5
2016,11,5
2016,11,5
2016,11,5
2016,11,5
2016,11,5
2016,11,5
2016,11,5
2016,11,5
2016,11,5
2016,11,5
2016,11,5
2016,11,5
2016,11,5
2016,11,5
2016,11,5
2016,11,5
2016,11,5
2016,11,5
2016,11,5
2016,11,5
2016,11,5
2016,11,5
2016,11,5
2016,11,5
2016,11,5
2016,11,5
2016,11,5
2016,11,5
2016,11,5
2016,11,5
2016,11,5
2016,11,5
2016,11,5
2016,11,5
2016,11,5
2016,11,5
2016,11,5
2016,11,5
2016,11,5
2016,11,5
2016,11,5
2016,11,5
2016,11,5
2016,11,5
2016,11,5
2016,11,5
2016,11,5
2016,11,5
2016,11,5
2016,11,5
2016,11,5
2016,11,5
2016,11,5
2016,11,5
2016,11,5
2016,11,5
2016,11,5
2016,11,5
2016,11,5
2016,11,5
2016,11,5
2016,11,5
2016,11,5
2016,11,5
2016,11,5
2016,11,5
2016,11,5
2016,11,5
2016,11,5
2016,11,5
2016,11,5
2016,11,5
2016,11,5
2016,11,5
2016,11,5
2016,11,5
2016,11,5
2016,11,5
2016,11,5
2016,11,5
2016,11,5
2016,11,5
2016,11,5
2016,11,5
2016,11,5
2016,11,5
2016,11,5
2016,11,5
2016,11,5
2016,11,5
2016,11,5
2016,11,5
2016,11,5
2016,11,5
2016,11,5
2016,11,5
2016,11,5
2016,11,5
2016,11,5
2016,11,5
2016,11,5
2016,11,5
2016,11,5
2016,11,5
2016,11,5
2016,11,5
2016,11,5
2016,11,5
2016,11,5
2016,11,5
2016,11,5
2016,11,5
2016,11,5
2016,11,5
2016,11,5
2016,11,5
2016,11,5
2016,11,5
2016,11,5
2016,11,5
2016,11,5
2016,11,5
2016,11,5
2016,11,5
2016,11,5
2016,11,5
2016,11,5
2016,11,5
2016,11,5
2016,11,5
2016,11,5
2016,11,5
2016,11,5
2016,11,5
2016,11,5
2016,11,5
2016,11,5
2016,11,5
2016,11,5
2016,11,5
2016,11,5
2016,11,5
2016,11,5
2016,11,5
2016,11,5
2016,11,5
2016,11,5
2016,11,5
2016,11,5
2016,11,5
2016,11,5
2016,11,5
2016,11,5
2016,11,5
2016,11,5
2016,11,5
2016,11,5
2016,11,5
2016,11,5
2016,11,5
2016,11,5
2016,11,5
2016,11,5
2016,11,5
2016,11,5
2016,11,5
2016,11,5
2016,11,5
2016,11,5
2016,11,5
2016,11,5
2016,11,5
2016,11,5
2016,11,5
2016,11,5
2016,11,5
2016,11,5
2016,11,5
2016,11,5
2016,11,5
2016,11,5
2016,11,5
2016,11,5
2016,11,5
2016,11,5
2016,11,5
2016,11,5
2016,11,5
2016,11,5
2016,11,5
2016,11,5
2016,11,5
2016,11,5
2016,11,5
2016,11,5
2016,11,5
2016,11,5
2016,11,5
2016,11,5
2016,11,5
2016,11,5
2016,11,5
2016,11,5
2016,11,5
2016,11,5
2016,11,5
2016,11,5
2016,11,5
2016,11,5
2016,11,5
2016,11,5
2016,11,5
2016,11,5
2016,11,5
2016,11,5
2016,11,5
2016,11,5
2016,11,5
2016,11,5
2016,11,5
2016,11,5
2016,11,5
2016,11,5
2016,11,5
2016,11,5
2016,11,5
2016,11,5
2016,11,5
2016,11,5
2016,11,5
2016,11,5
2016,11,5
2016,11,5
2016,11,5
2016,11,5
2016,11,5
2016,11,5
2016,11,5
2016,11,5
2016,11,5
2016,11,5
2016,11,5
2016,11,5
2016,11,5
2016,11,5
2016,11,5
2016,11,5
2016,11,5
2016,11,5
2016,11,5
2016,11,5
2016,11,5
2016,11,5
2016,11,5
2016,11,5
2016,11,5
2016,11,5
2016,11,5
2016,11,5
2016,11,5
2016,11,5
2016,11,5
2016,11,5
2016,11,5
2016,11,5
2016,11,5
2016,11,5
2016,11,5
2016,11,5
2016,11,5
2016,11,5
2016,11,5
2016,11,5
2016,11,5
2016,11,5
2016,11,5
2016,11,5
2016,11,5
2016,11,5
2016,11,5
2016,11,5
2016,11,5
2016,11,5
2016,11,5
2016,11,5
2016,11,5
2016,11,5
2016,11,5
2016,11,5
2016,11,5
2016,11,5
2016,11,5
2016,11,5
2016,11,5
2016,11,5
2016,11,5
2016,11,5
2016,11,5
2016,11,5
2016,11,5
2016,11,5
2016,11,5
2016,11,5
2016,11,5
2016,11,5
2016,11,5
2016,11,5
2016,11,5
2016,11,5
2016,11,5
2016,11,5
2016,11,5
2016,11,5
2016,11,5
2016,11,5
2016,11,5
2016,11,5
2016,11,5
2016,11,5
2016,11,5
2016,11,5
2016,11,5
2016,11,5
2016,11,5
2016,11,5
2016,11,5
2016,11,5
2016,11,5
2016,11,5
2016,11,5
2016,11,5
2016,11,5
2016,11,5
2016,11,5
2016,11,5
2016,11,5
2016,11,5
2016,11,5
2016,11,5
2016,11,5
2016,11,5
2016,11,5
2016,11,5
2016,11,5
2016,11,5
2016,11,5
2016,11,5
2016,11,5
2016,11,5
2016,11,5
2016,11,5
2016,11,5
2016,11,5
2016,11,5
2016,11,5
2016,11,5
2016,11,5
2016,11,5
2016,11,5
2016,11,5
2016,11,5
2016,11,5
2016,11,5
2016,11,5
2016,11,5
2016,11,5
2016,11,5
2016,11,5
2016,11,5
2016,11,5
2016,11,5
2016,11,5
2016,11,5
2016,11,5
2016,11,5
2016,11,5
2016,11,5
2016,11,5
2016,11,5
2016,11,5
2016,11,5
2016,11,5
2016,11,5
2016,11,5
2016,11,5
2016,11,5
2016,11,5
2016,11,5
2016,11,5
2016,11,5
2016,11,5
2016,11,5
2016,11,5
2016,11,5
2016,11,5
2016,11,5
2016,11,5
2016,11,5
2016,11,5
2016,11,5
2016,11,5
2016,11,5
2016,11,5
2016,11,5
2016,11,5
2016,11,5
2016,11,5
2016,11,5
2016,11,5
2016,11,5
2016,11,5
2016,11,5
2016,11,5
2016,11,5
2016,11,5
2016,11,5
2016,11,5
2016,11,5
2016,11,5
2016,11,5
2016,11,5
2016,11,5
2016,11,5
2016,11,5
2016,11,5
2016,11,5
2016,11,5
2016,11,5
2016,11,5
2016,11,5
2016,11,5
2016,11,5
2016,11,5
2016,11,5
2016,11,5
2016,11,5
2016,11,5
2016,11,5
2016,11,5
2016,11,5
2016,11,5
2016,11,5
2016,11,5
2016,11,5
2016,11,5
2016,11,5
2016,11,5
2016,11,5
2016,11,5
2016,11,5
2016,11,5
2016,11,5
2016,11,5
2016,11,5
2016,11,5
2016,11,5
2016,11,5
2016,11,5
2016,11,5
2016,11,5
2016,11,5
2016,11,5
2016,11,5
2016,11,5
2016,11,5
2016,11,5
2016,11,5
2016,11,5
2016,11,5
2016,11,5
2016,11,5
2016,11,5
2016,11,5
2016,11,5
2016,11,5
2016,11,5
2016,11,5
2016,11,5
2016,11,5
2016,11,5
2016,11,5
2016,11,5
2016,11,5
2016,11,5
2016,11,5
2016,11,5
2016,11,5
2016,11,5
2016,11,5
2016,11,5
2016,11,5
2016,11,5
2016,11,5
2016,11,5
2016,11,5
2016,11,5
2016,11,5
2016,11,5
2016,11,5
2016,11,5
2016,11,5
2016,11,5
2016,11,5
2016,11,5
2016,11,5
2016,11,5
2016,11,5
2016,11,5
2016,11,5
2016,11,5
2016,11,5
2016,11,5
2016,11,5
2016,11,5
2016,11,5
2016,11,5
2016,11,5
2016,11,5
2016,11,5
2016,11,5
2016,11,5
2016,11,5
2016,11,5
2016,11,5
2016,11,5
2016,11,5
2016,11,5
2016,11,5
2016,11,5
2016,11,5
2016,11,5
2016,11,5
2016,11,5
2016,11,5
2016,11,5
2016,11,5
2016,11,5
2016,11,5
2016,11,5
2016,11,5
2016,11,5
2016,11,5
2016,11,5
2016,11,5
2016,11,5
2016,11,5
2016,11,5
2016,11,5
2016,11,5
2016,11,5
2016,11,5
2016,11,5
2016,11,5
2016,11,5
2016,11,5
2016,11,5
2016,11,5
2016,11,5
2016,11,5
2016,11,5
2016,11,5
2016,11,5
2016,11,5
2016,11,5
2016,11,5
2016,11,5
2016,11,5
2016,11,5
2016,11,5
2016,11,5
2016,11,5
2016,11,5
2016,11,5
2016,11,5
2016,11,5
2016,11,5
2016,11,5
2016,11,5
2016,11,5
2016,11,5
2016,11,5
2016,11,5
2016,11,5
2016,11,5
2016,11,5
2016,11,5
2016,11,5
2016,11,5
2016,11,5
2016,11,5
2016,11,5
2016,11,5
2016,11,5
2016,11,5
2016,11,5
2016,11,5
2016,11,5
2016,11,5
2016,11,5
2016,11,5
2016,11,5
2016,11,5
2016,11,5
2016,11,5
2016,11,5
2016,11,5
2016,11,5
2016,11,5
2016,11,5
2016,11,5
2016,11,5
2016,11,5
2016,11,5
2016,11,5
2016,11,5
2016,11,5
2016,11,5
2016,11,5
2016,11,5
2016,11,5
2016,11,5
2016,11,5
2016,11,5
2016,11,5
2016,11,5
2016,11,5
2016,11,5
2016,11,5
2016,11,5
2016,11,5
2016,11,5
2016,11,5
2016,11,5
2016,11,5
2016,11,5
2016,11,5
2016,11,5
2016,11,5
2016,11,5
2016,11,5
2016,11,5
2016,11,5
2016,11,5
2016,11,5
2016,11,5
2016,11,5
2016,11,5
2016,11,5
2016,11,5
2016,11,5
2016,11,5
2016,11,5
2016,11,5
2016,11,5
2016,11,5
2016,11,5
2016,11,5
2016,11,5
2016,11,5
2016,11,5
2016,11,5
2016,11,5
2016,11,5
2016,11,5
2016,11,5
2016,11,5
2016,11,5
2016,11,5
2016,11,5
2016,11,5
2016,11,5
2016,11,5
2016,11,5
2016,11,5
2016,11,5
2016,11,5
2016,11,5
2016,11,5
2016,11,5
2016,11,5
2016,11,5
2016,11,5
2016,11,5
2016,11,5
2016,11,5
2016,11,5
2016,11,5
2016,11,5
2016,11,5
2016,11,5
2016,11,5
2016,11,5
2016,11,5
2016,11,5
2016,11,5
2016,11,5
2016,11,5
2016,11,5
2016,11,5
2016,11,5
2016,11,5
2016,11,5
2016,11,5
2016,11,5
2016,11,5
2016,11,5
2016,11,5
2016,11,5
2016,11,5
2016,11,5
2016,11,5
2016,11,5
2016,11,5
2016,11,5
2016,11,5
2016,11,5
2016,11,5
2016,11,5
2016,11,5
2016,11,5
2016,11,5
2016,11,5
2016,11,5
2016,11,5
2016,11,5
2016,11,5
2016,11,5
2016,11,5
2016,11,5
2016,11,5
2016,11,5
2016,11,5
2016,11,5
2016,11,5
2016,11,5
2016,11,5
2016,11,5
2016,11,5
2016,11,5
2016,11,5
2016,11,5
2016,11,5
2016,11,5
2016,11,5
2016,11,5
2016,11,5
2016,11,5
2016,11,5
2016,11,5
2016,11,5
2016,11,5
2016,11,5
2016,11,5
2016,11,5
2016,11,5
2016,11,5
2016,11,5
2016,11,5
2016,11,5
2016,11,5
2016,11,5
2016,11,5
2016,11,5
2016,11,5
2016,11,5
2016,11,5
2016,11,5
2016,11,5
2016,11,5
2016,11,5
2016,11,5
2016,11,5
2016,11,5
2016,11,5
2016,11,5
2016,11,5
2016,11,5
2016,11,5
2016,11,5
2016,11,5
2016,11,5
2016,11,5
2016,11,5
2016,11,5
2016,11,5
2016,11,5
2016,11,5
2016,11,5
2016,11,5
2016,11,5
2016,11,5
2016,11,5
2016,11,5
2016,11,5
2016,11,5
2016,11,5
2016,11,5
2016,11,5
2016,11,5
2016,11,5
2016,11,5
2016,11,5
2016,11,5
2016,11,5
2016,11,5
2016,11,5
2016,11,5
2016,11,5
2016,11,5
2016,11,5
2016,11,5
2016,11,5
2016,11,5
2016,11,5
2016,11,5
2016,11,5
2016,11,5
2016,11,5
2016,11,5
2016,11,5
2016,11,5
2016,11,5
2016,11,5
2016,11,5
2016,11,5
2016,11,5
2016,11,5
2016,11,5
2016,11,5
2016,11,5
2016,11,5
2016,11,5
2016,11,5
2016,11,5
2016,11,5
2016,11,5
2016,11,5
2016,11,5
2016,11,5
2016,11,5
2016,11,5
2016,11,5
2016,11,5
2016,11,5
2016,11,5
2016,11,5
2016,11,5
2016,11,5
2016,11,5
2016,11,5
2016,11,5
2016,11,5
2016,11,5
2016,11,5
2016,11,5
2016,11,5
2016,11,5
2016,11,5
2016,11,5
2016,11,5
2016,11,5
2016,11,5
2016,11,5
2016,11,5
2016,11,5
2016,11,5
2016,11,5
2016,11,5
2016,11,5
2016,11,5
2016,11,5
2016,11,5
2016,11,5
2016,11,5
2016,11,5
2016,11,5
2016,11,5
2016,11,5
2016,11,5
2016,11,5
2016,11,5
2016,11,5
2016,11,5
2016,11,5
2016,11,5
2016,11,5
2016,11,5
2016,11,5
2016,11,5
2016,11,5
2016,11,5
2016,11,5
2016,11,5
2016,11,5
2016,11,5
2016,11,5
2016,11,5
2016,11,5
2016,11,5
2016,11,5
2016,11,5
2016,11,5
2016,11,5
2016,11,5
2016,11,5
2016,11,5
2016,11,5
2016,11,5
2016,11,5
2016,11,5
2016,11,5
2016,11,5
2016,11,5
2016,11,5
2016,11,5
2016,11,5
2016,11,5
2016,11,5
2016,11,5
2016,11,5
2016,11,5
2016,11,5
2016,11,5
2016,11,5
2016,11,5
2016,11,5
2016,11,5
2016,11,5
2016,11,5
2016,11,5
2016,11,5
2016,11,5
2016,11,5
2016,11,5
2016,11,5
2016,11,5
2016,11,5
2016,11,5
2016,11,5
2016,11,5
2016,11,5
2016,11,5
2016,11,5
2016,11,5
2016,11,5
2016,11,5
2016,11,5
2016,11,5
2016,11,5
2016,11,5
2016,11,5
2016,11,5
2016,11,5
2016,11,5
2016,11,5
2016,11,5
2016,11,5
2016,11,5
2016,11,5
2016,11,5
2016,11,5
2016,11,5
2016,11,5
2016,11,5
2016,11,5
2016,11,5
2016,11,5
2016,11,5
2016,11,5
2016,11,5
2016,11,5
2016,11,5
2016,11,5
2016,11,5
2016,11,5
2016,11,5
2016,11,5
2016,11,5
2016,11,5
2016,11,5
2016,11,5
2016,11,5
2016,11,5
2016,11,5
2016,11,5
2016,11,5
2016,11,5
2016,11,5
2016,11,5
2016,11,5
2016,11,5
2016,11,5
2016,11,5
2016,11,5
2016,11,5
2016,11,5
2016,11,5
2016,11,5
2016,11,5
2016,11,5
2016,11,5
2016,11,5
2016,11,5
2016,11,5
2016,11,5
2016,11,5
2016,11,5
2016,11,5
2016,11,5
2016,11,5
2016,11,5
2016,11,5
2016,11,5
2016,11,5
2016,11,5
2016,11,5
2016,11,5
2016,11,5
2016,11,5
2016,11,5
2016,11,5
2016,11,5
2016,11,5
2016,11,5
2016,11,5
2016,11,5
2016,11,5
2016,11,5
2016,11,5
2016,11,5
2016,11,5
2016,11,5
2016,11,5
2016,11,5
2016,11,5
2016,11,5
2016,11,5
2016,11,5
2016,11,5
2016,11,5
2016,11,5
2016,11,5
2016,11,5
2016,11,5
2016,11,5
2016,11,5
2016,11,5
2016,11,5
2016,11,5
2016,11,5
2016,11,5
2016,11,5
2016,11,5
2016,11,5
2016,11,5
2016,11,5
2016,11,5
2016,11,5
2016,11,5
2016,11,5
2016,11,5
2016,11,5
2016,11,5
2016,11,5
2016,11,5
2016,11,5
2016,11,5
2016,11,5
2016,11,5
2016,11,5
2016,11,5
2016,11,5
2016,11,5
2016,11,5
2016,11,5
2016,11,5
2016,11,5
2016,11,5
2016,11,5
2016,11,5
2016,11,5
2016,11,5
2016,11,5
2016,11,5
2016,11,5
2016,11,5
2016,11,5
2016,11,5
2016,11,5
2016,11,5
2016,11,5
2016,11,5
2016,11,5
2016,11,5
2016,11,5
2016,11,5
2016,11,5
2016,11,5
2016,11,5
2016,11,5
2016,11,5
2016,11,5
2016,11,5
2016,11,5
2016,11,5
2016,11,5
2016,11,5
2016,11,5
2016,11,5
2016,11,5
2016,11,5
2016,11,5
2016,11,5
2016,11,5
2016,11,5
2016,11,5
2016,11,5
2016,11,5
2016,11,5
2016,11,5
2016,11,5
2016,11,5
2016,11,5
2016,11,5
2016,11,5
2016,11,5
2016,11,5
2016,11,5
2016,11,5
2016,11,5
2016,11,5
2016,11,5
2016,11,5
2016,11,5
2016,11,5
2016,11,5
2016,11,5
2016,11,5
2016,11,5
2016,11,5
2016,11,5
2016,11,5
2016,11,5
2016,11,5
2016,11,5
2016,11,5
2016,11,5
2016,11,5
2016,11,5
2016,11,5
2016,11,5
2016,11,5
2016,11,5
2016,11,5
2016,11,5
2016,11,5
2016,11,5
2016,11,5
2016,11,5
2016,11,5
2016,11,5
2016,11,5
2016,11,5
2016,11,5
2016,11,5
2016,11,5
2016,11,5
2016,11,5
2016,11,5
2016,11,5
2016,11,5
2016,11,5
2016,11,5
2016,11,5
2016,11,5
2016,11,5
2016,11,5
2016,11,5
2016,11,5
2016,11,5
2016,11,5
2016,11,5
2016,11,5
2016,11,5
2016,11,5
2016,11,5
2016,11,5
2016,11,5
2016,11,5
2016,11,5
2016,11,5
2016,11,5
2016,11,5
2016,11,5
2016,11,5
2016,11,5
2016,11,5
2016,11,5
2016,11,5
2016,11,5
2016,11,5
2016,11,5
2016,11,5
2016,11,5
2016,11,5
2016,11,5
2016,11,5
2016,11,5
2016,11,5
2016,11,5
2016,11,5
2016,11,5
2016,11,5
2016,11,5
2016,11,5
2016,11,5
2016,11,5
2016,11,5
2016,11,5
2016,11,5
2016,11,5
2016,11,5
2016,11,5
2016,11,5
2016,11,5
2016,11,5
2016,11,5
2016,11,5
2016,11,5
2016,11,5
2016,11,5
2016,11,5
2016,11,5
2016,11,5
2016,11,5
2016,11,5
2016,11,5
2016,11,5
2016,11,5
2016,11,5
2016,11,5
2016,11,5
2016,11,5
2016,11,5
2016,11,5
2016,11,5
2016,11,5
2016,11,5
2016,11,5
2016,11,5
2016,11,5
2016,11,5
2016,11,5
2016,11,5
2016,11,5
2016,11,5
2016,11,5
2016,11,5
2016,11,5
2016,11,5
2016,11,5
2016,11,5
2016,11,5
2016,11,5
2016,11,5
2016,11,5
2016,11,5
2016,11,5
2016,11,5
2016,11,5
2016,11,5
2016,11,5
2016,11,5
2016,11,5
2016,11,5
2016,11,5
2016,11,5
2016,11,5
2016,11,5
2016,11,5
2016,11,5
2016,11,5
2016,11,5
2016,11,5
2016,11,5
2016,11,5
2016,11,5
2016,11,5
2016,11,5
2016,11,5
2016,11,5
2016,11,5
2016,11,5
2016,11,5
2016,11,5
2016,11,5
2016,11,5
2016,11,5
2016,11,5
2016,11,5
2016,11,5
2016,11,5
2016,11,5
2016,11,5
2016,11,5
2016,11,5
2016,11,5
2016,11,5
2016,11,5
2016,11,5
2016,11,5
2016,11,5
2016,11,5
2016,11,5
2016,11,5
2016,11,5
2016,11,5
2016,11,5
2016,11,5
2016,11,5
2016,11,5
2016,11,5
2016,11,5
2016,11,5
2016,11,5
2016,11,5
2016,11,5
2016,11,5
2016,11,5
2016,11,5
2016,11,5
2016,11,5
2016,11,5
2016,11,5
2016,11,5
2016,11,5
2016,11,5
2016,11,5
2016,11,5
2016,11,5
2016,11,5
2016,11,5
2016,11,5
2016,11,5
2016,11,5
2016,11,5
2016,11,5
2016,11,5
2016,11,5
2016,11,5
2016,11,5
2016,11,5
2016,11,5
2016,11,5
2016,11,5
2016,11,5
2016,11,5
2016,11,5
2016,11,5
2016,11,5
2016,11,5
2016,11,5
2016,11,5
2016,11,5
2016,11,5
2016,11,5
2016,11,5
2016,11,5
2016,11,5
2016,11,5
2016,11,5
2016,11,5
2016,11,5
2016,11,5
2016,11,5
2016,11,5
2016,11,5
2016,11,5
2016,11,5
2016,11,5
2016,11,5
2016,11,5
2016,11,5
2016,11,5
2016,11,5
2016,11,5
2016,11,5
2016,11,5
2016,11,5
2016,11,5
2016,11,5
2016,11,5
2016,11,5
2016,11,5
2016,11,5
2016,11,5
2016,11,5
2016,11,5
2016,11,5
2016,11,5
2016,11,5
2016,11,5
2016,11,5
2016,11,5
2016,11,5
2016,11,5
2016,11,5
2016,11,5
2016,11,5
2016,11,5
2016,11,5
2016,11,5
2016,11,5
2016,11,5
2016,11,5
2016,11,5
2016,11,5
2016,11,5
2016,11,5
2016,11,5
2016,11,5
2016,11,5
2016,11,5
2016,11,5
2016,11,5
2016,11,5
2016,11,5
2016,11,5
2016,11,5
2016,11,5
2016,11,5
2016,11,5
2016,11,5
2016,11,5
2016,11,5
2016,11,5
2016,11,5
2016,11,5
2016,11,5
2016,11,5
2016,11,5
2016,11,5
2016,11,5
2016,11,5
2016,11,5
2016,11,5
2016,11,5
2016,11,5
2016,11,5
2016,11,5
2016,11,5
2016,11,5
2016,11,5
2016,11,5
2016,11,5
2016,11,5
2016,11,5
2016,11,5
2016,11,5
2016,11,5
2016,11,5
2016,11,5
2016,11,5
2016,11,5
2016,11,5
2016,11,5
2016,11,5
2016,11,5
2016,11,5
2016,11,5
2016,11,5
2016,11,5
2016,11,5
2016,11,5
2016,11,5
2016,11,5
2016,11,5
2016,11,5
2016,11,5
2016,11,5
2016,11,5
2016,11,5
2016,11,5
2016,11,5
2016,11,5
2016,11,5
2016,11,5
2016,11,5
2016,11,5
2016,11,5
2016,11,5
2016,11,5
2016,11,5
2016,11,5
2016,11,5
2016,11,5
2016,11,5
2016,11,5
2016,11,5
2016,11,5
2016,11,5
2016,11,5
2016,11,5
2016,11,5
2016,11,5
2016,11,5
2016,11,5
2016,11,5
2016,11,5
2016,11,5
2016,11,5
2016,11,5
2016,11,5
2016,11,5
2016,11,5
2016,11,5
2016,11,5
2016,11,5
2016,11,5
2016,11,5
2016,11,5
2016,11,5
2016,11,5
2016,11,5
2016,11,5
2016,11,5
2016,11,5
2016,11,5
2016,11,5
2016,11,5
2016,11,5
2016,11,5
2016,11,5
2016,11,5
2016,11,5
2016,11,5
2016,11,5
2016,11,5
2016,11,5
2016,11,5
2016,11,5
2016,11,5
2016,11,5
2016,11,5
2016,11,5
2016,11,5
2016,11,5
2016,11,5
2016,11,5
2016,11,5
2016,11,5
2016,11,5
2016,11,5
2016,11,5
2016,11,5
2016,11,5
2016,11,5
2016,11,5
2016,11,5
2016,11,5
2016,11,5
2016,11,5
2016,11,5
2016,11,5
2016,11,5
2016,11,5
2016,11,5
2016,11,5
2016,11,5
2016,11,5
2016,11,5
2016,11,5
2016,11,5
2016,11,5
2016,11,5
2016,11,5
2016,11,5
2016,11,5
2016,11,5
2016,11,5
2016,11,5
2016,11,5
2016,11,5
2016,11,5
2016,11,5
2016,11,5
2016,11,5
2016,11,5
2016,11,5
2016,11,5
2016,11,5
2016,11,5
2016,11,5
2016,11,5
2016,11,5
2016,11,5
2016,11,5
2016,11,5
2016,11,5
2016,11,5
2016,11,5
2016,11,5
2016,11,5
2016,11,5
2016,11,5
2016,11,5
2016,11,5
2016,11,5
2016,11,5
2016,11,5
2016,11,5
2016,11,5
2016,11,5
2016,11,5
2016,11,5
2016,11,5
2016,11,5
2016,11,5
2016,11,5
2016,11,5
2016,11,5
2016,11,5
2016,11,5
2016,11,5
2016,11,5
2016,11,5
2016,11,5
2016,11,5
2016,11,5
2016,11,5
2016,11,5
2016,11,5
2016,11,5
2016,11,5
2016,11,5
2016,11,5
2016,11,5
2016,11,5
2016,11,5
2016,11,5
2016,11,5
2016,11,5
2016,11,5
2016,11,5
2016,11,5
2016,11,5
2016,11,5
2016,11,5
2016,11,5
2016,11,5
2016,11,5
2016,11,5
2016,11,5
2016,11,5
2016,11,5
2016,11,5
2016,11,5
2016,11,5
2016,11,5
2016,11,5
2016,11,5
2016,11,5
2016,11,5
2016,11,5
2016,11,5
2016,11,5
2016,11,5
2016,11,5
2016,11,5
2016,11,5
2016,11,5
2016,11,5
2016,11,5
2016,11,5
2016,11,5
2016,11,5
2016,11,5
2016,11,5
2016,11,5
2016,11,5
2016,11,5
2016,11,5
2016,11,5
2016,11,5
2016,11,5
2016,11,5
2016,11,5
2016,11,5
2016,11,5
2016,11,5
2016,11,5
2016,11,5
2016,11,5
2016,11,5
2016,11,5
2016,11,5
2016,11,5
2016,11,5
2016,11,5
2016,11,5
2016,11,5
2016,11,5
2016,11,5
2016,11,5
2016,11,5
2016,11,5
2016,11,5
2016,11,5
2016,11,5
2016,11,5
2016,11,5
2016,11,5
2016,11,5
2016,11,5
2016,11,5
2016,11,5
2016,11,5
2016,11,5
2016,11,5
2016,11,5
2016,11,5
2016,11,5
2016,11,5
2016,11,5
2016,11,5
2016,11,5
2016,11,5
2016,11,5
2016,11,5
2016,11,5
2016,11,5
2016,11,5
2016,11,5
2016,11,5
2016,11,5
2016,11,5
2016,11,5
2016,11,5
2016,11,5
2016,11,5
2016,11,5
2016,11,5
2016,11,5
2016,11,5
2016,11,5
2016,11,5
2016,11,5
2016,11,5
2016,11,5
2016,11,5
2016,11,5
2016,11,5
2016,11,5
2016,11,5
2016,11,5
2016,11,5
2016,11,5
2016,11,5
2016,11,5
2016,11,5
2016,11,5
2016,11,5
2016,11,5
2016,11,5
2016,11,5
2016,11,5
2016,11,5
2016,11,5
2016,11,5
2016,11,5
2016,11,5
2016,11,5
2016,11,5
2016,11,5
2016,11,5
2016,11,5
2016,11,5
2016,11,5
2016,11,5
2016,11,5
2016,11,5
2016,11,5
2016,11,5
2016,11,5
2016,11,5
2016,11,5
2016,11,5
2016,11,5
2016,11,5
2016,11,5
2016,11,5
2016,11,5
2016,11,5
2016,11,5
2016,11,5
2016,11,5
2016,11,5
2016,11,5
2016,11,5
2016,11,5
2016,11,5
2016,11,5
2016,11,5
2016,11,5
2016,11,5
2016,11,5
2016,11,5
2016,11,5
2016,11,5
2016,11,5
2016,11,5
2016,11,5
2016,11,5
2016,11,5
2016,11,5
2016,11,5
2016,11,5
2016,11,5
2016,11,5
2016,11,5
2016,11,5
2016,11,5
2016,11,5
2016,11,5
2016,11,5
2016,11,5
2016,11,5
2016,11,5
2016,11,5
2016,11,5
2016,11,5
2016,11,5
2016,11,5
2016,11,5
2016,11,5
2016,11,5
2016,11,5
2016,11,5
2016,11,5
2016,11,5
2016,11,5
2016,11,5
2016,11,5
2016,11,5
2016,11,5
2016,11,5
2016,11,5
2016,11,5
2016,11,5
2016,11,5
2016,11,5
2016,11,5
2016,11,5
2016,11,5
2016,11,5
2016,11,5
2016,11,5
2016,11,5
2016,11,5
2016,11,5
2016,11,5
2016,11,5
2016,11,5
2016,11,5
2016,11,5
2016,11,5
2016,11,5
2016,11,5
2016,11,5
2016,11,5
2016,11,5
2016,11,5
2016,11,5
2016,11,5
2016,11,5
2016,11,5
2016,11,5
2016,11,5
2016,11,5
2016,11,5
2016,11,5
2016,11,5
2016,11,5
2016,11,5
2016,11,5
2016,11,5
2016,11,5
2016,11,5
2016,11,5
2016,11,5
2016,11,5
2016,11,5
2016,11,5
2016,11,5
2016,11,5
2016,11,5
2016,11,5
2016,11,5
2016,11,5
2016,11,5
2016,11,5
2016,11,5
2016,11,5
2016,11,5
2016,11,5
2016,11,5
2016,11,5
2016,11,5
2016,11,5
2016,11,5
2016,11,5
2016,11,5
2016,11,5
2016,11,5
2016,11,5
2016,11,5
2016,11,5
2016,11,5
2016,11,5
2016,11,5
2016,11,5
2016,11,5
2016,11,5
2016,11,5
2016,11,5
2016,11,5
2016,11,5
2016,11,5
2016,11,5
2016,11,5
2016,11,5
2016,11,5
2016,11,5
2016,11,5
2016,11,5
2016,11,5
2016,11,5
2016,11,5
2016,11,5
2016,11,5
2016,11,5
2016,11,5
2016,11,5
2016,11,5
2016,11,5
2016,11,5
2016,11,5
2016,11,5
2016,11,5
2016,11,5
2016,11,5
2016,11,5
2016,11,5
2016,11,5
2016,11,5
2016,11,5
2016,11,5
2016,11,5
2016,11,5
2016,11,5
2016,11,5
2016,11,5
2016,11,5
2016,11,5
2016,11,5
2016,11,5
2016,11,5
2016,11,5
2016,11,5
2016,11,5
2016,11,5
2016,11,5
2016,11,5
2016,11,5
2016,11,5
2016,11,5
2016,11,5
2016,11,5
2016,11,5
2016,11,5
2016,11,5
2016,11,5
2016,11,5
2016,11,5
2016,11,5
2016,11,5
2016,11,5
2016,11,5
2016,11,5
2016,11,5
2016,11,5
2016,11,5
2016,11,5
2016,11,5
2016,11,5
2016,11,5
2016,11,5
2016,11,5
2016,11,5
2016,11,5
2016,11,5
2016,11,5
2016,11,5
2016,11,5
2016,11,5
2016,11,5
2016,11,5
2016,11,5
2016,11,5
2016,11,5
2016,11,5
2016,11,5
2016,11,5
2016,11,5
2016,11,5
2016,11,5
2016,11,5
2016,11,5
2016,11,5
2016,11,5
2016,11,5
2016,11,5
2016,11,5
2016,11,5
2016,11,5
2016,11,5
2016,11,5
2016,11,5
2016,11,5
2016,11,5
2016,11,5
2016,11,5
2016,11,5
2016,11,5
2016,11,5
2016,11,5
2016,11,5
2016,11,5
2016,11,5
2016,11,5
2016,11,5
2016,11,5
2016,11,5
2016,11,5
2016,11,5
2016,11,5
2016,11,5
2016,11,5
2016,11,5
2016,11,5
2016,11,5
2016,11,5
2016,11,5
2016,11,5
2016,11,5
2016,11,5
2016,11,5
2016,11,5
2016,11,5
2016,11,5
2016,11,5
2016,11,5
2016,11,5
2016,11,5
2016,11,5
2016,11,5
2016,11,5
2016,11,5
2016,11,5
2016,11,5
2016,11,5
2016,11,5
2016,11,5
2016,11,5
2016,11,5
2016,11,5
2016,11,5
2016,11,5
2016,11,5
2016,11,5
2016,11,5
2016,11,5
2016,11,5
2016,11,5
2016,11,5
2016,11,5
2016,11,5
2016,11,5
2016,11,5
2016,11,5
2016,11,5
2016,11,5
2016,11,5
2016,11,5
2016,11,5
2016,11,5
2016,11,5
2016,11,5
2016,11,5
2016,11,5
2016,11,5
2016,11,5
2016,11,5
2016,11,5
2016,11,5
2016,11,5
2016,11,5
2016,11,5
2016,11,5
2016,11,5
2016,11,5
2016,11,5
2016,11,5
2016,11,5
2016,11,5
2016,11,5
2016,11,5
2016,11,5
2016,11,5
2016,11,5
2016,11,5
2016,11,5
2016,11,5
2016,11,5
2016,11,5
2016,11,5
2016,11,5
2016,11,5
2016,11,5
2016,11,5
2016,11,5
2016,11,5
2016,11,5
2016,11,5
2016,11,5
2016,11,5
2016,11,5
2016,11,5
2016,11,5
2016,11,5
2016,11,5
2016,11,5
2016,11,5
2016,11,5
2016,11,5
2016,11,5
2016,11,5
2016,11,5
2016,11,5
2016,11,5
2016,11,5
2016,11,5
2016,11,5
2016,11,5
2016,11,5
2016,11,5
2016,11,5
2016,11,5
2016,11,5
2016,11,5
2016,11,5
2016,11,5
2016,11,5
2016,11,5
2016,11,5
2016,11,5
2016,11,5
2016,11,5
2016,11,5
2016,11,5
2016,11,5
2016,11,5
2016,11,5
2016,11,5
2016,11,5
2016,11,5
2016,11,5
2016,11,5
2016,11,5
2016,11,5
2016,11,5
2016,11,5
2016,11,5
2016,11,5
2016,11,5
2016,11,5
2016,11,5
2016,11,5
2016,11,5
2016,11,5
2016,11,5
2016,11,5
2016,11,5
2016,11,5
2016,11,5
2016,11,5
2016,11,5
2016,11,5
2016,11,5
2016,11,5
2016,11,5
2016,11,5
2016,11,5
2016,11,5
2016,11,5
2016,11,5
2016,11,5
2016,11,5
2016,11,5
2016,11,5
2016,11,5
2016,11,5
2016,11,5
2016,11,5
2016,11,5
2016,11,5
2016,11,5
2016,11,5
2016,11,5
2016,11,5
2016,11,5
2016,11,5
2016,11,5
2016,11,5
2016,11,5
2016,11,5
2016,11,5
2016,11,5
2016,11,5
2016,11,5
2016,11,5
2016,11,5
2016,11,5
2016,11,5
2016,11,5
2016,11,5
2016,11,5
2016,11,5
2016,11,5
2016,11,5
2016,11,5
2016,11,5
2016,11,5
2016,11,5
2016,11,5
2016,11,5
2016,11,5
2016,11,5
2016,11,5
2016,11,5
2016,11,5
2016,11,5
2016,11,5
2016,11,5
2016,11,5
2016,11,5
2016,11,5
2016,11,5
2016,11,5
2016,11,5
2016,11,5
2016,11,5
2016,11,5
2016,11,5
2016,11,5
2016,11,5
2016,11,5
2016,11,5
2016,11,5
2016,11,5
2016,11,5
2016,11,5
2016,11,5
2016,11,5
2016,11,5
2016,11,5
2016,11,5
2016,11,5
2016,11,5
2016,11,5
2016,11,5
2016,11,5
2016,11,5
2016,11,5
2016,11,5
2016,11,5
2016,11,5
2016,11,5
2016,11,5
2016,11,5
2016,11,5
2016,11,5
2016,11,5
2016,11,5
2016,11,5
2016,11,5
2016,11,5
2016,11,5
2016,11,5
2016,11,5
2016,11,5
2016,11,5
2016,11,5
2016,11,5
2016,11,5
2016,11,5
2016,11,5
2016,11,5
2016,11,5
2016,11,5
2016,11,5
2016,11,5
2016,11,5
2016,11,5
2016,11,5
2016,11,5
2016,11,5
2016,11,5
2016,11,5
2016,11,5
2016,11,5
2016,11,5
2016,11,5
2016,11,5
2016,11,5
2016,11,5
2016,11,5
2016,11,5
2016,11,5
2016,11,5
2016,11,5
2016,11,5
2016,11,5
2016,11,5
2016,11,5
2016,11,5
2016,11,5
2016,11,5
2016,11,5
2016,11,5
2016,11,5
2016,11,5
2016,11,5
2016,11,5
2016,11,5
2016,11,5
2016,11,5
2016,11,5
2016,11,5
2016,11,5
2016,11,5
2016,11,5
2016,11,5
2016,11,5
2016,11,5
2016,11,5
2016,11,5
2016,11,5
2016,11,5
2016,11,5
2016,11,5
2016,11,5
2016,11,5
2016,11,5
2016,11,5
2016,11,5
2016,11,5
2016,11,5
2016,11,5
2016,11,5
2016,11,5
2016,11,5
2016,11,5
2016,11,5
2016,11,5
2016,11,5
2016,11,5
2016,11,5
2016,11,5
2016,11,5
2016,11,5
2016,11,5
2016,11,5
2016,11,5
2016,11,5
2016,11,5
2016,11,5
2016,11,5
2016,11,5
2016,11,5
2016,11,5
2016,11,5
2016,11,5
2016,11,5
2016,11,5
2016,11,5
2016,11,5
2016,11,5
2016,11,5
2016,11,5
2016,11,5
2016,11,5
2016,11,5
2016,11,5
2016,11,5
2016,11,5
2016,11,5
2016,11,5
2016,11,5
2016,11,5
2016,11,5
2016,11,5
2016,11,5
2016,11,5
2016,11,5
2016,11,5
2016,11,5
2016,11,5
2016,11,5
2016,11,5
2016,11,5
2016,11,5
2016,11,5
2016,11,5
2016,11,5
2016,11,5
2016,11,5
2016,11,5
2016,11,5
2016,11,5
2016,11,5
2016,11,5
2016,11,5
2016,11,5
2016,11,5
2016,11,5
2016,11,5
2016,11,5
2016,11,5
2016,11,5
2016,11,5
2016,11,5
2016,11,5
2016,11,5
2016,11,5
2016,11,5
2016,11,5
2016,11,5
2016,11,5
2016,11,5
2016,11,5
2016,11,5
2016,11,5
2016,11,5
2016,11,5
2016,11,5
2016,11,5
2016,11,5
2016,11,5
2016,11,5
2016,11,5
2016,11,5
2016,11,5
2016,11,5
2016,11,5
2016,11,5
2016,11,5
2016,11,5
2016,11,5
2016,11,5
2016,11,5
2016,11,5
2016,11,5
2016,11,5
2016,11,5
2016,11,5
2016,11,5
2016,11,5
2016,11,5
2016,11,5
2016,11,5
2016,11,5
2016,11,5
2016,11,5
2016,11,5
2016,11,5
2016,11,5
2016,11,5
2016,11,5
2016,11,5
2016,11,5
2016,11,5
2016,11,5
2016,11,5
2016,11,5
2016,11,5
2016,11,5
2016,11,5
2016,11,5
2016,11,5
2016,11,5
2016,11,5
2016,11,5
2016,11,5
2016,11,5
2016,11,5
2016,11,5
2016,11,5
2016,11,5
2016,11,5
2016,11,5
2016,11,5
2016,11,5
2016,11,5
2016,11,5
2016,11,5
2016,11,5
2016,11,5
2016,11,5
2016,11,5
2016,11,5
2016,11,5
2016,11,5
2016,11,5
2016,11,5
2016,11,5
2016,11,5
2016,11,5
2016,11,5
2016,11,5
2016,11,5
2016,11,5
2016,11,5
2016,11,5
2016,11,5
2016,11,5
2016,11,5
2016,11,5
2016,11,5
2016,11,5
2016,11,5
2016,11,5
2016,11,5
2016,11,5
2016,11,5
2016,11,5
2016,11,5
2016,11,5
2016,11,5
2016,11,5
2016,11,5
2016,11,5
2016,11,5
2016,11,5
2016,11,5
2016,11,5
2016,11,5
2016,11,5
2016,11,5
2016,11,5
2016,11,5
2016,11,5
2016,11,5
2016,11,5
2016,11,5
2016,11,5
2016,11,5
2016,11,5
2016,11,5
2016,11,5
2016,11,5
2016,11,5
2016,11,5
2016,11,5
2016,11,5
2016,11,5
2016,11,5
2016,11,5
2016,11,5
2016,11,5
2016,11,5
2016,11,5
2016,11,5
2016,11,5
2016,11,5
2016,11,5
2016,11,5
2016,11,5
2016,11,5
2016,11,5
2016,11,5
2016,11,5
2016,11,5
2016,11,5
2016,11,5
2016,11,5
2016,11,5
2016,11,5
2016,11,5
2016,11,5
2016,11,5
2016,11,5
2016,11,5
2016,11,5
2016,11,5
2016,11,5
2016,11,5
2016,11,5
2016,11,5
2016,11,5
2016,11,5
2016,11,5
2016,11,5
2016,11,5
2016,11,5
2016,11,5
2016,11,5
2016,11,5
2016,11,5
2016,11,5
2016,11,5
2016,11,5
2016,11,5
2016,11,5
2016,11,5
2016,11,5
2016,11,5
2016,11,5
2016,11,5
2016,11,5
2016,11,5
2016,11,5
2016,11,5
2016,11,5
2016,11,5
2016,11,5
2016,11,5
2016,11,5
2016,11,5
2016,11,5
2016,11,5
2016,11,5
2016,11,5
2016,11,5
2016,11,5
2016,11,5
2016,11,5
2016,11,5
2016,11,5
2016,11,5
2016,11,5
2016,11,5
2016,11,5
2016,11,5
2016,11,5
2016,11,5
2016,11,5
2016,11,5
2016,11,5
2016,11,5
2016,11,5
2016,11,5
2016,11,5
2016,11,5
2016,11,5
2016,11,5
2016,11,5
2016,11,5
2016,11,5
2016,11,5
2016,11,5
2016,11,5
2016,11,5
2016,11,5
2016,11,5
2016,11,5
2016,11,5
2016,11,5
2016,11,5
2016,11,5
2016,11,5
2016,11,5
2016,11,5
2016,11,5
2016,11,5
2016,11,5
2016,11,5
2016,11,5
2016,11,5
2016,11,5
2016,11,5
2016,11,5
2016,11,5
2016,11,5
2016,11,5
2016,11,5
2016,11,5
2016,11,5
2016,11,5
2016,11,5
2016,11,5
2016,11,5
2016,11,5
2016,11,5
2016,11,5
2016,11,5
2016,11,5
2016,11,5
2016,11,5
2016,11,5
2016,11,5
2016,11,5
2016,11,5
2016,11,5
2016,11,5
2016,11,5
2016,11,5
2016,11,5
2016,11,5
2016,11,5
2016,11,5
2016,11,5
2016,11,5
2016,11,5
2016,11,5
2016,11,5
2016,11,5
2016,11,5
2016,11,5
2016,11,5
2016,11,5
2016,11,5
2016,11,5
2016,11,5
2016,11,5
2016,11,5
2016,11,5
2016,11,5
2016,11,5
2016,11,5
2016,11,5
2016,11,5
2016,11,5
2016,11,5
2016,11,5
2016,11,5
2016,11,5
2016,11,5
2016,11,5
2016,11,5
2016,11,5
2016,11,5
2016,11,5
2016,11,5
2016,11,5
2016,11,5
2016,11,5
2016,11,5
2016,11,5
2016,11,5
2016,11,5
2016,11,5
2016,11,5
2016,11,5
2016,11,5
2016,11,5
2016,11,5
2016,11,5
2016,11,5
2016,11,5
2016,11,5
2016,11,5
2016,11,5
2016,11,5
2016,11,5
2016,11,5
2016,11,5
2016,11,5
2016,11,5
2016,11,5
2016,11,5
2016,11,5
2016,11,5
2016,11,5
2016,11,5
2016,11,5
2016,11,5
2016,11,5
2016,11,5
2016,11,5
2016,11,5
2016,11,5
2016,11,5
2016,11,5
2016,11,5
2016,11,5
2016,11,5
2016,11,5
2016,11,5
2016,11,5
2016,11,5
2016,11,5
2016,11,5
2016,11,5
2016,11,5
2016,11,5
2016,11,5
2016,11,5
2016,11,5
2016,11,5
2016,11,5
2016,11,5
2016,11,5
2016,11,5
2016,11,5
2016,11,5
2016,11,5
2016,11,5
2016,11,5
2016,11,5
2016,11,5
2016,11,5
2016,11,5
2016,11,5
2016,11,5
2016,11,5
2016,11,5
2016,11,5
2016,11,5
2016,11,5
2016,11,5
2016,11,5
2016,11,5
2016,11,5
2016,11,5
2016,11,5
2016,11,5
2016,11,5
2016,11,5
2016,11,5
2016,11,5
2016,11,5
2016,11,5
2016,11,5
2016,11,5
2016,11,5
2016,11,5
2016,11,5
2016,11,5
2016,11,5
2016,11,5
2016,11,5
2016,11,5
2016,11,5
2016,11,5
2016,11,5
2016,11,5
2016,11,5
2016,11,5
2016,11,5
2016,11,5
2016,11,5
2016,11,5
2016,11,5
2016,11,5
2016,11,5
2016,11,5
2016,11,5
2016,11,5
2016,11,5
2016,11,5
2016,11,5
2016,11,5
2016,11,5
2016,11,5
2016,11,5
2016,11,5
2016,11,5
2016,11,5
2016,11,5
2016,11,5
2016,11,5
2016,11,5
2016,11,5
2016,11,5
2016,11,5
2016,11,5
2016,11,5
2016,11,5
2016,11,5
2016,11,5
2016,11,5
2016,11,5
2016,11,5
2016,11,5
2016,11,5
2016,11,5
2016,11,5
2016,11,5
2016,11,5
2016,11,5
2016,11,5
2016,11,5
2016,11,5
2016,11,5
2016,11,5
2016,11,5
2016,11,5
2016,11,5
2016,11,5
2016,11,5
2016,11,5
2016,11,5
2016,11,5
2016,11,5
2016,11,5
2016,11,5
2016,11,5
2016,11,5
2016,11,5
2016,11,5
2016,11,5
2016,11,5
2016,11,5
2016,11,5
2016,11,5
2016,11,5
2016,11,5
2016,11,5
2016,11,5
2016,11,5
2016,11,5
2016,11,5
2016,11,5
2016,11,5
2016,11,5
2016,11,5
2016,11,5
2016,11,5
2016,11,5
2016,11,5
2016,11,5
2016,11,5
2016,11,5
2016,11,5
2016,11,5
2016,11,5
2016,11,5
2016,11,5
2016,11,5
2016,11,5
2016,11,5
2016,11,5
2016,11,5
2016,11,5
2016,11,5
2016,11,5
2016,11,5
2016,11,5
2016,11,5
2016,11,5
2016,11,5
2016,11,5
2016,11,5
2016,11,5
2016,11,5
2016,11,5
2016,11,5
2016,11,5
2016,11,5
2016,11,5
2016,11,5
2016,11,5
2016,11,5
2016,11,5
2016,11,5
2016,11,5
2016,11,5
2016,11,5
2016,11,5
2016,11,5
2016,11,5
2016,11,5
2016,11,5
2016,11,5
2016,11,5
2016,11,5
2016,11,5
2016,11,5
2016,11,5
2016,11,5
2016,11,5
2016,11,5
2016,11,5
2016,11,5
2016,11,5
2016,11,5
2016,11,5
2016,11,5
2016,11,5
2016,11,5
2016,11,5
2016,11,5
2016,11,5
2016,11,5
2016,11,5
2016,11,5
2016,11,5
2016,11,5
2016,11,5
2016,11,5
2016,11,5
2016,11,5
2016,11,5
2016,11,5
2016,11,5
2016,11,5
2016,11,5
2016,11,5
2016,11,5
2016,11,5
2016,11,5
2016,11,5
2016,11,5
2016,11,5
2016,11,5
2016,11,5
2016,11,5
2016,11,5
2016,11,5
2016,11,5
2016,11,5
2016,11,5
2016,11,5
2016,11,5
2016,11,5
2016,11,5
2016,11,5
2016,11,5
2016,11,5
2016,11,5
2016,11,5
2016,11,5
2016,11,5
2016,11,5
2016,11,5
2016,11,5
2016,11,5
2016,11,5
2016,11,5
2016,11,5
2016,11,5
2016,11,5
2016,11,5
2016,11,5
2016,11,5
2016,11,5
2016,11,5
2016,11,5
2016,11,5
2016,11,5
2016,11,5
2016,11,5
2016,11,5
2016,11,5
2016,11,5
2016,11,5
2016,11,5
2016,11,5
2016,11,5
2016,11,5
2016,11,5
2016,11,5
2016,11,5
2016,11,5
2016,11,5
2016,11,5
2016,11,5
2016,11,5
2016,11,5
2016,11,5
2016,11,5
2016,11,5
2016,11,5
2016,11,5
2016,11,5
2016,11,5
2016,11,5
2016,11,5
2016,11,5
2016,11,5
2016,11,5
2016,11,5
2016,11,5
2016,11,5
2016,11,5
2016,11,5
2016,11,5
2016,11,5
2016,11,5
2016,11,5
2016,11,5
2016,11,5
2016,11,5
2016,11,5
2016,11,5
2016,11,5
2016,11,5
2016,11,5
2016,11,5
2016,11,5
2016,11,5
2016,11,5
2016,11,5
2016,11,5
2016,11,5
2016,11,5
2016,11,5
2016,11,5
2016,11,5
2016,11,5
2016,11,5
2016,11,5
2016,11,5
2016,11,5
2016,11,5
2016,11,5
2016,11,5
2016,11,5
2016,11,5
2016,11,5
2016,11,5
2016,11,5
2016,11,5
2016,11,5
2016,11,5
2016,11,5
2016,11,5
2016,11,5
2016,11,5
2016,11,5
2016,11,5
2016,11,5
2016,11,5
2016,11,5
2016,11,5
2016,11,5
2016,11,5
2016,11,5
2016,11,5
2016,11,5
2016,11,5
2016,11,5
2016,11,5
2016,11,5
2016,11,5
2016,11,5
2016,11,5
2016,11,5
2016,11,5
2016,11,5
2016,11,5
2016,11,5
2016,11,5
2016,11,5
2016,11,5
2016,11,5
2016,11,5
2016,11,5
2016,11,5
2016,11,5
2016,11,5
2016,11,5
2016,11,5
2016,11,5
2016,11,5
2016,11,5
2016,11,5
2016,11,5
2016,11,5
2016,11,5
2016,11,5
2016,11,5
2016,11,5
2016,11,5
2016,11,5
2016,11,5
2016,11,5
2016,11,5
2016,11,5
2016,11,5
2016,11,5
2016,11,5
2016,11,5
2016,11,5
2016,11,5
2016,11,5
2016,11,5
2016,11,5
2016,11,5
2016,11,5
2016,11,5
2016,11,5
2016,11,5
2016,11,5
2016,11,5
2016,11,5
2016,11,5
2016,11,5
2016,11,5
2016,11,5
2016,11,5
2016,11,5
2016,11,5
2016,11,5
2016,11,5
2016,11,5
2016,11,5
2016,11,5
2016,11,5
2016,11,5
2016,11,5
2016,11,5
2016,11,5
2016,11,5
2016,11,5
2016,11,5
2016,11,5
2016,11,5
2016,11,5
2016,11,5
2016,11,5
2016,11,5
2016,11,5
2016,11,5
2016,11,5
2016,11,5
2016,11,5
2016,11,5
2016,11,5
2016,11,5
2016,11,5
2016,11,5
2016,11,5
2016,11,5
2016,11,5
2016,11,5
2016,11,5
2016,11,5
2016,11,5
2016,11,5
2016,11,5
2016,11,5
2016,11,5
2016,11,5
2016,11,5
2016,11,5
2016,11,5
2016,11,5
2016,11,5
2016,11,5
2016,11,5
2016,11,5
2016,11,5
2016,11,5
2016,11,5
2016,11,5
2016,11,5
2016,11,5
2016,11,5
2016,11,5
2016,11,5
2016,11,5
2016,11,5
2016,11,5
2016,11,5
2016,11,5
2016,11,5
2016,11,5
2016,11,5
2016,11,5
2016,11,5
2016,11,5
2016,11,5
2016,11,5
2016,11,5
2016,11,5
2016,11,5
2016,11,5
2016,11,5
2016,11,5
2016,11,5
2016,11,5
2016,11,5
2016,11,5
2016,11,5
2016,11,5
2016,11,5
2016,11,5
2016,11,5
2016,11,5
2016,11,5
2016,11,5
2016,11,5
2016,11,5
2016,11,5
2016,11,5
2016,11,5
2016,11,5
2016,11,5
2016,11,5
2016,11,5
2016,11,5
2016,11,5
2016,11,5
2016,11,5
2016,11,5
2016,11,5
2016,11,5
2016,11,5
2016,11,5
2016,11,5
2016,11,5
2016,11,5
2016,11,5
2016,11,5
2016,11,5
2016,11,5
2016,11,5
2016,11,5
2016,11,5
2016,11,5
2016,11,5
2016,11,5
2016,11,5
2016,11,5
2016,11,5
2016,11,5
2016,11,5
2016,11,5
2016,11,5
2016,11,5
2016,11,5
2016,11,5
2016,11,5
2016,11,5
2016,11,5
2016,11,5
2016,11,5
2016,11,5
2016,11,5
2016,11,5
2016,11,5
2016,11,5
2016,11,5
2016,11,5
2016,11,5
2016,11,5
2016,11,5
2016,11,5
2016,11,5
2016,11,5
2016,11,5
2016,11,5
2016,11,5
2016,11,5
2016,11,5
2016,11,5
2016,11,5
2016,11,5
2016,11,5
2016,11,5
2016,11,5
2016,11,5
2016,11,5
2016,11,5
2016,11,5
2016,11,5
2016,11,5
2016,11,5
2016,11,5
2016,11,5
2016,11,5
2016,11,5
2016,11,5
2016,11,5
2016,11,5
2016,11,5
2016,11,5
2016,11,5
2016,11,5
2016,11,5
2016,11,5
2016,11,5
2016,11,5
2016,11,5
2016,11,5
2016,11,5
2016,11,5
2016,11,5
2016,11,5
2016,11,5
2016,11,5
2016,11,5
2016,11,5
2016,11,5
2016,11,5
2016,11,5
2016,11,5
2016,11,5
2016,11,5
2016,11,5
2016,11,5
2016,11,5
2016,11,5
2016,11,5
2016,11,5
2016,11,5
2016,11,5
2016,11,5
2016,11,5
2016,11,5
2016,11,5
2016,11,5
2016,11,5
2016,11,5
2016,11,5
2016,11,5
2016,11,5
2016,11,5
2016,11,5
2016,11,5
2016,11,5
2016,11,5
2016,11,5
2016,11,5
2016,11,5
2016,11,5
2016,11,5
2016,11,5
2016,11,5
2016,11,5
2016,11,5
2016,11,5
2016,11,5
2016,11,5
2016,11,5
2016,11,5
2016,11,5
2016,11,5
2016,11,5
2016,11,5
2016,11,5
2016,11,5
2016,11,5
2016,11,5
2016,11,5
2016,11,5
2016,11,5
2016,11,5
2016,11,5
2016,11,5
2016,11,5
2016,11,5
2016,11,5
2016,11,5
2016,11,5
2016,11,5
2016,11,5
2016,11,5
2016,11,5
2016,11,5
2016,11,5
2016,11,5
2016,11,5
2016,11,5
2016,11,5
2016,11,5
2016,11,5
2016,11,5
2016,11,5
2016,11,5
2016,11,5
2016,11,5
2016,11,5
2016,11,5
2016,11,5
2016,11,5
2016,11,5
2016,11,5
2016,11,5
2016,11,5
2016,11,5
2016,11,5
2016,11,5
2016,11,5
2016,11,5
2016,11,5
2016,11,5
2016,11,5
2016,11,5
2016,11,5
2016,11,5
2016,11,5
2016,11,5
2016,11,5
2016,11,5
2016,11,5
2016,11,5
2016,11,5
2016,11,5
2016,11,5
2016,11,5
2016,11,5
2016,11,5
2016,11,5
2016,11,5
2016,11,5
2016,11,5
2016,11,5
2016,11,5
2016,11,5
2016,11,5
2016,11,5
2016,11,5
2016,11,5
2016,11,5
2016,11,5
2016,11,5
2016,11,5
2016,11,5
2016,11,5
2016,11,5
2016,11,5
2016,11,5
2016,11,5
2016,11,5
2016,11,5
2016,11,5
2016,11,5
2016,11,5
2016,11,5
2016,11,5
2016,11,5
2016,11,5
2016,11,5
2016,11,5
2016,11,5
2016,11,5
2016,11,5
2016,11,5
2016,11,5
2016,11,5
2016,11,5
2016,11,5
2016,11,5
2016,11,5
2016,11,5
2016,11,5
2016,11,5
2016,11,5
2016,11,5
2016,11,5
2016,11,5
2016,11,5
2016,11,5
2016,11,5
2016,11,5
2016,11,5
2016,11,5
2016,11,5
2016,11,5
2016,11,5
2016,11,5
2016,11,5
2016,11,5
2016,11,5
2016,11,5
2016,11,5
2016,11,5
2016,11,5
2016,11,5
2016,11,5
2016,11,5
2016,11,5
2016,11,5
2016,11,5
2016,11,5
2016,11,5
2016,11,5
2016,11,5
2016,11,5
2016,11,5
2016,11,5
2016,11,5
2016,11,5
2016,11,5
2016,11,5
2016,11,5
2016,11,5
2016,11,5
2016,11,5
2016,11,5
2016,11,5
2016,11,5
2016,11,5
2016,11,5
2016,11,5
2016,11,5
2016,11,5
2016,11,5
2016,11,5
2016,11,5
2016,11,5
2016,11,5
2016,11,5
2016,11,5
2016,11,5
2016,11,5
2016,11,5
2016,11,5
2016,11,5
2016,11,5
2016,11,5
2016,11,5
2016,11,5
2016,11,5
2016,11,5
2016,11,5
2016,11,5
2016,11,5
2016,11,5
2016,11,5
2016,11,5
2016,11,5
2016,11,5
2016,11,5
2016,11,5
2016,11,5
2016,11,5
2016,11,5
2016,11,5
2016,11,5
2016,11,5
2016,11,5
2016,11,5
2016,11,5
2016,11,5
2016,11,5
2016,11,5
2016,11,5
2016,11,5
2016,11,5
2016,11,5
2016,11,5
2016,11,5
2016,11,5
2016,11,5
2016,11,5
2016,11,5
2016,11,5
2016,11,5
2016,11,5
2016,11,5
2016,11,5
2016,11,5
2016,11,5
2016,11,5
2016,11,5
2016,11,5
2016,11,5
2016,11,5
2016,11,5
2016,11,5
2016,11,5
2016,11,5
2016,11,5
2016,11,5
2016,11,5
2016,11,5
2016,11,5
2016,11,5
2016,11,5
2016,11,5
2016,11,5
2016,11,5
2016,11,5
2016,11,5
2016,11,5
2016,11,5
2016,11,5
2016,11,5
2016,11,5
2016,11,5
2016,11,5
2016,11,5
2016,11,5
2016,11,5
2016,11,5
2016,11,5
2016,11,5
2016,11,5
2016,11,5
2016,11,5
2016,11,5
2016,11,5
2016,11,5
2016,11,5
2016,11,5
2016,11,5
2016,11,5
2016,11,5
2016,11,5
2016,11,5
2016,11,5
2016,11,5
2016,11,5
2016,11,5
2016,11,5
2016,11,5
2016,11,5
2016,11,5
2016,11,5
2016,11,5
2016,11,5
2016,11,5
2016,11,5
2016,11,5
2016,11,5
2016,11,5
2016,11,5
2016,11,5
2016,11,5
2016,11,5
2016,11,5
2016,11,5
2016,11,5
2016,11,5
2016,11,5
2016,11,5
2016,11,5
2016,11,5
2016,11,5
2016,11,5
2016,11,5
2016,11,5
2016,11,5
2016,11,5
2016,11,5
2016,11,5
2016,11,5
2016,11,5
2016,11,5
2016,11,5
2016,11,5
2016,11,5
2016,11,5
2016,11,5
2016,11,5
2016,11,5
2016,11,5
2016,11,5
2016,11,5
2016,11,5
2016,11,5
2016,11,5
2016,11,5
2016,11,5
2016,11,5
2016,11,5
2016,11,5
2016,11,5
2016,11,5
2016,11,5
2016,11,5
2016,11,5
2016,11,5
2016,11,5
2016,11,5
2016,11,5
2016,11,5
2016,11,5
2016,11,5
2016,11,5
2016,11,5
2016,11,5
2016,11,5
2016,11,5
2016,11,5
2016,11,5
2016,11,5
2016,11,5
2016,11,5
2016,11,5
2016,11,5
2016,11,5
2016,11,5
2016,11,5
2016,11,5
2016,11,5
2016,11,5
2016,11,5
2016,11,5
2016,11,5
2016,11,5
2016,11,5
2016,11,5
2016,11,5
2016,11,5
2016,11,5
2016,11,5
2016,11,5
2016,11,5
2016,11,5
2016,11,5
2016,11,5
2016,11,5
2016,11,5
2016,11,5
2016,11,5
2016,11,5
2016,11,5
2016,11,5
2016,11,5
2016,11,5
2016,11,5
2016,11,5
2016,11,5
2016,11,5
2016,11,5
2016,11,5
2016,11,5
2016,11,5
2016,11,5
2016,11,5
2016,11,5
2016,11,5
2016,11,5
2016,11,5
2016,11,5
2016,11,5
2016,11,5
2016,11,5
2016,11,5
2016,11,5
2016,11,5
2016,11,5
2016,11,5
2016,11,5
2016,11,5
2016,11,5
2016,11,5
2016,11,5
2016,11,5
2016,11,5
2016,11,5
2016,11,5
2016,11,5
2016,11,5
2016,11,5
2016,11,5
2016,11,5
2016,11,5
2016,11,5
2016,11,5
2016,11,5
2016,11,5
2016,11,5
2016,11,5
2016,11,5
2016,11,5
2016,11,5
2016,11,5
2016,11,5
2016,11,5
2016,11,5
2016,11,5
2016,11,5
2016,11,5
2016,11,5
2016,11,5
2016,11,5
2016,11,5
2016,11,5
2016,11,5
2016,11,5
2016,11,5
2016,11,5
2016,11,5
2016,11,5
2016,11,5
2016,11,5
2016,11,5
2016,11,5
2016,11,5
2016,11,5
2016,11,5
2016,11,5
2016,11,5
2016,11,5
2016,11,5
2016,11,5
2016,11,5
2016,11,5
2016,11,5
2016,11,5
2016,11,5
2016,11,5
2016,11,5
2016,11,5
2016,11,5
2016,11,5
2016,11,5
2016,11,5
2016,11,5
2016,11,5
2016,11,5
2016,11,5
2016,11,5
2016,11,5
2016,11,5
2016,11,5
2016,11,5
2016,11,5
2016,11,5
2016,11,5
2016,11,5
2016,11,5
2016,11,5
2016,11,5
2016,11,5
2016,11,5
2016,11,5
2016,11,5
2016,11,5
2016,11,5
2016,11,5
2016,11,5
2016,11,5
2016,11,5
2016,11,5
2016,11,5
2016,11,5
2016,11,5
2016,11,5
2016,11,5
2016,11,5
2016,11,5
2016,11,5
2016,11,5
2016,11,5
2016,11,5
2016,11,5
2016,11,5
2016,11,5
2016,11,5
2016,11,5
2016,11,5
2016,11,5
2016,11,5
2016,11,5
2016,11,5
2016,11,5
2016,11,5
2016,11,5
2016,11,5
2016,11,5
2016,11,5
2016,11,5
2016,11,5
2016,11,5
2016,11,5
2016,11,5
2016,11,5
2016,11,5
2016,11,5
2016,11,5
2016,11,5
2016,11,5
2016,11,5
2016,11,5
2016,11,5
2016,11,5
2016,11,5
2016,11,5
2016,11,5
2016,11,5
2016,11,5
2016,11,5
2016,11,5
2016,11,5
2016,11,5
2016,11,5
2016,11,5
2016,11,5
2016,11,5
2016,11,5
2016,11,5
2016,11,5
2016,11,5
2016,11,5
2016,11,5
2016,11,5
2016,11,5
2016,11,5
2016,11,5
2016,11,5
2016,11,5
2016,11,5
2016,11,5
2016,11,5
2016,11,5
2016,11,5
2016,11,5
2016,11,5
2016,11,5
2016,11,5
2016,11,5
2016,11,5
2016,11,5
2016,11,5
2016,11,5
2016,11,5
2016,11,5
2016,11,5
2016,11,5
2016,11,5
2016,11,5
2016,11,5
2016,11,5
2016,11,5
2016,11,5
2016,11,5
2016,11,5
2016,11,5
2016,11,5
2016,11,5
2016,11,5
2016,11,5
2016,11,5
2016,11,5
2016,11,5
2016,11,5
2016,11,5
2016,11,5
2016,11,5
2016,11,5
2016,11,5
2016,11,5
2016,11,5
2016,11,5
2016,11,5
2016,11,5
2016,11,5
2016,11,5
2016,11,5
2016,11,5
2016,11,5
2016,11,5
2016,11,5
2016,11,5
2016,11,5
2016,11,5
2016,11,5
2016,11,5
2016,11,5
2016,11,5
2016,11,5
2016,11,5
2016,11,5
2016,11,5
2016,11,5
2016,11,5
2016,11,5
2016,11,5
2016,11,5
2016,11,5
2016,11,5
2016,11,5
2016,11,5
2016,11,5
2016,11,5
2016,11,5
2016,11,5
2016,11,5
2016,11,5
2016,11,5
2016,11,5
2016,11,5
2016,11,5
2016,11,5
2016,11,5
2016,11,5
2016,11,5
2016,11,5
2016,11,5
2016,11,5
2016,11,5
2016,11,5
2016,11,5
2016,11,5
2016,11,5
2016,11,5
2016,11,5
2016,11,5
2016,11,5
2016,11,5
2016,11,5
2016,11,5
2016,11,5
2016,11,5
2016,11,5
2016,11,5
2016,11,5
2016,11,5
2016,11,5
2016,11,5
2016,11,5
2016,11,5
2016,11,5
2016,11,5
2016,11,5
2016,11,5
2016,11,5
2016,11,5
2016,11,5
2016,11,5
2016,11,5
2016,11,5
2016,11,5
2016,11,5
2016,11,5
2016,11,5
2016,11,5
2016,11,5
2016,11,5
2016,11,5
2016,11,5
2016,11,5
2016,11,5
2016,11,5
2016,11,5
2016,11,5
2016,11,5
2016,11,5
2016,11,5
2016,11,5
2016,11,5
2016,11,5
2016,11,5
2016,11,5
2016,11,5
2016,11,5
2016,11,5
2016,11,5
2016,11,5
2016,11,5
2016,11,5
2016,11,5
2016,11,5
2016,11,5
2016,11,5
2016,11,5
2016,11,5
2016,11,5
2016,11,5
2016,11,5
2016,11,5
2016,11,5
2016,11,5
2016,11,5
2016,11,5
2016,11,5
2016,11,5
2016,11,5
2016,11,5
2016,11,5
2016,11,5
2016,11,5
2016,11,5
2016,11,5
2016,11,5
2016,11,5
2016,11,5
2016,11,5
2016,11,5
2016,11,5
2016,11,5
2016,11,5
2016,11,5
2016,11,5
2016,11,5
2016,11,5
2016,11,5
2016,11,5
2016,11,5
2016,11,5
2016,11,5
2016,11,5
2016,11,5
2016,11,5
2016,11,5
2016,11,5
2016,11,5
2016,11,5
2016,11,5
2016,11,5
2016,11,5
2016,11,5
2016,11,5
2016,11,5
2016,11,5
2016,11,5
2016,11,5
2016,11,5
2016,11,5
2016,11,5
2016,11,5
2016,11,5
2016,11,5
2016,11,5
2016,11,5
2016,11,5
2016,11,5
2016,11,5
2016,11,5
2016,11,5
2016,11,5
2016,11,5
2016,11,5
2016,11,5
2016,11,5
2016,11,5
2016,11,5
2016,11,5
2016,11,5
2016,11,5
2016,11,5
2016,11,5
2016,11,5
2016,11,5
2016,11,5
2016,11,5
2016,11,5
2016,11,5
2016,11,5
2016,11,5
2016,11,5
2016,11,5
2016,11,5
2016,11,5
2016,11,5
2016,11,5
2016,11,5
2016,11,5
2016,11,5
2016,11,5
2016,11,5
2016,11,5
2016,11,5
2016,11,5
2016,11,5
2016,11,5
2016,11,5
2016,11,5
2016,11,5
2016,11,5
2016,11,5
2016,11,5
2016,11,5
2016,11,5
2016,11,5
2016,11,5
2016,11,5
2016,11,5
2016,11,5
2016,11,5
2016,11,5
2016,11,5
2016,11,5
2016,11,5
2016,11,5
2016,11,5
2016,11,5
2016,11,5
2016,11,5
2016,11,5
2016,11,5
2016,11,5
2016,11,5
2016,11,5
2016,11,5
2016,11,5
2016,11,5
2016,11,5
2016,11,5
2016,11,5
2016,11,5
2016,11,5
2016,11,5
2016,11,5
2016,11,5
2016,11,5
2016,11,5
2016,11,5
2016,11,5
2016,11,5
2016,11,5
2016,11,5
2016,11,5
2016,11,5
2016,11,5
2016,11,5
2016,11,5
2016,11,5
2016,11,5
2016,11,5
2016,11,5
2016,11,5
2016,11,5
2016,11,5
2016,11,5
2016,11,5
2016,11,5
2016,11,5
2016,11,5
2016,11,5
2016,11,5
2016,11,5
2016,11,5
2016,11,5
2016,11,5
2016,11,5
2016,11,5
2016,11,5
2016,11,5
2016,11,5
2016,11,5
2016,11,5
2016,11,5
2016,11,5
2016,11,5
2016,11,5
2016,11,5
2016,11,5
2016,11,5
2016,11,5
2016,11,5
2016,11,5
2016,11,5
2016,11,5
2016,11,5
2016,11,5
2016,11,5
2016,11,5
2016,11,5
2016,11,5
2016,11,5
2016,11,5
2016,11,5
2016,11,5
2016,11,5
2016,11,5
2016,11,5
2016,11,5
2016,11,5
2016,11,5
2016,11,5
2016,11,5
2016,11,5
2016,11,5
2016,11,5
2016,11,5
2016,11,5
2016,11,5
2016,11,5
2016,11,5
2016,11,5
2016,11,5
2016,11,5
2016,11,5
2016,11,5
2016,11,5
2016,11,5
2016,11,5
2016,11,5
2016,11,5
2016,11,5
2016,11,5
2016,11,5
2016,11,5
2016,11,5
2016,11,5
2016,11,5
2016,11,5
2016,11,5
2016,11,5
2016,11,5
2016,11,5
2016,11,5
2016,11,5
2016,11,5
2016,11,5
2016,11,5
2016,11,5
2016,11,5
2016,11,5
2016,11,5
2016,11,5
2016,11,5
2016,11,5
2016,11,5
2016,11,5
2016,11,5
2016,11,5
2016,11,5
2016,11,5
2016,11,5
2016,11,5
2016,11,5
2016,11,5
2016,11,5
2016,11,5
2016,11,5
2016,11,5
2016,11,5
2016,11,5
2016,11,5
2016,11,5
2016,11,5
2016,11,5
2016,11,5
2016,11,5
2016,11,5
2016,11,5
2016,11,5
2016,11,5
2016,11,5
2016,11,5
2016,11,5
2016,11,5
2016,11,5
2016,11,5
2016,11,5
2016,11,5
2016,11,5
2016,11,5
2016,11,5
2016,11,5
2016,11,5
2016,11,5
2016,11,5
2016,11,5
2016,11,5
2016,11,5
2016,11,5
2016,11,5
2016,11,5
2016,11,5
2016,11,5
2016,11,5
2016,11,5
2016,11,5
2016,11,5
2016,11,5
2016,11,5
2016,11,5
2016,11,5
2016,11,5
2016,11,5
2016,11,5
2016,11,5
2016,11,5
2016,11,5
2016,11,5
2016,11,5
2016,11,5
2016,11,5
2016,11,5
2016,11,5
2016,11,5
2016,11,5
2016,11,5
2016,11,5
2016,11,5
2016,11,5
2016,11,5
2016,11,5
2016,11,5
2016,11,5
2016,11,5
2016,11,5
2016,11,5
2016,11,5
2016,11,5
2016,11,5
2016,11,5
2016,11,5
2016,11,5
2016,11,5
2016,11,5
2016,11,5
2016,11,5
2016,11,5
2016,11,5
2016,11,5
2016,11,5
2016,11,5
2016,11,5
2016,11,5
2016,11,5
2016,11,5
2016,11,5
2016,11,5
2016,11,5
2016,11,5
2016,11,5
2016,11,5
2016,11,5
2016,11,5
2016,11,5
2016,11,5
2016,11,5
2016,11,5
2016,11,5
2016,11,5
2016,11,5
2016,11,5
2016,11,5
2016,11,5
2016,11,5
2016,11,5
2016,11,5
2016,11,5
2016,11,5
2016,11,5
2016,11,5
2016,11,5
2016,11,5
2016,11,5
2016,11,5
2016,11,5
2016,11,5
2016,11,5
2016,11,5
2016,11,5
2016,11,5
2016,11,5
2016,11,5
2016,11,5
2016,11,5
2016,11,5
2016,11,5
2016,11,5
2016,11,5
2016,11,5
2016,11,5
2016,11,5
2016,11,5
2016,11,5
2016,11,5
2016,11,5
2016,11,5
2016,11,5
2016,11,5
2016,11,5
2016,11,5
2016,11,5
2016,11,5
2016,11,5
2016,11,5
2016,11,5
2016,11,5
2016,11,5
2016,11,5
2016,11,5
2016,11,5
2016,11,5
2016,11,5
2016,11,5
2016,11,5
2016,11,5
2016,11,5
2016,11,5
2016,11,5
2016,11,5
2016,11,5
2016,11,5
2016,11,5
2016,11,5
2016,11,5
2016,11,5
2016,11,5
2016,11,5
2016,11,5
2016,11,5
2016,11,5
2016,11,5
2016,11,5
2016,11,5
2016,11,5
2016,11,5
2016,11,5
2016,11,5
2016,11,5
2016,11,5
2016,11,5
2016,11,5
2016,11,5
2016,11,5
2016,11,5
2016,11,5
2016,11,5
2016,11,5
2016,11,5
2016,11,5
2016,11,5
2016,11,5
2016,11,5
2016,11,5
2016,11,5
2016,11,5
2016,11,5
2016,11,5
2016,11,5
2016,11,5
2016,11,5
2016,11,5
2016,11,5
2016,11,5
2016,11,5
2016,11,5
2016,11,5
2016,11,5
2016,11,5
2016,11,5
2016,11,5
2016,11,5
2016,11,5
2016,11,5
2016,11,5
2016,11,5
2016,11,5
2016,11,5
2016,11,5
2016,11,5
2016,11,5
2016,11,5
2016,11,5
2016,11,5
2016,11,5
2016,11,5
2016,11,5
2016,11,5
2016,11,5
2016,11,5
2016,11,5
2016,11,5
2016,11,5
2016,11,5
2016,11,5
2016,11,5
2016,11,5
2016,11,5
2016,11,5
2016,11,5
2016,11,5
2016,11,5
2016,11,5
2016,11,5
2016,11,5
2016,11,5
2016,11,5
2016,11,5
2016,11,5
2016,11,5
2016,11,5
2016,11,5
2016,11,5
2016,11,5
2016,11,5
2016,11,5
2016,11,5
2016,11,5
2016,11,5
2016,11,5
2016,11,5
2016,11,5
2016,11,5
2016,11,5
2016,11,5
2016,11,5
2016,11,5
2016,11,5
2016,11,5
2016,11,5
2016,11,5
2016,11,5
2016,11,5
2016,11,5
2016,11,5
2016,11,5
2016,11,5
2016,11,5
2016,11,5
2016,11,5
2016,11,5
2016,11,5
2016,11,5
2016,11,5
2016,11,5
2016,11,5
2016,11,5
2016,11,5
2016,11,5
2016,11,5
2016,11,5
2016,11,5
2016,11,5
2016,11,5
2016,11,5
2016,11,5
2016,11,5
2016,11,5
2016,11,5
2016,11,5
2016,11,5
2016,11,5
2016,11,5
2016,11,5
2016,11,5
2016,11,5
2016,11,5
2016,11,5
2016,11,5
2016,11,5
2016,11,5
2016,11,5
2016,11,5
2016,11,5
2016,11,5
2016,11,5
2016,11,5
2016,11,5
2016,11,5
2016,11,5
2016,11,5
2016,11,5
2016,11,5
2016,11,5
2016,11,5
2016,11,5
2016,11,5
2016,11,5
2016,11,5
2016,11,5
2016,11,5
2016,11,5
2016,11,5
2016,11,5
2016,11,5
2016,11,5
2016,11,5
2016,11,5
2016,11,5
2016,11,5
2016,11,5
2016,11,5
2016,11,5
2016,11,5
2016,11,5
2016,11,5
2016,11,5
2016,11,5
2016,11,5
2016,11,5
2016,11,5
2016,11,5
2016,11,5
2016,11,5
2016,11,5
2016,11,5
2016,11,5
2016,11,5
2016,11,5
2016,11,5
2016,11,5
2016,11,5
2016,11,5
2016,11,5
2016,11,5
2016,11,5
2016,11,5
2016,11,5
2016,11,5
2016,11,5
2016,11,5
2016,11,5
2016,11,5
2016,11,5
2016,11,5
2016,11,5
2016,11,5
2016,11,5
2016,11,5
2016,11,5
2016,11,5
2016,11,5
2016,11,5
2016,11,5
2016,11,5
2016,11,5
2016,11,5
2016,11,5
2016,11,5
2016,11,5
2016,11,5
2016,11,5
2016,11,5
2016,11,5
2016,11,5
2016,11,5
2016,11,5
2016,11,5
2016,11,5
2016,11,5
2016,11,5
2016,11,5
2016,11,5
2016,11,5
2016,11,5
2016,11,5
2016,11,5
2016,11,5
2016,11,5
2016,11,5
2016,11,5
2016,11,5
2016,11,5
2016,11,5
2016,11,5
2016,11,5
2016,11,5
2016,11,5
2016,11,5
2016,11,5
2016,11,5
2016,11,5
2016,11,5
2016,11,5
2016,11,5
2016,11,5
2016,11,5
2016,11,5
2016,11,5
2016,11,5
2016,11,5
2016,11,5
2016,11,5
2016,11,5
2016,11,5
2016,11,5
2016,11,5
2016,11,5
2016,11,5
2016,11,5
2016,11,5
2016,11,5
2016,11,5
2016,11,5
2016,11,5
2016,11,5
2016,11,5
2016,11,5
2016,11,5
2016,11,5
2016,11,5
2016,11,5
2016,11,5
2016,11,5
2016,11,5
2016,11,5
2016,11,5
2016,11,5
2016,11,5
2016,11,5
2016,11,5
2016,11,5
2016,11,5
2016,11,5
2016,11,5
2016,11,5
2016,11,5
2016,11,5
2016,11,5
2016,11,5
2016,11,5
2016,11,5
2016,11,5
2016,11,5
2016,11,5
2016,11,5
2016,11,5
2016,11,5
2016,11,5
2016,11,5
2016,11,5
2016,11,5
2016,11,5
2016,11,5
2016,11,5
2016,11,5
2016,11,5
2016,11,5
2016,11,5
2016,11,5
2016,11,5
2016,11,5
2016,11,5
2016,11,5
2016,11,5
2016,11,5
2016,11,5
2016,11,5
2016,11,5
2016,11,5
2016,11,5
2016,11,5
2016,11,5
2016,11,5
2016,11,5
2016,11,5
2016,11,5
2016,11,5
2016,11,5
2016,11,5
2016,11,5
2016,11,5
2016,11,5
2016,11,5
2016,11,5
2016,11,5
2016,11,5
2016,11,5
2016,11,5
2016,11,5
2016,11,5
2016,11,5
2016,11,5
2016,11,5
2016,11,5
2016,11,5
2016,11,5
2016,11,5
2016,11,5
2016,11,5
2016,11,5
2016,11,5
2016,11,5
2016,11,5
2016,11,5
2016,11,5
2016,11,5
2016,11,5
2016,11,5
2016,11,5
2016,11,5
2016,11,5
2016,11,5
2016,11,5
2016,11,5
2016,11,5
2016,11,5
2016,11,5
2016,11,5
2016,11,5
2016,11,5
2016,11,5
2016,11,5
2016,11,5
2016,11,5
2016,11,5
2016,11,5
2016,11,5
2016,11,5
2016,11,5
2016,11,5
2016,11,5
2016,11,5
2016,11,5
2016,11,5
2016,11,5
2016,11,5
2016,11,5
2016,11,5
2016,11,5
2016,11,5
2016,11,5
2016,11,5
2016,11,5
2016,11,5
2016,11,5
2016,11,5
2016,11,5
2016,11,5
2016,11,5
2016,11,5
2016,11,5
2016,11,5
2016,11,5
2016,11,5
2016,11,5
2016,11,5
2016,11,5
2016,11,5
2016,11,5
2016,11,5
2016,11,5
2016,11,5
2016,11,5
2016,11,5
2016,11,5
2016,11,5
2016,11,5
2016,11,5
2016,11,5
2016,11,5
2016,11,5
2016,11,5
2016,11,5
2016,11,5
2016,11,5
2016,11,5
2016,11,5
2016,11,5
2016,11,5
2016,11,5
2016,11,5
2016,11,5
2016,11,5
2016,11,5
2016,11,5
2016,11,5
2016,11,5
2016,11,5
2016,11,5
2016,11,5
2016,11,5
2016,11,5
2016,11,5
2016,11,5
2016,11,5
2016,11,5
2016,11,5
2016,11,5
2016,11,5
2016,11,5
2016,11,5
2016,11,5
2016,11,5
2016,11,5
2016,11,5
2016,11,5
2016,11,5
2016,11,5
2016,11,5
2016,11,5
2016,11,5
2016,11,5
2016,11,5
2016,11,5
2016,11,5
2016,11,5
2016,11,5
2016,11,5
2016,11,5
2016,11,5
2016,11,5
2016,11,5
2016,11,5
2016,11,5
2016,11,5
2016,11,5
2016,11,5
2016,11,5
2016,11,5
2016,11,5
2016,11,5
2016,11,5
2016,11,5
2016,11,5
2016,11,5
2016,11,5
2016,11,5
2016,11,5
2016,11,5
2016,11,5
2016,11,5
2016,11,5
2016,11,5
2016,11,5
2016,11,5
2016,11,5
2016,11,5
2016,11,5
2016,11,5
2016,11,5
2016,11,5
2016,11,5
2016,11,5
2016,11,5
2016,11,5
2016,11,5
2016,11,5
2016,11,5
2016,11,5
2016,11,5
2016,11,5
2016,11,5
2016,11,5
2016,11,5
2016,11,5
2016,11,5
2016,11,5
2016,11,5
2016,11,5
2016,11,5
2016,11,5
2016,11,5
2016,11,5
2016,11,5
2016,11,5
2016,11,5
2016,11,5
2016,11,5
2016,11,5
2016,11,5
2016,11,5
2016,11,5
2016,11,5
2016,11,5
2016,11,5
2016,11,5
2016,11,5
2016,11,5
2016,11,5
2016,11,5
2016,11,5
2016,11,5
2016,11,5
2016,11,5
2016,11,5
2016,11,5
2016,11,5
2016,11,5
2016,11,5
2016,11,5
2016,11,5
2016,11,5
2016,11,5
2016,11,5
2016,11,5
2016,11,5
2016,11,5
2016,11,5
2016,11,5
2016,11,5
2016,11,5
2016,11,5
2016,11,5
2016,11,5
2016,11,5
2016,11,5
2016,11,5
2016,11,5
2016,11,5
2016,11,5
2016,11,5
2016,11,5
2016,11,5
2016,11,5
2016,11,5
2016,11,5
2016,11,5
2016,11,5
2016,11,5
2016,11,5
2016,11,5
2016,11,5
2016,11,5
2016,11,5
2016,11,5
2016,11,5
2016,11,5
2016,11,5
2016,11,5
2016,11,5
2016,11,5
2016,11,5
2016,11,5
2016,11,5
2016,11,5
2016,11,5
2016,11,5
2016,11,5
2016,11,5
2016,11,5
2016,11,5
2016,11,5
2016,11,5
2016,11,5
2016,11,5
2016,11,5
2016,11,5
2016,11,5
2016,11,5
2016,11,5
2016,11,5
2016,11,5
2016,11,5
2016,11,5
2016,11,5
2016,11,5
2016,11,5
2016,11,5
2016,11,5
2016,11,5
2016,11,5
2016,11,5
2016,11,5
2016,11,5
2016,11,5
2016,11,5
2016,11,5
2016,11,5
2016,11,5
2016,11,5
2016,11,5
2016,11,5
2016,11,5
2016,11,5
2016,11,5
2016,11,5
2016,11,5
2016,11,5
2016,11,5
2016,11,5
2016,11,5
2016,11,5
2016,11,5
2016,11,5
2016,11,5
2016,11,5
2016,11,5
2016,11,5
2016,11,5
2016,11,5
2016,11,5
2016,11,5
2016,11,5
2016,11,5
2016,11,5
2016,11,5
2016,11,5
2016,11,5
2016,11,5
2016,11,5
2016,11,5
2016,11,5
2016,11,5
2016,11,5
2016,11,5
2016,11,5
2016,11,5
2016,11,5
2016,11,5
2016,11,5
2016,11,5
2016,11,5
2016,11,5
2016,11,5
2016,11,5
2016,11,5
2016,11,5
2016,11,5
2016,11,5
2016,11,5
2016,11,5
2016,11,5
2016,11,5
2016,11,5
2016,11,5
2016,11,5
2016,11,5
2016,11,5
2016,11,5
2016,11,5
2016,11,5
2016,11,5
2016,11,5
2016,11,5
2016,11,5
2016,11,5
2016,11,5
2016,11,5
2016,11,5
2016,11,5
2016,11,5
2016,11,5
2016,11,5
2016,11,5
2016,11,5
2016,11,5
2016,11,5
2016,11,5
2016,11,5
2016,11,5
2016,11,5
2016,11,5
2016,11,5
2016,11,5
2016,11,5
2016,11,5
2016,11,5
2016,11,5
2016,11,5
2016,11,5
2016,11,5
2016,11,5
2016,11,5
2016,11,5
2016,11,5
2016,11,5
2016,11,5
2016,11,5
2016,11,5
2016,11,5
2016,11,5
2016,11,5
2016,11,5
2016,11,5
2016,11,5
2016,11,5
2016,11,5
2016,11,5
2016,11,5
2016,11,5
2016,11,5
2016,11,5
2016,11,5
2016,11,5
2016,11,5
2016,11,5
2016,11,5
2016,11,5
2016,11,5
2016,11,5
2016,11,5
2016,11,5
2016,11,5
2016,11,5
2016,11,5
2016,11,5
2016,11,5
2016,11,5
2016,11,5
2016,11,5
2016,11,5
2016,11,5
2016,11,5
2016,11,5
2016,11,5
2016,11,5
2016,11,5
2016,11,5
2016,11,5
2016,11,5
2016,11,5
2016,11,5
2016,11,5
2016,11,5
2016,11,5
2016,11,5
2016,11,5
2016,11,5
2016,11,5
2016,11,5
2016,11,5
2016,11,5
2016,11,5
2016,11,5
2016,11,5
2016,11,5
2016,11,5
2016,11,5
2016,11,5
2016,11,5
2016,11,5
2016,11,5
2016,11,5
2016,11,5
2016,11,5
2016,11,5
2016,11,5
2016,11,5
2016,11,5
2016,11,5
2016,11,5
2016,11,5
2016,11,5
2016,11,5
2016,11,5
2016,11,5
2016,11,5
2016,11,5
2016,11,5
2016,11,5
2016,11,5
2016,11,5
2016,11,5
2016,11,5
2016,11,5
2016,11,5
2016,11,5
2016,11,5
2016,11,5
2016,11,5
2016,11,5
2016,11,5
2016,11,5
2016,11,5
2016,11,5
2016,11,5
2016,11,5
2016,11,5
2016,11,5
2016,11,5
2016,11,5
2016,11,5
2016,11,5
2016,11,5
2016,11,5
2016,11,5
2016,11,5
2016,11,5
2016,11,5
2016,11,5
2016,11,5
2016,11,5
2016,11,5
2016,11,5
2016,11,5
2016,11,5
2016,11,5
2016,11,5
2016,11,5
2016,11,5
2016,11,5
2016,11,5
2016,11,5
2016,11,5
2016,11,5
2016,11,5
2016,11,5
2016,11,5
2016,11,5
2016,11,5
2016,11,5
2016,11,5
2016,11,5
2016,11,5
2016,11,5
2016,11,5
2016,11,5
2016,11,5
2016,11,5
2016,11,5
2016,11,5
2016,11,5
2016,11,5
2016,11,5
2016,11,5
2016,11,5
2016,11,5
2016,11,5
2016,11,5
2016,11,5
2016,11,5
2016,11,5
2016,11,5
2016,11,5
2016,11,5
2016,11,5
2016,11,5
2016,11,5
2016,11,5
2016,11,5
2016,11,5
2016,11,5
2016,11,5
2016,11,5
2016,11,5
2016,11,5
2016,11,5
2016,11,5
2016,11,5
2016,11,5
2016,11,5
2016,11,5
2016,11,5
2016,11,5
2016,11,5
2016,11,5
2016,11,5
2016,11,5
2016,11,5
2016,11,5
2016,11,5
2016,11,5
2016,11,5
2016,11,5
2016,11,5
2016,11,5
2016,11,5
2016,11,5
2016,11,5
2016,11,5
2016,11,5
2016,11,5
2016,11,5
2016,11,5
2016,11,5
2016,11,5
2016,11,5
2016,11,5
2016,11,5
2016,11,5
2016,11,5
2016,11,5
2016,11,5
2016,11,5
2016,11,5
2016,11,5
2016,11,5
2016,11,5
2016,11,5
2016,11,5
2016,11,5
2016,11,5
2016,11,5
2016,11,5
2016,11,5
2016,11,5
2016,11,5
2016,11,5
2016,11,5
2016,11,5
2016,11,5
2016,11,5
2016,11,5
2016,11,5
2016,11,5
2016,11,5
2016,11,5
2016,11,5
2016,11,5
2016,11,5
2016,11,5
2016,11,5
2016,11,5
2016,11,5
2016,11,5
2016,11,5
2016,11,5
2016,11,5
2016,11,5
2016,11,5
2016,11,5
2016,11,5
2016,11,5
2016,11,5
2016,11,5
2016,11,5
2016,11,5
2016,11,5
2016,11,5
2016,11,5
2016,11,5
2016,11,5
2016,11,5
2016,11,5
2016,11,5
2016,11,5
2016,11,5
2016,11,5
2016,11,5
2016,11,5
2016,11,5
2016,11,5
2016,11,5
2016,11,5
2016,11,5
2016,11,5
2016,11,5
2016,11,5
2016,11,5
2016,11,5
2016,11,5
2016,11,5
2016,11,5
2016,11,5
2016,11,5
2016,11,5
2016,11,5
2016,11,5
2016,11,5
2016,11,5
2016,11,5
2016,11,5
2016,11,5
2016,11,5
2016,11,5
2016,11,5
2016,11,5
2016,11,5
2016,11,5
2016,11,5
2016,11,5
2016,11,5
2016,11,5
2016,11,5
2016,11,5
2016,11,5
2016,11,5
2016,11,5
2016,11,5
2016,11,5
2016,11,5
2016,11,5
2016,11,5
2016,11,5
2016,11,5
2016,11,5
2016,11,5
2016,11,5
2016,11,5
2016,11,5
2016,11,5
2016,11,5
2016,11,5
2016,11,5
2016,11,5
2016,11,5
2016,11,5
2016,11,5
2016,11,5
2016,11,5
2016,11,5
2016,11,5
2016,11,5
2016,11,5
2016,11,5
2016,11,5
2016,11,5
2016,11,5
2016,11,5
2016,11,5
2016,11,5
2016,11,5
2016,11,5
2016,11,5
2016,11,5
2016,11,5
2016,11,5
2016,11,5
2016,11,5
2016,11,5
2016,11,5
2016,11,5
2016,11,5
2016,11,5
2016,11,5
2016,11,5
2016,11,5
2016,11,5
2016,11,5
2016,11,5
2016,11,5
2016,11,5
2016,11,5
2016,11,5
2016,11,5
2016,11,5
2016,11,5
2016,11,5
2016,11,5
2016,11,5
2016,11,5
2016,11,5
2016,11,5
2016,11,5
2016,11,5
2016,11,5
2016,11,5
2016,11,5
2016,11,5
2016,11,5
2016,11,5
2016,11,5
2016,11,5
2016,11,5
2016,11,5
2016,11,5
2016,11,5
2016,11,5
2016,11,5
2016,11,5
2016,11,5
2016,11,5
2016,11,5
2016,11,5
2016,11,5
2016,11,5
2016,11,5
2016,11,5
2016,11,5
2016,11,5
2016,11,5
2016,11,5
2016,11,5
2016,11,5
2016,11,5
2016,11,5
2016,11,5
2016,11,5
2016,11,5
2016,11,5
2016,11,5
2016,11,5
2016,11,5
2016,11,5
2016,11,5
2016,11,5
2016,11,5
2016,11,5
2016,11,5
2016,11,5
2016,11,5
2016,11,5
2016,11,5
2016,11,5
2016,11,5
2016,11,5
2016,11,5
2016,11,5
2016,11,5
2016,11,5
2016,11,5
2016,11,5
2016,11,5
2016,11,5
2016,11,5
2016,11,5
2016,11,5
2016,11,5
2016,11,5
2016,11,5
2016,11,5
2016,11,5
2016,11,5
2016,11,5
2016,11,5
2016,11,5
2016,11,5
2016,11,5
2016,11,5
2016,11,5
2016,11,5
2016,11,5
2016,11,5
2016,11,5
2016,11,5
2016,11,5
2016,11,5
2016,11,5
2016,11,5
2016,11,5
2016,11,5
2016,11,5
2016,11,5
2016,11,5
2016,11,5
2016,11,5
2016,11,5
2016,11,5
2016,11,5
2016,11,5
2016,11,5
2016,11,5
2016,11,5
2016,11,5
2016,11,5
2016,11,5
2016,11,5
2016,11,5
2016,11,5
2016,11,5
2016,11,5
2016,11,5
2016,11,5
2016,11,5
2016,11,5
2016,11,5
2016,11,5
2016,11,5
2016,11,5
2016,11,5
2016,11,5
2016,11,5
2016,11,5
2016,11,5
2016,11,5
2016,11,5
2016,11,5
2016,11,5
2016,11,5
2016,11,5
2016,11,5
2016,11,5
2016,11,5
2016,11,5
2016,11,5
2016,11,5
2016,11,5
2016,11,5
2016,11,5
2016,11,5
2016,11,5
2016,11,5
2016,11,5
2016,11,5
2016,11,5
2016,11,5
2016,11,5
2016,11,5
2016,11,5
2016,11,5
2016,11,5
2016,11,5
2016,11,5
2016,11,5
2016,11,5
2016,11,5
2016,11,5
2016,11,5
2016,11,5
2016,11,5
2016,11,5
2016,11,5
2016,11,5
2016,11,5
2016,11,5
2016,11,5
2016,11,5
2016,11,5
2016,11,5
2016,11,5
2016,11,5
2016,11,5
2016,11,5
2016,11,5
2016,11,5
2016,11,5
2016,11,5
2016,11,5
2016,11,5
2016,11,5
2016,11,5
2016,11,5
2016,11,5
2016,11,5
2016,11,5
2016,11,5
2016,11,5
2016,11,5
2016,11,5
2016,11,5
2016,11,5
2016,11,5
2016,11,5
2016,11,5
2016,11,5
2016,11,5
2016,11,5
2016,11,5
2016,11,5
2016,11,5
2016,11,5
2016,11,5
2016,11,5
2016,11,5
2016,11,5
2016,11,5
2016,11,5
2016,11,5
2016,11,5
2016,11,5
2016,11,5
2016,11,5
2016,11,5
2016,11,5
2016,11,5
2016,11,5
2016,11,5
2016,11,5
2016,11,5
2016,11,5
2016,11,5
2016,11,5
2016,11,5
2016,11,5
2016,11,5
2016,11,5
2016,11,5
2016,11,5
2016,11,5
2016,11,5
2016,11,5
2016,11,5
2016,11,5
2016,11,5
2016,11,5
2016,11,5
2016,11,5
2016,11,5
2016,11,5
2016,11,5
2016,11,5
2016,11,5
2016,11,5
2016,11,5
2016,11,5
2016,11,5
2016,11,5
2016,11,5
2016,11,5
2016,11,5
2016,11,5
2016,11,5
2016,11,5
2016,11,5
2016,11,5
2016,11,5
2016,11,5
2016,11,5
2016,11,5
2016,11,5
2016,11,5
2016,11,5
2016,11,5
2016,11,5
2016,11,5
2016,11,5
2016,11,5
2016,11,5
2016,11,5
2016,11,5
2016,11,5
2016,11,5
2016,11,5
2016,11,5
2016,11,5
2016,11,5
2016,11,5
2016,11,5
2016,11,5
2016,11,5
2016,11,5
2016,11,5
2016,11,5
2016,11,5
2016,11,5
2016,11,5
2016,11,5
2016,11,5
2016,11,5
2016,11,5
2016,11,5
2016,11,5
2016,11,5
2016,11,5
2016,11,5
2016,11,5
2016,11,5
2016,11,5
2016,11,5
2016,11,5
2016,11,5
2016,11,5
2016,11,5
2016,11,5
2016,11,5
2016,11,5
2016,11,5
2016,11,5
2016,11,5
2016,11,5
2016,11,5
2016,11,5
2016,11,5
2016,11,5
2016,11,5
2016,11,5
2016,11,5
2016,11,5
2016,11,5
2016,11,5
2016,11,5
2016,11,5
2016,11,5
2016,11,5
2016,11,5
2016,11,5
2016,11,5
2016,11,5
2016,11,5
2016,11,5
2016,11,5
2016,11,5
2016,11,5
2016,11,5
2016,11,5
2016,11,5
2016,11,5
2016,11,5
2016,11,5
2016,11,5
2016,11,5
2016,11,5
2016,11,5
2016,11,5
2016,11,5
2016,11,5
2016,11,5
2016,11,5
2016,11,5
2016,11,5
2016,11,5
2016,11,5
2016,11,5
2016,11,5
2016,11,5
2016,11,5
2016,11,5
2016,11,5
2016,11,5
2016,11,5
2016,11,5
2016,11,5
2016,11,5
2016,11,5
2016,11,5
2016,11,5
2016,11,5
2016,11,5
2016,11,5
2016,11,5
2016,11,5
2016,11,5
2016,11,5
2016,11,5
2016,11,5
2016,11,5
2016,11,5
2016,11,5
2016,11,5
2016,11,5
2016,11,5
2016,11,5
2016,11,5
2016,11,5
2016,11,5
2016,11,5
2016,11,5
2016,11,5
2016,11,5
2016,11,5
2016,11,5
2016,11,5
2016,11,5
2016,11,5
2016,11,5
2016,11,5
2016,11,5
2016,11,5
2016,11,5
2016,11,5
2016,11,5
2016,11,5
2016,11,5
2016,11,5
2016,11,5
2016,11,5
2016,11,5
2016,11,5
2016,11,5
2016,11,5
2016,11,5
2016,11,5
2016,11,5
2016,11,5
2016,11,5
2016,11,5
2016,11,5
2016,11,5
2016,11,5
2016,11,5
2016,11,5
2016,11,5
2016,11,5
2016,11,5
2016,11,5
2016,11,5
2016,11,5
2016,11,5
2016,11,5
2016,11,5
2016,11,5
2016,11,5
2016,11,5
2016,11,5
2016,11,5
2016,11,5
2016,11,5
2016,11,5
2016,11,5
2016,11,5
2016,11,5
2016,11,5
2016,11,5
2016,11,5
2016,11,5
2016,11,5
2016,11,5
2016,11,5
2016,11,5
2016,11,5
2016,11,5
2016,11,5
2016,11,5
2016,11,5
2016,11,5
2016,11,5
2016,11,5
2016,11,5
2016,11,5
2016,11,5
2016,11,5
2016,11,5
2016,11,5
2016,11,5
2016,11,5
2016,11,5
2016,11,5
2016,11,5
2016,11,5
2016,11,5
2016,11,5
2016,11,5
2016,11,5
2016,11,5
2016,11,5
2016,11,5
2016,11,5
2016,11,5
2016,11,5
2016,11,5
2016,11,5
2016,11,5
2016,11,5
2016,11,5
2016,11,5
2016,11,5
2016,11,5
2016,11,5
2016,11,5
2016,11,5
2016,11,5
2016,11,5
2016,11,5
2016,11,5
2016,11,5
2016,11,5
2016,11,5
2016,11,5
2016,11,5
2016,11,5
2016,11,5
2016,11,5
2016,11,5
2016,11,5
2016,11,5
2016,11,5
2016,11,5
2016,11,5
2016,11,5
2016,11,5
2016,11,5
2016,11,5
2016,11,5
2016,11,5
2016,11,5
2016,11,5
2016,11,5
2016,11,5
2016,11,5
2016,11,5
2016,11,5
2016,11,5
2016,11,5
2016,11,5
2016,11,5
2016,11,5
2016,11,5
2016,11,5
2016,11,5
2016,11,5
2016,11,5
2016,11,5
2016,11,5
2016,11,5
2016,11,5
2016,11,5
2016,11,5
2016,11,5
2016,11,5
2016,11,5
2016,11,5
2016,11,5
2016,11,5
2016,11,5
2016,11,5
2016,11,5
2016,11,5
2016,11,5
2016,11,5
2016,11,5
2016,11,5
2016,11,5
2016,11,5
2016,11,5
2016,11,5
2016,11,5
2016,11,5
2016,11,5
2016,11,5
2016,11,5
2016,11,5
2016,11,5
2016,11,5
2016,11,5
2016,11,5
2016,11,5
2016,11,5
2016,11,5
2016,11,5
2016,11,5
2016,11,5
2016,11,5
2016,11,5
2016,11,5
2016,11,5
2016,11,5
2016,11,5
2016,11,5
2016,11,5
2016,11,5
2016,11,5
2016,11,5
2016,11,5
2016,11,5
2016,11,5
2016,11,5
2016,11,5
2016,11,5
2016,11,5
2016,11,5
2016,11,5
2016,11,5
2016,11,5
2016,11,5
2016,11,5
2016,11,5
2016,11,5
2016,11,5
2016,11,5
2016,11,5
2016,11,5
2016,11,5
2016,11,5
2016,11,5
2016,11,5
2016,11,5
2016,11,5
2016,11,5
2016,11,5
2016,11,5
2016,11,5
2016,11,5
2016,11,5
2016,11,5
2016,11,5
2016,11,5
2016,11,5
2016,11,5
2016,11,5
2016,11,5
2016,11,5
2016,11,5
2016,11,5
2016,11,5
2016,11,5
2016,11,5
2016,11,5
2016,11,5
2016,11,5
2016,11,5
2016,11,5
2016,11,5
2016,11,5
2016,11,5
2016,11,5
2016,11,5
2016,11,5
2016,11,5
2016,11,5
2016,11,5
2016,11,5
2016,11,5
2016,11,5
2016,11,5
2016,11,5
2016,11,5
2016,11,5
2016,11,5
2016,11,5
2016,11,5
2016,11,5
2016,11,5
2016,11,5
2016,11,5
2016,11,5
2016,11,5
2016,11,5
2016,11,5
2016,11,5
2016,11,5
2016,11,5
2016,11,5
2016,11,5
2016,11,5
2016,11,5
2016,11,5
2016,11,5
2016,11,5
2016,11,5
2016,11,5
2016,11,5
2016,11,5
2016,11,5
2016,11,5
2016,11,5
2016,11,5
2016,11,5
2016,11,5
2016,11,5
2016,11,5
2016,11,5
2016,11,5
2016,11,5
2016,11,5
2016,11,5
2016,11,5
2016,11,5
2016,11,5
2016,11,5
2016,11,5
2016,11,5
2016,11,5
2016,11,5
2016,11,5
2016,11,5
2016,11,5
2016,11,5
2016,11,5
2016,11,5
2016,11,5
2016,11,5
2016,11,5
2016,11,5
2016,11,5
2016,11,5
2016,11,5
2016,11,5
2016,11,5
2016,11,5
2016,11,5
2016,11,5
2016,11,5
2016,11,5
2016,11,5
2016,11,5
2016,11,5
2016,11,5
2016,11,5
2016,11,5
2016,11,5
2016,11,5
2016,11,5
2016,11,5
2016,11,5
2016,11,5
2016,11,5
2016,11,5
2016,11,5
2016,11,5
2016,11,5
2016,11,5
2016,11,5
2016,11,5
2016,11,5
2016,11,5
2016,11,5
2016,11,5
2016,11,5
2016,11,5
2016,11,5
2016,11,5
2016,11,5
2016,11,5
2016,11,5
2016,11,5
2016,11,5
2016,11,5
2016,11,5
2016,11,5
2016,11,5
2016,11,5
2016,11,5
2016,11,5
2016,11,5
2016,11,5
2016,11,5
2016,11,5
2016,11,5
2016,11,5
2016,11,5
2016,11,5
2016,11,5
2016,11,5
2016,11,5
2016,11,5
2016,11,5
2016,11,5
2016,11,5
2016,11,5
2016,11,5
2016,11,5
2016,11,5
2016,11,5
2016,11,5
2016,11,5
2016,11,5
2016,11,5
2016,11,5
2016,11,5
2016,11,5
2016,11,5
2016,11,5
2016,11,5
2016,11,5
2016,11,5
2016,11,5
2016,11,5
2016,11,5
2016,11,5
2016,11,5
2016,11,5
2016,11,5
2016,11,5
2016,11,5
2016,11,5
2016,11,5
2016,11,5
2016,11,5
2016,11,5
2016,11,5
2016,11,5
2016,11,5
2016,11,5
2016,11,5
2016,11,5
2016,11,5
2016,11,5
2016,11,5
2016,11,5
2016,11,5
2016,11,5
2016,11,5
2016,11,5
2016,11,5
2016,11,5
2016,11,5
2016,11,5
2016,11,5
2016,11,5
2016,11,5
2016,11,5
2016,11,5
2016,11,5
2016,11,5
2016,11,5
2016,11,5
2016,11,5
2016,11,5
2016,11,5
2016,11,5
2016,11,5
2016,11,5
2016,11,5
2016,11,5
2016,11,5
2016,11,5
2016,11,5
2016,11,5
2016,11,5
2016,11,5
2016,11,5
2016,11,5
2016,11,5
2016,11,5
2016,11,5
2016,11,5
2016,11,5
2016,11,5
2016,11,5
2016,11,5
2016,11,5
2016,11,5
2016,11,5
2016,11,5
2016,11,5
2016,11,5
2016,11,5
2016,11,5
2016,11,5
2016,11,5
2016,11,5
2016,11,5
2016,11,5
2016,11,5
2016,11,5
2016,11,5
2016,11,5
2016,11,5
2016,11,5
2016,11,5
2016,11,5
2016,11,5
2016,11,5
2016,11,5
2016,11,5
2016,11,5
2016,11,5
2016,11,5
2016,11,5
2016,11,5
2016,11,5
2016,11,5
2016,11,5
2016,11,5
2016,11,5
2016,11,5
2016,11,5
2016,11,5
2016,11,5
2016,11,5
2016,11,5
2016,11,5
2016,11,5
2016,11,5
2016,11,5
2016,11,5
2016,11,5
2016,11,5
2016,11,5
2016,11,5
2016,11,5
2016,11,5
2016,11,5
2016,11,5
2016,11,5
2016,11,5
2016,11,5
2016,11,5
2016,11,5
2016,11,5
2016,11,5
2016,11,5
2016,11,5
2016,11,5
2016,11,5
2016,11,5
2016,11,5
2016,11,5
2016,11,5
2016,11,5
2016,11,5
2016,11,5
2016,11,5
2016,11,5
2016,11,5
2016,11,5
2016,11,5
2016,11,5
2016,11,5
2016,11,5
2016,11,5
2016,11,5
2016,11,5
2016,11,5
2016,11,5
2016,11,5
2016,11,5
2016,11,5
2016,11,5
2016,11,5
2016,11,5
2016,11,5
2016,11,5
2016,11,5
2016,11,5
2016,11,5
2016,11,5
2016,11,5
2016,11,5
2016,11,5
2016,11,5
2016,11,5
2016,11,5
2016,11,5
2016,11,5
2016,11,5
2016,11,5
2016,11,5
2016,11,5
2016,11,5
2016,11,5
2016,11,5
2016,11,5
2016,11,5
2016,11,5
2016,11,5
2016,11,5
2016,11,5
2016,11,5
2016,11,5
2016,11,5
2016,11,5
2016,11,5
2016,11,5
2016,11,5
2016,11,5
2016,11,5
2016,11,5
2016,11,5
2016,11,5
2016,11,5
2016,11,5
2016,11,5
2016,11,5
2016,11,5
2016,11,5
2016,11,5
2016,11,5
2016,11,5
2016,11,5
2016,11,5
2016,11,5
2016,11,5
2016,11,5
2016,11,5
2016,11,5
2016,11,5
2016,11,5
2016,11,5
2016,11,5
2016,11,5
2016,11,5
2016,11,5
2016,11,5
2016,11,5
2016,11,5
2016,11,5
2016,11,5
2016,11,5
2016,11,5
2016,11,5
2016,11,5
2016,11,5
2016,11,5
2016,11,5
2016,11,5
2016,11,5
2016,11,5
2016,11,5
2016,11,5
2016,11,5
2016,11,5
2016,11,5
2016,11,5
2016,11,5
2016,11,5
2016,11,5
2016,11,5
2016,11,5
2016,11,5
2016,11,5
2016,11,5
2016,11,5
2016,11,5
2016,11,5
2016,11,5
2016,11,5
2016,11,5
2016,11,5
2016,11,5
2016,11,5
2016,11,5
2016,11,5
2016,11,5
2016,11,5
2016,11,5
2016,11,5
2016,11,5
2016,11,5
2016,11,5
2016,11,5
2016,11,5
2016,11,5
2016,11,5
2016,11,5
2016,11,5
2016,11,5
2016,11,5
2016,11,5
2016,11,5
2016,11,5
2016,11,5
2016,11,5
2016,11,5
2016,11,5
2016,11,5
2016,11,5
2016,11,5
2016,11,5
2016,11,5
2016,11,5
2016,11,5
2016,11,5
2016,11,5
2016,11,5
2016,11,5
2016,11,5
2016,11,5
2016,11,5
2016,11,5
2016,11,5
2016,11,5
2016,11,5
2016,11,5
2016,11,5
2016,11,5
2016,11,5
2016,11,5
2016,11,5
2016,11,5
2016,11,5
2016,11,5
2016,11,5
2016,11,5
2016,11,5
2016,11,5
2016,11,5
2016,11,5
2016,11,5
2016,11,5
2016,11,5
2016,11,5
2016,11,5
2016,11,5
2016,11,5
2016,11,5
2016,11,5
2016,11,5
2016,11,5
2016,11,5
2016,11,5
2016,11,5
2016,11,5
2016,11,5
2016,11,5
2016,11,5
2016,11,5
2016,11,5
2016,11,5
2016,11,5
2016,11,5
2016,11,5
2016,11,5
2016,11,5
2016,11,5
2016,11,5
2016,11,5
2016,11,5
2016,11,5
2016,11,5
2016,11,5
2016,11,5
2016,11,5
2016,11,5
2016,11,5
2016,11,5
2016,11,5
2016,11,5
2016,11,5
2016,11,5
2016,11,5
2016,11,5
2016,11,5
2016,11,5
2016,11,5
2016,11,5
2016,11,5
2016,11,5
2016,11,5
2016,11,5
2016,11,5
2016,11,5
2016,11,5
2016,11,5
2016,11,5
2016,11,5
2016,11,5
2016,11,5
2016,11,5
2016,11,5
2016,11,5
2016,11,5
2016,11,5
2016,11,5
2016,11,5
2016,11,5
2016,11,5
2016,11,5
2016,11,5
2016,11,5
2016,11,5
2016,11,5
2016,11,5
2016,11,5
2016,11,5
2016,11,5
2016,11,5
2016,11,5
2016,11,5
2016,11,5
2016,11,5
2016,11,5
2016,11,5
2016,11,5
2016,11,5
2016,11,5
2016,11,5
2016,11,5
2016,11,5
2016,11,5
2016,11,5
2016,11,5
2016,11,5
2016,11,5
2016,11,5
2016,11,5
2016,11,5
2016,11,5
2016,11,5
2016,11,5
2016,11,5
2016,11,5
2016,11,5
2016,11,5
2016,11,5
2016,11,5
2016,11,5
2016,11,5
2016,11,5
2016,11,5
2016,11,5
2016,11,5
2016,11,5
2016,11,5
2016,11,5
2016,11,5
2016,11,5
2016,11,5
2016,11,5
2016,11,5
2016,11,5
2016,11,5
2016,11,5
2016,11,5
2016,11,5
2016,11,5
2016,11,5
2016,11,5
2016,11,5
2016,11,5
2016,11,5
2016,11,5
2016,11,5
2016,11,5
2016,11,5
2016,11,5
2016,11,5
2016,11,5
2016,11,5
2016,11,5
2016,11,5
2016,11,5
2016,11,5
2016,11,5
2016,11,5
2016,11,5
2016,11,5
2016,11,5
2016,11,5
2016,11,5
2016,11,5
2016,11,5
2016,11,5
2016,11,5
2016,11,5
2016,11,5
2016,11,5
2016,11,5
2016,11,5
2016,11,5
2016,11,5
2016,11,5
2016,11,5
2016,11,5
2016,11,5
2016,11,5
2016,11,5
2016,11,5
2016,11,5
2016,11,5
2016,11,5
2016,11,5
2016,11,5
2016,11,5
2016,11,5
2016,11,5
2016,11,5
2016,11,5
2016,11,5
2016,11,5
2016,11,5
2016,11,5
2016,11,5
2016,11,5
2016,11,5
2016,11,5
2016,11,5
2016,11,5
2016,11,5
2016,11,5
2016,11,5
2016,11,5
2016,11,5
2016,11,5
2016,11,5
2016,11,5
2016,11,5
2016,11,5
2016,11,5
2016,11,5
2016,11,5
2016,11,5
2016,11,5
2016,11,5
2016,11,5
2016,11,5
2016,11,5
2016,11,5
2016,11,5
2016,11,5
2016,11,5
2016,11,5
2016,11,5
2016,11,5
2016,11,5
2016,11,5
2016,11,5
2016,11,5
2016,11,5
2016,11,5
2016,11,5
2016,11,5
2016,11,5
2016,11,5
2016,11,5
2016,11,5
2016,11,5
2016,11,5
2016,11,5
2016,11,5
2016,11,5
2016,11,5
2016,11,5
2016,11,5
2016,11,5
2016,11,5
2016,11,5
2016,11,5
2016,11,5
2016,11,5
2016,11,5
2016,11,5
2016,11,5
2016,11,5
2016,11,5
2016,11,5
2016,11,5
2016,11,5
2016,11,5
2016,11,5
2016,11,5
2016,11,5
2016,11,5
2016,11,5
2016,11,5
2016,11,5
2016,11,5
2016,11,5
2016,11,5
2016,11,5
2016,11,5
2016,11,5
2016,11,5
2016,11,5
2016,11,5
2016,11,5
2016,11,5
2016,11,5
2016,11,5
2016,11,5
2016,11,5
2016,11,5
2016,11,5
2016,11,5
2016,11,5
2016,11,5
2016,11,5
2016,11,5
2016,11,5
2016,11,5
2016,11,5
2016,11,5
2016,11,5
2016,11,5
2016,11,5
2016,11,5
2016,11,5
2016,11,5
2016,11,5
2016,11,5
2016,11,5
2016,11,5
2016,11,5
2016,11,5
2016,11,5
2016,11,5
2016,11,5
2016,11,5
2016,11,5
2016,11,5
2016,11,5
2016,11,5
2016,11,5
2016,11,5
2016,11,5
2016,11,5
2016,11,5
2016,11,5
2016,11,5
2016,11,5
2016,11,5
2016,11,5
2016,11,5
2016,11,5
2016,11,5
2016,11,5
2016,11,5
2016,11,5
2016,11,5
2016,11,5
2016,11,5
2016,11,5
2016,11,5
2016,11,5
2016,11,5
2016,11,5
2016,11,5
2016,11,5
2016,11,5
2016,11,5
2016,11,5
2016,11,5
2016,11,5
2016,11,5
2016,11,5
2016,11,5
2016,11,5
2016,11,5
2016,11,5
2016,11,5
2016,11,5
2016,11,5
2016,11,5
2016,11,5
2016,11,5
2016,11,5
2016,11,5
2016,11,5
2016,11,5
2016,11,5
2016,11,5
2016,11,5
2016,11,5
2016,11,5
2016,11,5
2016,11,5
2016,11,5
2016,11,5
2016,11,5
2016,11,5
2016,11,5
2016,11,5
2016,11,5
2016,11,5
2016,11,5
2016,11,5
2016,11,5
2016,11,5
2016,11,5
2016,11,5
2016,11,5
2016,11,5
2016,11,5
2016,11,5
2016,11,5
2016,11,5
2016,11,5
2016,11,5
2016,11,5
2016,11,5
2016,11,5
2016,11,5
2016,11,5
2016,11,5
2016,11,5
2016,11,5
2016,11,5
2016,11,5
2016,11,5
2016,11,5
2016,11,5
2016,11,5
2016,11,5
2016,11,5
2016,11,5
2016,11,5
2016,11,5
2016,11,5
2016,11,5
2016,11,5
2016,11,5
2016,11,5
2016,11,5
2016,11,5
2016,11,5
2016,11,5
2016,11,5
2016,11,5
2016,11,5
2016,11,5
2016,11,5
2016,11,5
2016,11,5
2016,11,5
2016,11,5
2016,11,5
2016,11,5
2016,11,5
2016,11,5
2016,11,5
2016,11,5
2016,11,5
2016,11,5
2016,11,5
2016,11,5
2016,11,5
2016,11,5
2016,11,5
2016,11,5
2016,11,5
2016,11,5
2016,11,5
2016,11,5
2016,11,5
2016,11,5
2016,11,5
2016,11,5
2016,11,5
2016,11,5
2016,11,5
2016,11,5
2016,11,5
2016,11,5
2016,11,5
2016,11,5
2016,11,5
2016,11,5
2016,11,5
2016,11,5
2016,11,5
2016,11,5
2016,11,5
2016,11,5
2016,11,5
2016,11,5
2016,11,5
2016,11,5
2016,11,5
2016,11,5
2016,11,5
2016,11,5
2016,11,5
2016,11,5
2016,11,5
2016,11,5
2016,11,5
2016,11,5
2016,11,5
2016,11,5
2016,11,5
2016,11,5
2016,11,5
2016,11,5
2016,11,5
2016,11,5
2016,11,5
2016,11,5
2016,11,5
2016,11,5
2016,11,5
2016,11,5
2016,11,5
2016,11,5
2016,11,5
2016,11,5
2016,11,5
2016,11,5
2016,11,5
2016,11,5
2016,11,5
2016,11,5
2016,11,5
2016,11,5
2016,11,5
2016,11,5
2016,11,5
2016,11,5
2016,11,5
2016,11,5
2016,11,5
2016,11,5
2016,11,5
2016,11,5
2016,11,5
2016,11,5
2016,11,5
2016,11,5
2016,11,5
2016,11,5
2016,11,5
2016,11,5
2016,11,5
2016,11,5
2016,11,5
2016,11,5
2016,11,5
2016,11,5
2016,11,5
2016,11,5
2016,11,5
2016,11,5
2016,11,5
2016,11,5
2016,11,5
2016,11,5
2016,11,5
2016,11,5
2016,11,5
2016,11,5
2016,11,5
2016,11,5
2016,11,5
2016,11,5
2016,11,5
2016,11,5
2016,11,5
2016,11,5
2016,11,5
2016,11,5
2016,11,5
2016,11,5
2016,11,5
2016,11,5
2016,11,5
2016,11,5
2016,11,5
2016,11,5
2016,11,5
2016,11,5
2016,11,5
2016,11,5
2016,11,5
2016,11,5
2016,11,5
2016,11,5
2016,11,5
2016,11,5
2016,11,5
2016,11,5
2016,11,5
2016,11,5
2016,11,5
2016,11,5
2016,11,5
2016,11,5
2016,11,5
2016,11,5
2016,11,5
2016,11,5
2016,11,5
2016,11,5
2016,11,5
2016,11,5
2016,11,5
2016,11,5
2016,11,5
2016,11,5
2016,11,5
2016,11,5
2016,11,5
2016,11,5
2016,11,5
2016,11,5
2016,11,5
2016,11,5
2016,11,5
2016,11,5
2016,11,5
2016,11,5
2016,11,5
2016,11,5
2016,11,5
2016,11,5
2016,11,5
2016,11,5
2016,11,5
2016,11,5
2016,11,5
2016,11,5
2016,11,5
2016,11,5
2016,11,5
2016,11,5
2016,11,5
2016,11,5
2016,11,5
2016,11,5
2016,11,5
2016,11,5
2016,11,5
2016,11,5
2016,11,5
2016,11,5
2016,11,5
2016,11,5
2016,11,5
2016,11,5
2016,11,5
2016,11,5
2016,11,5
2016,11,5
2016,11,5
2016,11,5
2016,11,5
2016,11,5
2016,11,5
2016,11,5
2016,11,5
2016,11,5
2016,11,5
2016,11,5
2016,11,5
2016,11,5
2016,11,5
2016,11,5
2016,11,5
2016,11,5
2016,11,5
2016,11,5
2016,11,5
2016,11,5
2016,11,5
2016,11,5
2016,11,5
2016,11,5
2016,11,5
2016,11,5
2016,11,5
2016,11,5
2016,11,5
2016,11,5
2016,11,5
2016,11,5
2016,11,5
2016,11,5
2016,11,5
2016,11,5
2016,11,5
2016,11,5
2016,11,5
2016,11,5
2016,11,5
2016,11,5
2016,11,5
2016,11,5
2016,11,5
2016,11,5
2016,11,5
2016,11,5
2016,11,5
2016,11,5
2016,11,5
2016,11,5
2016,11,5
2016,11,5
2016,11,5
2016,11,5
2016,11,5
2016,11,5
2016,11,5
2016,11,5
2016,11,5
2016,11,5
2016,11,5
2016,11,5
2016,11,5
2016,11,5
2016,11,5
2016,11,5
2016,11,5
2016,11,5
2016,11,5
2016,11,5
2016,11,5
2016,11,5
2016,11,5
2016,11,5
2016,11,5
2016,11,5
2016,11,5
2016,11,5
2016,11,5
2016,11,5
2016,11,5
2016,11,5
2016,11,5
2016,11,5
2016,11,5
2016,11,5
2016,11,5
2016,11,5
2016,11,5
2016,11,5
2016,11,5
2016,11,5
2016,11,5
2016,11,5
2016,11,5
2016,11,5
2016,11,5
2016,11,5
2016,11,5
2016,11,5
2016,11,5
2016,11,5
2016,11,5
2016,11,5
2016,11,5
2016,11,5
2016,11,5
2016,11,5
2016,11,5
2016,11,5
2016,11,5
2016,11,5
2016,11,5
2016,11,5
2016,11,5
2016,11,5
2016,11,5
2016,11,5
2016,11,5
2016,11,5
2016,11,5
2016,11,5
2016,11,5
2016,11,5
2016,11,5
2016,11,5
2016,11,5
2016,11,5
2016,11,5
2016,11,5
2016,11,5
2016,11,5
2016,11,5
2016,11,5
2016,11,5
2016,11,5
2016,11,5
2016,11,5
2016,11,5
2016,11,5
2016,11,5
2016,11,5
2016,11,5
2016,11,5
2016,11,5
2016,11,5
2016,11,5
2016,11,5
2016,11,5
2016,11,5
2016,11,5
2016,11,5
2016,11,5
2016,11,5
2016,11,5
2016,11,5
2016,11,5
2016,11,5
2016,11,5
2016,11,5
2016,11,5
2016,11,5
2016,11,5
2016,11,5
2016,11,5
2016,11,5
2016,11,5
2016,11,5
2016,11,5
2016,11,5
2016,11,5
2016,11,5
2016,11,5
2016,11,5
2016,11,5
2016,11,5
2016,11,5
2016,11,5
2016,11,5
2016,11,5
2016,11,5
2016,11,5
2016,11,5
2016,11,5
2016,11,5
2016,11,5
2016,11,5
2016,11,5
2016,11,5
2016,11,5
2016,11,5
2016,11,5
2016,11,5
2016,11,5
2016,11,5
2016,11,5
2016,11,5
2016,11,5
2016,11,5
2016,11,5
2016,11,5
2016,11,5
2016,11,5
2016,11,5
2016,11,5
2016,11,5
2016,11,5
2016,11,5
2016,11,5
2016,11,5
2016,11,5
2016,11,5
2016,11,5
2016,11,5
2016,11,5
2016,11,5
2016,11,5
2016,11,5
2016,11,5
2016,11,5
2016,11,5
2016,11,5
2016,11,5
2016,11,5
2016,11,5
2016,11,5
2016,11,5
2016,11,5
2016,11,5
2016,11,5
2016,11,5
2016,11,5
2016,11,5
2016,11,5
2016,11,5
2016,11,5
2016,11,5
2016,11,5
2016,11,5
2016,11,5
2016,11,5
2016,11,5
2016,11,5
2016,11,5
2016,11,5
2016,11,5
2016,11,5
2016,11,5
2016,11,5
2016,11,5
2016,11,5
2016,11,5
2016,11,5
2016,11,5
2016,11,5
2016,11,5
2016,11,5
2016,11,5
2016,11,5
2016,11,5
2016,11,5
2016,11,5
2016,11,5
2016,11,5
2016,11,5
2016,11,5
2016,11,5
2016,11,5
2016,11,5
2016,11,5
2016,11,5
2016,11,5
2016,11,5
2016,11,5
2016,11,5
2016,11,5
2016,11,5
2016,11,5
2016,11,5
2016,11,5
2016,11,5
2016,11,5
2016,11,5
2016,11,5
2016,11,5
2016,11,5
2016,11,5
2016,11,5
2016,11,5
2016,11,5
2016,11,5
2016,11,5
2016,11,5
2016,11,5
2016,11,5
2016,11,5
2016,11,5
2016,11,5
2016,11,5
2016,11,5
2016,11,5
2016,11,5
2016,11,5
2016,11,5
2016,11,5
2016,11,5
2016,11,5
2016,11,5
2016,11,5
2016,11,5
2016,11,5
2016,11,5
2016,11,5
2016,11,5
2016,11,5
2016,11,5
2016,11,5
2016,11,5
2016,11,5
2016,11,5
2016,11,5
2016,11,5
2016,11,5
2016,11,5
2016,11,5
2016,11,5
2016,11,5
2016,11,5
2016,11,5
2016,11,5
2016,11,5
2016,11,5
2016,11,5
2016,11,5
2016,11,5
2016,11,5
2016,11,5
2016,11,5
2016,11,5
2016,11,5
2016,11,5
2016,11,5
2016,11,5
2016,11,5
2016,11,5
2016,11,5
2016,11,5
2016,11,5
2016,11,5
2016,11,5
2016,11,5
2016,11,5
2016,11,5
2016,11,5
2016,11,5
2016,11,5
2016,11,5
2016,11,5
2016,11,5
2016,11,5
2016,11,5
2016,11,5
2016,11,5
2016,11,5
2016,11,5
2016,11,5
2016,11,5
2016,11,5
2016,11,5
2016,11,5
2016,11,5
2016,11,5
2016,11,5
2016,11,5
2016,11,5
2016,11,5
2016,11,5
2016,11,5
2016,11,5
2016,11,5
2016,11,5
2016,11,5
2016,11,5
2016,11,5
2016,11,5
2016,11,5
2016,11,5
2016,11,5
2016,11,5
2016,11,5
2016,11,5
2016,11,5
2016,11,5
2016,11,5
2016,11,5
2016,11,5
2016,11,5
2016,11,5
2016,11,5
2016,11,5
2016,11,5
2016,11,5
2016,11,5
2016,11,5
2016,11,5
2016,11,5
2016,11,5
2016,11,5
2016,11,5
2016,11,5
2016,11,5
2016,11,5
2016,11,5
2016,11,5
2016,11,5
2016,11,5
2016,11,5
2016,11,5
2016,11,5
2016,11,5
2016,11,5
2016,11,5
2016,11,5
2016,11,5
2016,11,5
2016,11,5
2016,11,5
2016,11,5
2016,11,5
2016,11,5
2016,11,5
2016,11,5
2016,11,5
2016,11,5
2016,11,5
2016,11,5
2016,11,5
2016,11,5
2016,11,5
2016,11,5
2016,11,5
2016,11,5
2016,11,5
2016,11,5
2016,11,5
2016,11,5
2016,11,5
2016,11,5
2016,11,5
2016,11,5
2016,11,5
2016,11,5
2016,11,5
2016,11,5
2016,11,5
2016,11,5
2016,11,5
2016,11,5
2016,11,5
2016,11,5
2016,11,5
2016,11,5
2016,11,5
2016,11,5
2016,11,5
2016,11,5
2016,11,5
2016,11,5
2016,11,5
2016,11,5
2016,11,5
2016,11,5
2016,11,5
2016,11,5
2016,11,5
2016,11,5
2016,11,5
2016,11,5
2016,11,5
2016,11,5
2016,11,5
2016,11,5
2016,11,5
2016,11,5
2016,11,5
2016,11,5
2016,11,5
2016,11,5
2016,11,5
2016,11,5
2016,11,5
2016,11,5
2016,11,5
2016,11,5
2016,11,5
2016,11,5
2016,11,5
2016,11,5
2016,11,5
2016,11,5
2016,11,5
2016,11,5
2016,11,5
2016,11,5
2016,11,5
2016,11,5
2016,11,5
2016,11,5
2016,11,5
2016,11,5
2016,11,5
2016,11,5
2016,11,5
2016,11,5
2016,11,5
2016,11,5
2016,11,5
2016,11,5
2016,11,5
2016,11,5
2016,11,5
2016,11,5
2016,11,5
2016,11,5
2016,11,5
2016,11,5
2016,11,5
2016,11,5
2016,11,5
2016,11,5
2016,11,5
2016,11,5
2016,11,5
2016,11,5
2016,11,5
2016,11,5
2016,11,5
2016,11,5
2016,11,5
2016,11,5
2016,11,5
2016,11,5
2016,11,5
2016,11,5
2016,11,5
2016,11,5
2016,11,5
2016,11,5
2016,11,5
2016,11,5
2016,11,5
2016,11,5
2016,11,5
2016,11,5
2016,11,5
2016,11,5
2016,11,5
2016,11,5
2016,11,5
2016,11,5
2016,11,5
2016,11,5
2016,11,5
2016,11,5
2016,11,5
2016,11,5
2016,11,5
2016,11,5
2016,11,5
2016,11,5
2016,11,5
2016,11,5
2016,11,5
2016,11,5
2016,11,5
2016,11,5
2016,11,5
2016,11,5
2016,11,5
2016,11,5
2016,11,5
2016,11,5
2016,11,5
2016,11,5
2016,11,5
2016,11,5
2016,11,5
2016,11,5
2016,11,5
2016,11,5
2016,11,5
2016,11,5
2016,11,5
2016,11,5
2016,11,5
2016,11,5
2016,11,5
2016,11,5
2016,11,5
2016,11,5
2016,11,5
2016,11,5
2016,11,5
2016,11,5
2016,11,5
2016,11,5
2016,11,5
2016,11,5
2016,11,5
2016,11,5
2016,11,5
2016,11,5
2016,11,5
2016,11,5
2016,11,5
2016,11,5
2016,11,5
2016,11,5
2016,11,5
2016,11,5
2016,11,5
2016,11,5
2016,11,5
2016,11,5
2016,11,5
2016,11,5
2016,11,5
2016,11,5
2016,11,5
2016,11,5
2016,11,5
2016,11,5
2016,11,5
2016,11,5
2016,11,5
2016,11,5
2016,11,5
2016,11,5
2016,11,5
2016,11,5
2016,11,5
2016,11,5
2016,11,5
2016,11,5
2016,11,5
2016,11,5
2016,11,5
2016,11,5
2016,11,5
2016,11,5
2016,11,5
2016,11,5
2016,11,5
2016,11,5
2016,11,5
2016,11,5
2016,11,5
2016,11,5
2016,11,5
2016,11,5
2016,11,5
2016,11,5
2016,11,5
2016,11,5
2016,11,5
2016,11,5
2016,11,5
2016,11,5
2016,11,5
2016,11,5
2016,11,5
2016,11,5
2016,11,5
2016,11,5
2016,11,5
2016,11,5
2016,11,5
2016,11,5
2016,11,5
2016,11,5
2016,11,5
2016,11,5
2016,11,5
2016,11,5
2016,11,5
2016,11,5
2016,11,5
2016,11,5
2016,11,5
2016,11,5
2016,11,5
2016,11,5
2016,11,5
2016,11,5
2016,11,5
2016,11,5
2016,11,5
2016,11,5
2016,11,5
2016,11,5
2016,11,5
2016,11,5
2016,11,5
2016,11,5
2016,11,5
2016,11,5
2016,11,5
2016,11,5
2016,11,5
2016,11,5
2016,11,5
2016,11,5
2016,11,5
2016,11,5
2016,11,5
2016,11,5
2016,11,5
2016,11,5
2016,11,5
2016,11,5
2016,11,5
2016,11,5
2016,11,5
2016,11,5
2016,11,5
2016,11,5
2016,11,5
2016,11,5
2016,11,5
2016,11,5
2016,11,5
2016,11,5
2016,11,5
2016,11,5
2016,11,5
2016,11,5
2016,11,5
2016,11,5
2016,11,5
2016,11,5
2016,11,5
2016,11,5
2016,11,5
2016,11,5
2016,11,5
2016,11,5
2016,11,5
2016,11,5
2016,11,5
2016,11,5
2016,11,5
2016,11,5
2016,11,5
2016,11,5
2016,11,5
2016,11,5
2016,11,5
2016,11,5
2016,11,5
2016,11,5
2016,11,5
2016,11,5
2016,11,5
2016,11,5
2016,11,5
2016,11,5
2016,11,5
2016,11,5
2016,11,5
2016,11,5
2016,11,5
2016,11,5
2016,11,5
2016,11,5
2016,11,5
2016,11,5
2016,11,5
2016,11,5
2016,11,5
2016,11,5
2016,11,5
2016,11,5
2016,11,5
2016,11,5
2016,11,5
2016,11,5
2016,11,5
2016,11,5
2016,11,5
2016,11,5
2016,11,5
2016,11,5
2016,11,5
2016,11,5
2016,11,5
2016,11,5
2016,11,5
2016,11,5
2016,11,5
2016,11,5
2016,11,5
2016,11,5
2016,11,5
2016,11,5
2016,11,5
2016,11,5
2016,11,5
2016,11,5
2016,11,5
2016,11,5
2016,11,5
2016,11,5
2016,11,5
2016,11,5
2016,11,5
2016,11,5
2016,11,5
2016,11,5
2016,11,5
2016,11,5
2016,11,5
2016,11,5
2016,11,5
2016,11,5
2016,11,5
2016,11,5
2016,11,5
2016,11,5
2016,11,5
2016,11,5
2016,11,5
2016,11,5
2016,11,5
2016,11,5
2016,11,5
2016,11,5
2016,11,5
2016,11,5
2016,11,5
2016,11,5
2016,11,5
2016,11,5
2016,11,5
2016,11,5
2016,11,5
2016,11,5
2016,11,5
2016,11,5
2016,11,5
2016,11,5
2016,11,5
2016,11,5
2016,11,5
2016,11,5
2016,11,5
2016,11,5
2016,11,5
2016,11,5
2016,11,5
2016,11,5
2016,11,5
2016,11,5
2016,11,5
2016,11,5
2016,11,5
2016,11,5
2016,11,5
2016,11,5
2016,11,5
2016,11,5
2016,11,5
2016,11,5
2016,11,5
2016,11,5
2016,11,5
2016,11,5
2016,11,5
2016,11,5
2016,11,5
2016,11,5
2016,11,5
2016,11,5
2016,11,5
2016,11,5
2016,11,5
2016,11,5
2016,11,5
2016,11,5
2016,11,5
2016,11,5
2016,11,5
2016,11,5
2016,11,5
2016,11,5
2016,11,5
2016,11,5
2016,11,5
2016,11,5
2016,11,5
2016,11,5
2016,11,5
2016,11,5
2016,11,5
2016,11,5
2016,11,5
2016,11,5
2016,11,5
2016,11,5
2016,11,5
2016,11,5
2016,11,5
2016,11,5
2016,11,5
2016,11,5
2016,11,5
2016,11,5
2016,11,5
2016,11,5
2016,11,5
2016,11,5
2016,11,5
2016,11,5
2016,11,5
2016,11,5
2016,11,5
2016,11,5
2016,11,5
2016,11,5
2016,11,5
2016,11,5
2016,11,5
2016,11,5
2016,11,5
2016,11,5
2016,11,5
2016,11,5
2016,11,5
2016,11,5
2016,11,5
2016,11,5
2016,11,5
2016,11,5
2016,11,5
2016,11,5
2016,11,5
2016,11,5
2016,11,5
2016,11,5
2016,11,5
2016,11,5
2016,11,5
2016,11,5
2016,11,5
2016,11,5
2016,11,5
2016,11,5
2016,11,5
2016,11,5
2016,11,5
2016,11,5
2016,11,5
2016,11,5
2016,11,5
2016,11,5
2016,11,5
2016,11,5
2016,11,5
2016,11,5
2016,11,5
2016,11,5
2016,11,5
2016,11,5
2016,11,5
2016,11,5
2016,11,5
2016,11,5
2016,11,5
2016,11,5
2016,11,5
2016,11,5
2016,11,5
2016,11,5
2016,11,5
2016,11,5
2016,11,5
2016,11,5
2016,11,5
2016,11,5
2016,11,5
2016,11,5
2016,11,5
2016,11,5
2016,11,5
2016,11,5
2016,11,5
2016,11,5
2016,11,5
2016,11,5
2016,11,5
2016,11,5
2016,11,5
2016,11,5
2016,11,5
2016,11,5
2016,11,5
2016,11,5
2016,11,5
2016,11,5
2016,11,5
2016,11,5
2016,11,5
2016,11,5
2016,11,5
2016,11,5
2016,11,5
2016,11,5
2016,11,5
2016,11,5
2016,11,5
2016,11,5
2016,11,5
2016,11,5
2016,11,5
2016,11,5
2016,11,5
2016,11,5
2016,11,5
2016,11,5
2016,11,5
2016,11,5
2016,11,5
2016,11,5
2016,11,5
2016,11,5
2016,11,5
2016,11,5
2016,11,5
2016,11,5
2016,11,5
2016,11,5
2016,11,5
2016,11,5
2016,11,5
2016,11,5
2016,11,5
2016,11,5
2016,11,5
2016,11,5
2016,11,5
2016,11,5
2016,11,5
2016,11,5
2016,11,5
2016,11,5
2016,11,5
2016,11,5
2016,11,5
2016,11,5
2016,11,5
2016,11,5
2016,11,5
2016,11,5
2016,11,5
2016,11,5
2016,11,5
2016,11,5
2016,11,5
2016,11,5
2016,11,5
2016,11,5
2016,11,5
2016,11,5
2016,11,5
2016,11,5
2016,11,5
2016,11,5
2016,11,5
2016,11,5
2016,11,5
2016,11,5
2016,11,5
2016,11,5
2016,11,5
2016,11,5
2016,11,5
2016,11,5
2016,11,5
2016,11,5
2016,11,5
2016,11,5
2016,11,5
2016,11,5
2016,11,5
2016,11,5
2016,11,5
2016,11,5
2016,11,5
2016,11,5
2016,11,5
2016,11,5
2016,11,5
2016,11,5
2016,11,5
2016,11,5
2016,11,5
2016,11,5
2016,11,5
2016,11,5
2016,11,5
2016,11,5
2016,11,5
2016,11,5
2016,11,5
2016,11,5
2016,11,5
2016,11,5
2016,11,5
2016,11,5
2016,11,5
2016,11,5
2016,11,5
2016,11,5
2016,11,5
2016,11,5
2016,11,5
2016,11,5
2016,11,5
2016,11,5
2016,11,5
2016,11,5
2016,11,5
2016,11,5
2016,11,5
2016,11,5
2016,11,5
2016,11,5
2016,11,5
2016,11,5
2016,11,5
2016,11,5
2016,11,5
2016,11,5
2016,11,5
2016,11,5
2016,11,5
2016,11,5
2016,11,5
2016,11,5
2016,11,5
2016,11,5
2016,11,5
2016,11,5
2016,11,5
2016,11,5
2016,11,5
2016,11,5
2016,11,5
2016,11,5
2016,11,5
2016,11,5
2016,11,5
2016,11,5
2016,11,5
2016,11,5
2016,11,5
2016,11,5
2016,11,5
2016,11,5
2016,11,5
2016,11,5
2016,11,5
2016,11,5
2016,11,5
2016,11,5
2016,11,5
2016,11,5
2016,11,5
2016,11,5
2016,11,5
2016,11,5
2016,11,5
2016,11,5
2016,11,5
2016,11,5
2016,11,5
2016,11,5
2016,11,5
2016,11,5
2016,11,5
2016,11,5
2016,11,5
2016,11,5
2016,11,5
2016,11,5
2016,11,5
2016,11,5
2016,11,5
2016,11,5
2016,11,5
2016,11,5
2016,11,5
2016,11,5
2016,11,5
2016,11,5
2016,11,5
2016,11,5
2016,11,5
2016,11,5
2016,11,5
2016,11,5
2016,11,5
2016,11,5
2016,11,5
2016,11,5
2016,11,5
2016,11,5
2016,11,5
2016,11,5
2016,11,5
2016,11,5
2016,11,5
2016,11,5
2016,11,5
2016,11,5
2016,11,5
2016,11,5
2016,11,5
2016,11,5
2016,11,5
2016,11,5
2016,11,5
2016,11,5
2016,11,5
2016,11,5
2016,11,5
2016,11,5
2016,11,5
2016,11,5
2016,11,5
2016,11,5
2016,11,5
2016,11,5
2016,11,5
2016,11,5
2016,11,5
2016,11,5
2016,11,5
2016,11,5
2016,11,5
2016,11,5
2016,11,5
2016,11,5
2016,11,5
2016,11,5
2016,11,5
2016,11,5
2016,11,5
2016,11,5
2016,11,5
2016,11,5
2016,11,5
2016,11,5
2016,11,5
2016,11,5
2016,11,5
2016,11,5
2016,11,5
2016,11,5
2016,11,5
2016,11,5
2016,11,5
2016,11,5
2016,11,5
2016,11,5
2016,11,5
2016,11,5
2016,11,5
2016,11,5
2016,11,5
2016,11,5
2016,11,5
2016,11,5
2016,11,5
2016,11,5
2016,11,5
2016,11,5
2016,11,5
2016,11,5
2016,11,5
2016,11,5
2016,11,5
2016,11,5
2016,11,5
2016,11,5
2016,11,5
2016,11,5
2016,11,5
2016,11,5
2016,11,5
2016,11,5
2016,11,5
2016,11,5
2016,11,5
2016,11,5
2016,11,5
2016,11,5
2016,11,5
2016,11,5
2016,11,5
2016,11,5
2016,11,5
2016,11,5
2016,11,5
2016,11,5
2016,11,5
2016,11,5
2016,11,5
2016,11,5
2016,11,5
2016,11,5
2016,11,5
2016,11,5
2016,11,5
2016,11,5
2016,11,5
2016,11,5
2016,11,5
2016,11,5
2016,11,5
2016,11,5
2016,11,5
2016,11,5
2016,11,5
2016,11,5
2016,11,5
2016,11,5
2016,11,5
2016,11,5
2016,11,5
2016,11,5
2016,11,5
2016,11,5
2016,11,5
2016,11,5
2016,11,5
2016,11,5
2016,11,5
2016,11,5
2016,11,5
2016,11,5
2016,11,5
2016,11,5
2016,11,5
2016,11,5
2016,11,5
2016,11,5
2016,11,5
2016,11,5
2016,11,5
2016,11,5
2016,11,5
2016,11,5
2016,11,5
2016,11,5
2016,11,5
2016,11,5
2016,11,5
2016,11,5
2016,11,5
2016,11,5
2016,11,5
2016,11,5
2016,11,5
2016,11,5
2016,11,5
2016,11,5
2016,11,5
2016,11,5
2016,11,5
2016,11,5
2016,11,5
2016,11,5
2016,11,5
2016,11,5
2016,11,5
2016,11,5
2016,11,5
2016,11,5
2016,11,5
2016,11,5
2016,11,5
2016,11,5
2016,11,5
2016,11,5
2016,11,5
2016,11,5
2016,11,5
2016,11,5
2016,11,5
2016,11,5
2016,11,5
2016,11,5
2016,11,5
2016,11,5
2016,11,5
2016,11,5
2016,11,5
2016,11,5
2016,11,5
2016,11,5
2016,11,5
2016,11,5
2016,11,5
2016,11,5
2016,11,5
2016,11,5
2016,11,5
2016,11,5
2016,11,5
2016,11,5
2016,11,5
2016,11,5
2016,11,5
2016,11,5
2016,11,5
2016,11,5
2016,11,5
2016,11,5
2016,11,5
2016,11,5
2016,11,5
2016,11,5
2016,11,5
2016,11,5
2016,11,5
2016,11,5
2016,11,5
2016,11,5
2016,11,5
2016,11,5
2016,11,5
2016,11,5
2016,11,5
2016,11,5
2016,11,5
2016,11,5
2016,11,5
2016,11,5
2016,11,5
2016,11,5
2016,11,5
2016,11,5
2016,11,5
2016,11,5
2016,11,5
2016,11,5
2016,11,5
2016,11,5
2016,11,5
2016,11,5
2016,11,5
2016,11,5
2016,11,5
2016,11,5
2016,11,5
2016,11,5
2016,11,5
2016,11,5
2016,11,5
2016,11,5
2016,11,5
2016,11,5
2016,11,5
2016,11,5
2016,11,5
2016,11,5
2016,11,5
2016,11,5
2016,11,5
2016,11,5
2016,11,5
2016,11,5
2016,11,5
2016,11,5
2016,11,5
2016,11,5
2016,11,5
2016,11,5
2016,11,5
2016,11,5
2016,11,5
2016,11,5
2016,11,5
2016,11,5
2016,11,5
2016,11,5
2016,11,5
2016,11,5
2016,11,5
2016,11,5
2016,11,5
2016,11,5
2016,11,5
2016,11,5
2016,11,5
2016,11,5
2016,11,5
2016,11,5
2016,11,5
2016,11,5
2016,11,5
2016,11,5
2016,11,5
2016,11,5
2016,11,5
2016,11,5
2016,11,5
2016,11,5
2016,11,5
2016,11,5
2016,11,5
2016,11,5
2016,11,5
2016,11,5
2016,11,5
2016,11,5
2016,11,5
2016,11,5
2016,11,5
2016,11,5
2016,11,5
2016,11,5
2016,11,5
2016,11,5
2016,11,5
2016,11,5
2016,11,5
2016,11,5
2016,11,5
2016,11,5
2016,11,5
2016,11,5
2016,11,5
2016,11,5
2016,11,5
2016,11,5
2016,11,5
2016,11,5
2016,11,5
2016,11,5
2016,11,5
2016,11,5
2016,11,5
2016,11,5
2016,11,5
2016,11,5
2016,11,5
2016,11,5
2016,11,5
2016,11,5
2016,11,5
2016,11,5
2016,11,5
2016,11,5
2016,11,5
2016,11,5
2016,11,5
2016,11,5
2016,11,5
2016,11,5
2016,11,5
2016,11,5
2016,11,5
2016,11,5
2016,11,5
2016,11,5
2016,11,5
2016,11,5
2016,11,5
2016,11,5
2016,11,5
2016,11,5
2016,11,5
2016,11,5
2016,11,5
2016,11,5
2016,11,5
2016,11,5
2016,11,5
2016,11,5
2016,11,5
2016,11,5
2016,11,5
2016,11,5
2016,11,5
2016,11,5
2016,11,5
2016,11,5
2016,11,5
2016,11,5
2016,11,5
2016,11,5
2016,11,5
2016,11,5
2016,11,5
2016,11,5
2016,11,5
2016,11,5
2016,11,5
2016,11,5
2016,11,5
2016,11,5
2016,11,5
2016,11,5
2016,11,5
2016,11,5
2016,11,5
2016,11,5
2016,11,5
2016,11,5
2016,11,5
2016,11,5
2016,11,5
2016,11,5
2016,11,5
2016,11,5
2016,11,5
2016,11,5
2016,11,5
2016,11,5
2016,11,5
2016,11,5
2016,11,5
2016,11,5
2016,11,5
2016,11,5
2016,11,5
2016,11,5
2016,11,5
2016,11,5
2016,11,5
2016,11,5
2016,11,5
2016,11,5
2016,11,5
2016,11,5
2016,11,5
2016,11,5
2016,11,5
2016,11,5
2016,11,5
2016,11,5
2016,11,5
2016,11,5
2016,11,5
2016,11,5
2016,11,5
2016,11,5
2016,11,5
2016,11,5
2016,11,5
2016,11,5
2016,11,5
2016,11,5
2016,11,5
2016,11,5
2016,11,5
2016,11,5
2016,11,5
2016,11,5
2016,11,5
2016,11,5
2016,11,5
2016,11,5
2016,11,5
2016,11,5
2016,11,5
2016,11,5
2016,11,5
2016,11,5
2016,11,5
2016,11,5
2016,11,5
2016,11,5
2016,11,5
2016,11,5
2016,11,5
2016,11,5
2016,11,5
2016,11,5
2016,11,5
2016,11,5
2016,11,5
2016,11,5
2016,11,5
2016,11,5
2016,11,5
2016,11,5
2016,11,5
2016,11,5
2016,11,5
2016,11,5
2016,11,5
2016,11,5
2016,11,5
2016,11,5
2016,11,5
2016,11,5
2016,11,5
2016,11,5
2016,11,5
2016,11,5
2016,11,5
2016,11,5
2016,11,5
2016,11,5
2016,11,5
2016,11,5
2016,11,5
2016,11,5
2016,11,5
2016,11,5
2016,11,5
2016,11,5
2016,11,5
2016,11,5
2016,11,5
2016,11,5
2016,11,5
2016,11,5
2016,11,5
2016,11,5
2016,11,5
2016,11,5
2016,11,5
2016,11,5
2016,11,5
2016,11,5
2016,11,5
2016,11,5
2016,11,5
2016,11,5
2016,11,5
2016,11,5
2016,11,5
2016,11,5
2016,11,5
2016,11,5
2016,11,5
2016,11,5
2016,11,5
2016,11,5
2016,11,5
2016,11,5
2016,11,5
2016,11,5
2016,11,5
2016,11,5
2016,11,5
2016,11,5
2016,11,5
2016,11,5
2016,11,5
2016,11,5
2016,11,5
2016,11,5
2016,11,5
2016,11,5
2016,11,5
2016,11,5
2016,11,5
2016,11,5
2016,11,5
2016,11,5
2016,11,5
2016,11,5
2016,11,5
2016,11,5
2016,11,5
2016,11,5
2016,11,5
2016,11,5
2016,11,5
2016,11,5
2016,11,5
2016,11,5
2016,11,5
2016,11,5
2016,11,5
2016,11,5
2016,11,5
2016,11,5
2016,11,5
2016,11,5
2016,11,5
2016,11,5
2016,11,5
2016,11,5
2016,11,5
2016,11,5
2016,11,5
2016,11,5
2016,11,5
2016,11,5
2016,11,5
2016,11,5
2016,11,5
2016,11,5
2016,11,5
2016,11,5
2016,11,5
2016,11,5
2016,11,5
2016,11,5
2016,11,5
2016,11,5
2016,11,5
2016,11,5
2016,11,5
2016,11,5
2016,11,5
2016,11,5
2016,11,5
2016,11,5
2016,11,5
2016,11,5
2016,11,5
2016,11,5
2016,11,5
2016,11,5
2016,11,5
2016,11,5
2016,11,5
2016,11,5
2016,11,5
2016,11,5
2016,11,5
2016,11,5
2016,11,5
2016,11,5
2016,11,5
2016,11,5
2016,11,5
2016,11,5
2016,11,5
2016,11,5
2016,11,5
2016,11,5
2016,11,5
2016,11,5
2016,11,5
2016,11,5
2016,11,5
2016,11,5
2016,11,5
2016,11,5
2016,11,5
2016,11,5
2016,11,5
2016,11,5
2016,11,5
2016,11,5
2016,11,5
2016,11,5
2016,11,5
2016,11,5
2016,11,5
2016,11,5
2016,11,5
2016,11,5
2016,11,5
2016,11,5
2016,11,5
2016,11,5
2016,11,5
2016,11,5
2016,11,5
2016,11,5
2016,11,5
2016,11,5
2016,11,5
2016,11,5
2016,11,5
2016,11,5
2016,11,5
2016,11,5
2016,11,5
2016,11,5
2016,11,5
2016,11,5
2016,11,5
2016,11,5
2016,11,5
2016,11,5
2016,11,5
2016,11,5
2016,11,5
2016,11,5
2016,11,5
2016,11,5
2016,11,5
2016,11,5
2016,11,5
2016,11,5
2016,11,5
2016,11,5
2016,11,5
2016,11,5
2016,11,5
2016,11,5
2016,11,5
2016,11,5
2016,11,5
2016,11,5
2016,11,5
2016,11,5
2016,11,5
2016,11,5
2016,11,5
2016,11,5
2016,11,5
2016,11,5
2016,11,5
2016,11,5
2016,11,5
2016,11,5
2016,11,5
2016,11,5
2016,11,5
2016,11,5
2016,11,5
2016,11,5
2016,11,5
2016,11,5
2016,11,5
2016,11,5
2016,11,5
2016,11,5
2016,11,5
2016,11,5
2016,11,5
2016,11,5
2016,11,5
2016,11,5
2016,11,5
2016,11,5
2016,11,5
2016,11,5
2016,11,5
2016,11,5
2016,11,5
2016,11,5
2016,11,5
2016,11,5
2016,11,5
2016,11,5
2016,11,5
2016,11,5
2016,11,5
2016,11,5
2016,11,5
2016,11,5
2016,11,5
2016,11,5
2016,11,5
2016,11,5
2016,11,5
2016,11,5
2016,11,5
2016,11,5
2016,11,5
2016,11,5
2016,11,5
2016,11,5
2016,11,5
2016,11,5
2016,11,5
2016,11,5
2016,11,5
2016,11,5
2016,11,5
2016,11,5
2016,11,5
2016,11,5
2016,11,5
2016,11,5
2016,11,5
2016,11,5
2016,11,5
2016,11,5
2016,11,5
2016,11,5
2016,11,5
2016,11,5
2016,11,5
2016,11,5
2016,11,5
2016,11,5
2016,11,5
2016,11,5
2016,11,5
2016,11,5
2016,11,5
2016,11,5
2016,11,5
2016,11,5
2016,11,5
2016,11,5
2016,11,5
2016,11,5
2016,11,5
2016,11,5
2016,11,5
2016,11,5
2016,11,5
2016,11,5
2016,11,5
2016,11,5
2016,11,5
2016,11,5
2016,11,5
2016,11,5
2016,11,5
2016,11,5
2016,11,5
2016,11,5
2016,11,5
2016,11,5
2016,11,5
2016,11,5
2016,11,5
2016,11,5
2016,11,5
2016,11,5
2016,11,5
2016,11,5
2016,11,5
2016,11,5
2016,11,5
2016,11,5
2016,11,5
2016,11,5
2016,11,5
2016,11,5
2016,11,5
2016,11,5
2016,11,5
2016,11,5
2016,11,5
2016,11,5
2016,11,5
2016,11,5
2016,11,5
2016,11,5
2016,11,5
2016,11,5
2016,11,5
2016,11,5
2016,11,5
2016,11,5
2016,11,5
2016,11,5
2016,11,5
2016,11,5
2016,11,5
2016,11,5
2016,11,5
2016,11,5
2016,11,5
2016,11,5
2016,11,5
2016,11,5
2016,11,5
2016,11,5
2016,11,5
2016,11,5
2016,11,5
2016,11,5
2016,11,5
2016,11,5
2016,11,5
2016,11,5
2016,11,5
2016,11,5
2016,11,5
2016,11,5
2016,11,5
2016,11,5
2016,11,5
2016,11,5
2016,11,5
2016,11,5
2016,11,5
2016,11,5
2016,11,5
2016,11,5
2016,11,5
2016,11,5
2016,11,5
2016,11,5
2016,11,5
2016,11,5
2016,11,5
2016,11,5
2016,11,5
2016,11,5
2016,11,5
2016,11,5
2016,11,5
2016,11,5
2016,11,5
2016,11,5
2016,11,5
2016,11,5
2016,11,5
2016,11,5
2016,11,5
2016,11,5
2016,11,5
2016,11,5
2016,11,5
2016,11,5
2016,11,5
2016,11,5
2016,11,5
2016,11,5
2016,11,5
2016,11,5
2016,11,5
2016,11,5
2016,11,5
2016,11,5
2016,11,5
2016,11,5
2016,11,5
2016,11,5
2016,11,5
2016,11,5
2016,11,5
2016,11,5
2016,11,5
2016,11,5
2016,11,5
2016,11,5
2016,11,5
2016,11,5
2016,11,5
2016,11,5
2016,11,5
2016,11,5
2016,11,5
2016,11,5
2016,11,5
2016,11,5
2016,11,5
2016,11,5
2016,11,5
2016,11,5
2016,11,5
2016,11,5
2016,11,5
2016,11,5
2016,11,5
2016,11,5
2016,11,5
2016,11,5
2016,11,5
2016,11,5
2016,11,5
2016,11,5
2016,11,5
2016,11,5
2016,11,5
2016,11,5
2016,11,5
2016,11,5
2016,11,5
2016,11,5
2016,11,5
2016,11,5
2016,11,5
2016,11,5
2016,11,5
2016,11,5
2016,11,5
2016,11,5
2016,11,5
2016,11,5
2016,11,5
2016,11,5
2016,11,5
2016,11,5
2016,11,5
2016,11,5
2016,11,5
2016,11,5
2016,11,5
2016,11,5
2016,11,5
2016,11,5
2016,11,5
2016,11,5
2016,11,5
2016,11,5
2016,11,5
2016,11,5
2016,11,5
2016,11,5
2016,11,5
2016,11,5
2016,11,5
2016,11,5
2016,11,5
2016,11,5
2016,11,5
2016,11,5
2016,11,5
2016,11,5
2016,11,5
2016,11,5
2016,11,5
2016,11,5
2016,11,5
2016,11,5
2016,11,5
2016,11,5
2016,11,5
2016,11,5
2016,11,5
2016,11,5
2016,11,5
2016,11,5
2016,11,5
2016,11,5
2016,11,5
2016,11,5
2016,11,5
2016,11,5
2016,11,5
2016,11,5
2016,11,5
2016,11,5
2016,11,5
2016,11,5
2016,11,5
2016,11,5
2016,11,5
2016,11,5
2016,11,5
2016,11,5
2016,11,5
2016,11,5
2016,11,5
2016,11,5
2016,11,5
2016,11,5
2016,11,5
2016,11,5
2016,11,5
2016,11,5
2016,11,5
2016,11,5
2016,11,5
2016,11,5
2016,11,5
2016,11,5
2016,11,5
2016,11,5
2016,11,5
2016,11,5
2016,11,5
2016,11,5
2016,11,5
2016,11,5
2016,11,5
2016,11,5
2016,11,5
2016,11,5
2016,11,5
2016,11,5
2016,11,5
2016,11,5
2016,11,5
2016,11,5
2016,11,5
2016,11,5
2016,11,5
2016,11,5
2016,11,5
2016,11,5
2016,11,5
2016,11,5
2016,11,5
2016,11,5
2016,11,5
2016,11,5
2016,11,5
2016,11,5
2016,11,5
2016,11,5
2016,11,5
2016,11,5
2016,11,5
2016,11,5
2016,11,5
2016,11,5
2016,11,5
2016,11,5
2016,11,5
2016,11,5
2016,11,5
2016,11,5
2016,11,5
2016,11,5
2016,11,5
2016,11,5
2016,11,5
2016,11,5
2016,11,5
2016,11,5
2016,11,5
2016,11,5
2016,11,5
2016,11,5
2016,11,5
2016,11,5
2016,11,5
2016,11,5
2016,11,5
2016,11,5
2016,11,5
2016,11,5
2016,11,5
2016,11,5
2016,11,5
2016,11,5
2016,11,5
2016,11,5
2016,11,5
2016,11,5
2016,11,5
2016,11,5
2016,11,5
2016,11,5
2016,11,5
2016,11,5
2016,11,5
2016,11,5
2016,11,5
2016,11,5
2016,11,5
2016,11,5
2016,11,5
2016,11,5
2016,11,5
2016,11,5
2016,11,5
2016,11,5
2016,11,5
2016,11,5
2016,11,5
2016,11,5
2016,11,5
2016,11,5
2016,11,5
2016,11,5
2016,11,5
2016,11,5
2016,11,5
2016,11,5
2016,11,5
2016,11,5
2016,11,5
2016,11,5
2016,11,5
2016,11,5
2016,11,5
2016,11,5
2016,11,5
2016,11,5
2016,11,5
2016,11,5
2016,11,5
2016,11,5
2016,11,5
2016,11,5
2016,11,5
2016,11,5
2016,11,5
2016,11,5
2016,11,5
2016,11,5
2016,11,5
2016,11,5
2016,11,5
2016,11,5
2016,11,5
2016,11,5
2016,11,5
2016,11,5
2016,11,5
2016,11,5
2016,11,5
2016,11,5
2016,11,5
2016,11,5
2016,11,5
2016,11,5
2016,11,5
2016,11,5
2016,11,5
2016,11,5
2016,11,5
2016,11,5
2016,11,5
2016,11,5
2016,11,5
2016,11,5
2016,11,5
2016,11,5
2016,11,5
2016,11,5
2016,11,5
2016,11,5
2016,11,5
2016,11,5
2016,11,5
2016,11,5
2016,11,5
2016,11,5
2016,11,5
2016,11,5
2016,11,5
2016,11,5
2016,11,5
2016,11,5
2016,11,5
2016,11,5
2016,11,5
2016,11,5
2016,11,5
2016,11,5
2016,11,5
2016,11,5
2016,11,5
2016,11,5
2016,11,5
2016,11,5
2016,11,5
2016,11,5
2016,11,5
2016,11,5
2016,11,5
2016,11,5
2016,11,5
2016,11,5
2016,11,5
2016,11,5
2016,11,5
2016,11,5
2016,11,5
2016,11,5
2016,11,5
2016,11,5
2016,11,5
2016,11,5
2016,11,5
2016,11,5
2016,11,5
2016,11,5
2016,11,5
2016,11,5
2016,11,5
2016,11,5
2016,11,5
2016,11,5
2016,11,5
2016,11,5
2016,11,5
2016,11,5
2016,11,5
2016,11,5
2016,11,5
2016,11,5
2016,11,5
2016,11,5
2016,11,5
2016,11,5
2016,11,5
2016,11,5
2016,11,5
2016,11,5
2016,11,5
2016,11,5
2016,11,5
2016,11,5
2016,11,5
2016,11,5
2016,11,5
2016,11,5
2016,11,5
2016,11,5
2016,11,5
2016,11,5
2016,11,5
2016,11,5
2016,11,5
2016,11,5
2016,11,5
2016,11,5
2016,11,5
2016,11,5
2016,11,5
2016,11,5
2016,11,5
2016,11,5
2016,11,5
2016,11,5
2016,11,5
2016,11,5
2016,11,5
2016,11,5
2016,11,5
2016,11,5
2016,11,5
2016,11,5
2016,11,5
2016,11,5
2016,11,5
2016,11,5
2016,11,5
2016,11,5
2016,11,5
2016,11,5
2016,11,5
2016,11,5
2016,11,5
2016,11,5
2016,11,5
2016,11,5
2016,11,5
2016,11,5
2016,11,5
2016,11,5
2016,11,5
2016,11,5
2016,11,5
2016,11,5
2016,11,5
2016,11,5
2016,11,5
2016,11,5
2016,11,5
2016,11,5
2016,11,5
2016,11,5
2016,11,5
2016,11,5
2016,11,5
2016,11,5
2016,11,5
2016,11,5
2016,11,5
2016,11,5
2016,11,5
2016,11,5
2016,11,5
2016,11,5
2016,11,5
2016,11,5
2016,11,5
2016,11,5
2016,11,5
2016,11,5
2016,11,5
2016,11,5
2016,11,5
2016,11,5
2016,11,5
2016,11,5
2016,11,5
2016,11,5
2016,11,5
2016,11,5
2016,11,5
2016,11,5
2016,11,5
2016,11,5
2016,11,5
2016,11,5
2016,11,5
2016,11,5
2016,11,5
2016,11,5
2016,11,5
2016,11,5
2016,11,5
2016,11,5
2016,11,5
2016,11,5
2016,11,5
2016,11,5
2016,11,5
2016,11,5
2016,11,5
2016,11,5
2016,11,5
2016,11,5
2016,11,5
2016,11,5
2016,11,5
2016,11,5
2016,11,5
2016,11,5
2016,11,5
2016,11,5
2016,11,5
2016,11,5
2016,11,5
2016,11,5
2016,11,5
2016,11,5
2016,11,5
2016,11,5
2016,11,5
2016,11,5
2016,11,5
2016,11,5
2016,11,5
2016,11,5
2016,11,5
2016,11,5
2016,11,5
2016,11,5
2016,11,5
2016,11,5
2016,11,5
2016,11,5
2016,11,5
2016,11,5
2016,11,5
2016,11,5
2016,11,5
2016,11,5
2016,11,5
2016,11,5
2016,11,5
2016,11,5
2016,11,5
2016,11,5
2016,11,5
2016,11,5
2016,11,5
2016,11,5
2016,11,5
2016,11,5
2016,11,5
2016,11,5
2016,11,5
2016,11,5
2016,11,5
2016,11,5
2016,11,5
2016,11,5
2016,11,5
2016,11,5
2016,11,5
2016,11,5
2016,11,5
2016,11,5
2016,11,5
2016,11,5
2016,11,5
2016,11,5
2016,11,5
2016,11,5
2016,11,5
2016,11,5
2016,11,5
2016,11,5
2016,11,5
2016,11,5
2016,11,5
2016,11,5
2016,11,5
2016,11,5
2016,11,5
2016,11,5
2016,11,5
2016,11,5
2016,11,5
2016,11,5
2016,11,5
2016,11,5
2016,11,5
2016,11,5
2016,11,5
2016,11,5
2016,11,5
2016,11,5
2016,11,5
2016,11,5
2016,11,5
2016,11,5
2016,11,5
2016,11,5
2016,11,5
2016,11,5
2016,11,5
2016,11,5
2016,11,5
2016,11,5
2016,11,5
2016,11,5
2016,11,5
2016,11,5
2016,11,5
2016,11,5
2016,11,5
2016,11,5
2016,11,5
2016,11,5
2016,11,5
2016,11,5
2016,11,5
2016,11,5
2016,11,5
2016,11,5
2016,11,5
2016,11,5
2016,11,5
2016,11,5
2016,11,5
2016,11,5
2016,11,5
2016,11,5
2016,11,5
2016,11,5
2016,11,5
2016,11,5
2016,11,5
2016,11,5
2016,11,5
2016,11,5
2016,11,5
2016,11,5
2016,11,5
2016,11,5
2016,11,5
2016,11,5
2016,11,5
2016,11,5
2016,11,5
2016,11,5
2016,11,5
2016,11,5
2016,11,5
2016,11,5
2016,11,5
2016,11,5
2016,11,5
2016,11,5
2016,11,5
2016,11,5
2016,11,5
2016,11,5
2016,11,5
2016,11,5
2016,11,5
2016,11,5
2016,11,5
2016,11,5
2016,11,5
2016,11,5
2016,11,5
2016,11,5
2016,11,5
2016,11,5
2016,11,5
2016,11,5
2016,11,5
2016,11,5
2016,11,5
2016,11,5
2016,11,5
2016,11,5
2016,11,5
2016,11,5
2016,11,5
2016,11,5
2016,11,5
2016,11,5
2016,11,5
2016,11,5
2016,11,5
2016,11,5
2016,11,5
2016,11,5
2016,11,5
2016,11,5
2016,11,5
2016,11,5
2016,11,5
2016,11,5
2016,11,5
2016,11,5
2016,11,5
2016,11,5
2016,11,5
2016,11,5
2016,11,5
2016,11,5
2016,11,5
2016,11,5
2016,11,5
2016,11,5
2016,11,5
2016,11,5
2016,11,5
2016,11,5
2016,11,5
2016,11,5
2016,11,5
2016,11,5
2016,11,5
2016,11,5
2016,11,5
2016,11,5
2016,11,5
2016,11,5
2016,11,5
2016,11,5
2016,11,5
2016,11,5
2016,11,5
2016,11,5
2016,11,5
2016,11,5
2016,11,5
2016,11,5
2016,11,5
2016,11,5
2016,11,5
2016,11,5
2016,11,5
2016,11,5
2016,11,5
2016,11,5
2016,11,5
2016,11,5
2016,11,5
2016,11,5
2016,11,5
2016,11,5
2016,11,5
2016,11,5
2016,11,5
2016,11,5
2016,11,5
2016,11,5
2016,11,5
2016,11,5
2016,11,5
2016,11,5
2016,11,5
2016,11,5
2016,11,5
2016,11,5
2016,11,5
2016,11,5
2016,11,5
2016,11,5
2016,11,5
2016,11,5
2016,11,5
2016,11,5
2016,11,5
2016,11,5
2016,11,5
2016,11,5
2016,11,5
2016,11,5
2016,11,5
2016,11,5
2016,11,5
2016,11,5
2016,11,5
2016,11,5
2016,11,5
2016,11,5
2016,11,5
2016,11,5
2016,11,5
2016,11,5
2016,11,5
2016,11,5
2016,11,5
2016,11,5
2016,11,5
2016,11,5
2016,11,5
2016,11,5
2016,11,5
2016,11,5
2016,11,5
2016,11,5
2016,11,5
2016,11,5
2016,11,5
2016,11,5
2016,11,5
2016,11,5
2016,11,5
2016,11,5
2016,11,5
2016,11,5
2016,11,5
2016,11,5
2016,11,5
2016,11,5
2016,11,5
2016,11,5
2016,11,5
2016,11,5
2016,11,5
2016,11,5
2016,11,5
2016,11,5
2016,11,5
2016,11,5
2016,11,5
2016,11,5
2016,11,5
2016,11,5
2016,11,5
2016,11,5
2016,11,5
2016,11,5
2016,11,5
2016,11,5
2016,11,5
2016,11,5
2016,11,5
2016,11,5
2016,11,5
2016,11,5
2016,11,5
2016,11,5
2016,11,5
2016,11,5
2016,11,5
2016,11,5
2016,11,5
2016,11,5
2016,11,5
2016,11,5
2016,11,5
2016,11,5
2016,11,5
2016,11,5
2016,11,5
2016,11,5
2016,11,5
2016,11,5
2016,11,5
2016,11,5
2016,11,5
2016,11,5
2016,11,5
2016,11,5
2016,11,5
2016,11,5
2016,11,5
2016,11,5
2016,11,5
2016,11,5
2016,11,5
2016,11,5
2016,11,5
2016,11,5
2016,11,5
2016,11,5
2016,11,5
2016,11,5
2016,11,5
2016,11,5
2016,11,5
2016,11,5
2016,11,5
2016,11,5
2016,11,5
2016,11,5
2016,11,5
2016,11,5
2016,11,5
2016,11,5
2016,11,5
2016,11,5
2016,11,5
2016,11,5
2016,11,5
2016,11,5
2016,11,5
2016,11,5
2016,11,5
2016,11,5
2016,11,5
2016,11,5
2016,11,5
2016,11,5
2016,11,5
2016,11,5
2016,11,5
2016,11,5
2016,11,5
2016,11,5
2016,11,5
2016,11,5
2016,11,5
2016,11,5
2016,11,5
2016,11,5
2016,11,5
2016,11,5
2016,11,5
2016,11,5
2016,11,5
2016,11,5
2016,11,5
2016,11,5
2016,11,5
2016,11,5
2016,11,5
2016,11,5
2016,11,5
2016,11,5
2016,11,5
2016,11,5
2016,11,5
2016,11,5
2016,11,5
2016,11,5
2016,11,5
2016,11,5
2016,11,5
2016,11,5
2016,11,5
2016,11,5
2016,11,5
2016,11,5
2016,11,5
2016,11,5
2016,11,5
2016,11,5
2016,11,5
2016,11,5
2016,11,5
2016,11,5
2016,11,5
2016,11,5
2016,11,5
2016,11,5
2016,11,5
2016,11,5
2016,11,5
2016,11,5
2016,11,5
2016,11,5
2016,11,5
2016,11,5
2016,11,5
2016,11,5
2016,11,5
2016,11,5
2016,11,5
2016,11,5
2016,11,5
2016,11,5
2016,11,5
2016,11,5
2016,11,5
2016,11,5
2016,11,5
2016,11,5
2016,11,5
2016,11,5
2016,11,5
2016,11,5
2016,11,5
2016,11,5
2016,11,5
2016,11,5
2016,11,5
2016,11,5
2016,11,5
2016,11,5
2016,11,5
2016,11,5
2016,11,5
2016,11,5
2016,11,5
2016,11,5
2016,11,5
2016,11,5
2016,11,5
2016,11,5
2016,11,5
2016,11,5
2016,11,5
2016,11,5
2016,11,5
2016,11,5
2016,11,5
2016,11,5
2016,11,5
2016,11,5
2016,11,5
2016,11,5
2016,11,5
2016,11,5
2016,11,5
2016,11,5
2016,11,5
2016,11,5
2016,11,5
2016,11,5
2016,11,5
2016,11,5
2016,11,5
2016,11,5
2016,11,5
2016,11,5
2016,11,5
2016,11,5
2016,11,5
2016,11,5
2016,11,5
2016,11,5
2016,11,5
2016,11,5
2016,11,5
2016,11,5
2016,11,5
2016,11,5
2016,11,5
2016,11,5
2016,11,5
2016,11,5
2016,11,5
2016,11,5
2016,11,5
2016,11,5
2016,11,5
2016,11,5
2016,11,5
2016,11,5
2016,11,5
2016,11,5
2016,11,5
2016,11,5
2016,11,5
2016,11,5
2016,11,5
2016,11,5
2016,11,5
2016,11,5
2016,11,5
2016,11,5
2016,11,5
2016,11,5
2016,11,5
2016,11,5
2016,11,5
2016,11,5
2016,11,5
2016,11,5
2016,11,5
2016,11,5
2016,11,5
2016,11,5
2016,11,5
2016,11,5
2016,11,5
2016,11,5
2016,11,5
2016,11,5
2016,11,5
2016,11,5
2016,11,5
2016,11,5
2016,11,5
2016,11,5
2016,11,5
2016,11,5
2016,11,5
2016,11,5
2016,11,5
2016,11,5
2016,11,5
2016,11,5
2016,11,5
2016,11,5
2016,11,5
2016,11,5
2016,11,5
2016,11,5
2016,11,5
2016,11,5
2016,11,5
2016,11,5
2016,11,5
2016,11,5
2016,11,5
2016,11,5
2016,11,5
2016,11,5
2016,11,5
2016,11,5
2016,11,5
2016,11,5
2016,11,5
2016,11,5
2016,11,5
2016,11,5
2016,11,5
2016,11,5
2016,11,5
2016,11,5
2016,11,5
2016,11,5
2016,11,5
2016,11,5
2016,11,5
2016,11,5
2016,11,5
2016,11,5
2016,11,5
2016,11,5
2016,11,5
2016,11,5
2016,11,5
2016,11,5
2016,11,5
2016,11,5
2016,11,5
2016,11,5
2016,11,5
2016,11,5
2016,11,5
2016,11,5
2016,11,5
2016,11,5
2016,11,5
2016,11,5
2016,11,5
2016,11,5
2016,11,5
2016,11,5
2016,11,5
2016,11,5
2016,11,5
2016,11,5
2016,11,5
2016,11,5
2016,11,5
2016,11,5
2016,11,5
2016,11,5
2016,11,5
2016,11,5
2016,11,5
2016,11,5
2016,11,5
2016,11,5
2016,11,5
2016,11,5
2016,11,5
2016,11,5
2016,11,5
2016,11,5
2016,11,5
2016,11,5
2016,11,5
2016,11,5
2016,11,5
2016,11,5
2016,11,5
2016,11,5
2016,11,5
2016,11,5
2016,11,5
2016,11,5
2016,11,5
2016,11,5
2016,11,5
2016,11,5
2016,11,5
2016,11,5
2016,11,5
2016,11,5
2016,11,5
2016,11,5
2016,11,5
2016,11,5
2016,11,5
2016,11,5
2016,11,5
2016,11,5
2016,11,5
2016,11,5
2016,11,5
2016,11,5
2016,11,5
2016,11,5
2016,11,5
2016,11,5
2016,11,5
2016,11,5
2016,11,5
2016,11,5
2016,11,5
2016,11,5
2016,11,5
2016,11,5
2016,11,5
2016,11,5
2016,11,5
2016,11,5
2016,11,5
2016,11,5
2016,11,5
2016,11,5
2016,11,5
2016,11,5
2016,11,5
2016,11,5
2016,11,5
2016,11,5
2016,11,5
2016,11,5
2016,11,5
2016,11,5
2016,11,5
2016,11,5
2016,11,5
2016,11,5
2016,11,5
2016,11,5
2016,11,5
2016,11,5
2016,11,5
2016,11,5
2016,11,5
2016,11,5
2016,11,5
2016,11,5
2016,11,5
2016,11,5
2016,11,5
2016,11,5
2016,11,5
2016,11,5
2016,11,5
2016,11,5
2016,11,5
2016,11,5
2016,11,5
2016,11,5
2016,11,5
2016,11,5
2016,11,5
2016,11,5
2016,11,5
2016,11,5
2016,11,5
2016,11,5
2016,11,5
2016,11,5
2016,11,5
2016,11,5
2016,11,5
2016,11,5
2016,11,5
2016,11,5
2016,11,5
2016,11,5
2016,11,5
2016,11,5
2016,11,5
2016,11,5
2016,11,5
2016,11,5
2016,11,5
2016,11,5
2016,11,5
2016,11,5
2016,11,5
2016,11,5
2016,11,5
2016,11,5
2016,11,5
2016,11,5
2016,11,5
2016,11,5
2016,11,5
2016,11,5
2016,11,5
2016,11,5
2016,11,5
2016,11,5
2016,11,5
2016,11,5
2016,11,5
2016,11,5
2016,11,5
2016,11,5
2016,11,5
2016,11,5
2016,11,5
2016,11,5
2016,11,5
2016,11,5
2016,11,5
2016,11,5
2016,11,5
2016,11,5
2016,11,5
2016,11,5
2016,11,5
2016,11,5
2016,11,5
2016,11,5
2016,11,5
2016,11,5
2016,11,5
2016,11,5
2016,11,5
2016,11,5
2016,11,5
2016,11,5
2016,11,5
2016,11,5
2016,11,5
2016,11,5
2016,11,5
2016,11,5
2016,11,5
2016,11,5
2016,11,5
2016,11,5
2016,11,5
2016,11,5
2016,11,5
2016,11,5
2016,11,5
2016,11,5
2016,11,5
2016,11,5
2016,11,5
2016,11,5
2016,11,5
2016,11,5
2016,11,5
2016,11,5
2016,11,5
2016,11,5
2016,11,5
2016,11,5
2016,11,5
2016,11,5
2016,11,5
2016,11,5
2016,11,5
2016,11,5
2016,11,5
2016,11,5
2016,11,5
2016,11,5
2016,11,5
2016,11,5
2016,11,5
2016,11,5
2016,11,5
2016,11,5
2016,11,5
2016,11,5
2016,11,5
2016,11,5
2016,11,5
2016,11,5
2016,11,5
2016,11,5
2016,11,5
2016,11,5
2016,11,5
2016,11,5
2016,11,5
2016,11,5
2016,11,5
2016,11,5
2016,11,5
2016,11,5
2016,11,5
2016,11,5
2016,11,5
2016,11,5
2016,11,5
2016,11,5
2016,11,5
2016,11,5
2016,11,5
2016,11,5
2016,11,5
2016,11,5
2016,11,5
2016,11,5
2016,11,5
2016,11,5
2016,11,5
2016,11,5
2016,11,5
2016,11,5
2016,11,5
2016,11,5
2016,11,5
2016,11,5
2016,11,5
2016,11,5
2016,11,5
2016,11,5
2016,11,5
2016,11,5
2016,11,5
2016,11,5
2016,11,5
2016,11,5
2016,11,5
2016,11,5
2016,11,5
2016,11,5
2016,11,5
2016,11,5
2016,11,5
2016,11,5
2016,11,5
2016,11,5
2016,11,5
2016,11,5
2016,11,5
2016,11,5
2016,11,5
2016,11,5
2016,11,5
2016,11,5
2016,11,5
2016,11,5
2016,11,5
2016,11,5
2016,11,5
2016,11,5
2016,11,5
2016,11,5
2016,11,5
2016,11,5
2016,11,5
2016,11,5
2016,11,5
2016,11,5
2016,11,5
2016,11,5
2016,11,5
2016,11,5
2016,11,5
2016,11,5
2016,11,5
2016,11,5
2016,11,5
2016,11,5
2016,11,5
2016,11,5
2016,11,5
2016,11,5
2016,11,5
2016,11,5
2016,11,5
2016,11,5
2016,11,5
2016,11,5
2016,11,5
2016,11,5
2016,11,5
2016,11,5
2016,11,5
2016,11,5
2016,11,5
2016,11,5
2016,11,5
2016,11,5
2016,11,5
2016,11,5
2016,11,5
2016,11,5
2016,11,5
2016,11,5
2016,11,5
2016,11,5
2016,11,5
2016,11,5
2016,11,5
2016,11,5
2016,11,5
2016,11,5
2016,11,5
2016,11,5
2016,11,5
2016,11,5
2016,11,5
2016,11,5
2016,11,5
2016,11,5
2016,11,5
2016,11,5
2016,11,5
2016,11,5
2016,11,5
2016,11,5
2016,11,5
2016,11,5
2016,11,5
2016,11,5
2016,11,5
2016,11,5
2016,11,5
2016,11,5
2016,11,5
2016,11,5
2016,11,5
2016,11,5
2016,11,5
2016,11,5
2016,11,5
2016,11,5
2016,11,5
2016,11,5
2016,11,5
2016,11,5
2016,11,5
2016,11,5
2016,11,5
2016,11,5
2016,11,5
2016,11,5
2016,11,5
2016,11,5
2016,11,5
2016,11,5
2016,11,5
2016,11,5
2016,11,5
2016,11,5
2016,11,5
2016,11,5
2016,11,5
2016,11,5
2016,11,5
2016,11,5
2016,11,5
2016,11,5
2016,11,5
2016,11,5
2016,11,5
2016,11,5
2016,11,5
2016,11,5
2016,11,5
2016,11,5
2016,11,5
2016,11,5
2016,11,5
2016,11,5
2016,11,5
2016,11,5
2016,11,5
2016,11,5
2016,11,5
2016,11,5
2016,11,5
2016,11,5
2016,11,5
2016,11,5
2016,11,5
2016,11,5
2016,11,5
2016,11,5
2016,11,5
2016,11,5
2016,11,5
2016,11,5
2016,11,5
2016,11,5
2016,11,5
2016,11,5
2016,11,5
2016,11,5
2016,11,5
2016,11,5
2016,11,5
2016,11,5
2016,11,5
2016,11,5
2016,11,5
2016,11,5
2016,11,5
2016,11,5
2016,11,5
2016,11,5
2016,11,5
2016,11,5
2016,11,5
2016,11,5
2016,11,5
2016,11,5
2016,11,5
2016,11,5
2016,11,5
2016,11,5
2016,11,5
2016,11,5
2016,11,5
2016,11,5
2016,11,5
2016,11,5
2016,11,5
2016,11,5
2016,11,5
2016,11,5
2016,11,5
2016,11,5
2016,11,5
2016,11,5
2016,11,5
2016,11,5
2016,11,5
2016,11,5
2016,11,5
2016,11,5
2016,11,5
2016,11,5
2016,11,5
2016,11,5
2016,11,5
2016,11,5
2016,11,5
2016,11,5
2016,11,5
2016,11,5
2016,11,5
2016,11,5
2016,11,5
2016,11,5
2016,11,5
2016,11,5
2016,11,5
2016,11,5
2016,11,5
2016,11,5
2016,11,5
2016,11,5
2016,11,5
2016,11,5
2016,11,5
2016,11,5
2016,11,5
2016,11,5
2016,11,5
2016,11,5
2016,11,5
2016,11,5
2016,11,5
2016,11,5
2016,11,5
2016,11,5
2016,11,5
2016,11,5
2016,11,5
2016,11,5
2016,11,5
2016,11,5
2016,11,5
2016,11,5
2016,11,5
2016,11,5
2016,11,5
2016,11,5
2016,11,5
2016,11,5
2016,11,5
2016,11,5
2016,11,5
2016,11,5
2016,11,5
2016,11,5
2016,11,5
2016,11,5
2016,11,5
2016,11,5
2016,11,5
2016,11,5
2016,11,5
2016,11,5
2016,11,5
2016,11,5
2016,11,5
2016,11,5
2016,11,5
2016,11,5
2016,11,5
2016,11,5
2016,11,5
2016,11,5
2016,11,5
2016,11,5
2016,11,5
2016,11,5
2016,11,5
2016,11,5
2016,11,5
2016,11,5
2016,11,5
2016,11,5
2016,11,5
2016,11,5
2016,11,5
2016,11,5
2016,11,5
2016,11,5
2016,11,5
2016,11,5
2016,11,5
2016,11,5
2016,11,5
2016,11,5
2016,11,5
2016,11,5
2016,11,5
2016,11,5
2016,11,5
2016,11,5
2016,11,5
2016,11,5
2016,11,5
2016,11,5
2016,11,5
2016,11,5
2016,11,5
2016,11,5
2016,11,5
2016,11,5
2016,11,5
2016,11,5
2016,11,5
2016,11,5
2016,11,5
2016,11,5
2016,11,5
2016,11,5
2016,11,5
2016,11,5
2016,11,5
2016,11,5
2016,11,5
2016,11,5
2016,11,5
2016,11,5
2016,11,5
2016,11,5
2016,11,5
2016,11,5
2016,11,5
2016,11,5
2016,11,5
2016,11,5
2016,11,5
2016,11,5
2016,11,5
2016,11,5
2016,11,5
2016,11,5
2016,11,5
2016,11,5
2016,11,5
2016,11,5
2016,11,5
2016,11,5
2016,11,5
2016,11,5
2016,11,5
2016,11,5
2016,11,5
2016,11,5
2016,11,5
2016,11,5
2016,11,5
2016,11,5
2016,11,5
2016,11,5
2016,11,5
2016,11,5
2016,11,5
2016,11,5
2016,11,5
2016,11,5
2016,11,5
2016,11,5
2016,11,5
2016,11,5
2016,11,5
2016,11,5
2016,11,5
2016,11,5
2016,11,5
2016,11,5
2016,11,5
2016,11,5
2016,11,5
2016,11,5
2016,11,5
2016,11,5
2016,11,5
2016,11,5
2016,11,5
2016,11,5
2016,11,5
2016,11,5
2016,11,5
2016,11,5
2016,11,5
2016,11,5
2016,11,5
2016,11,5
2016,11,5
2016,11,5
2016,11,5
2016,11,5
2016,11,5
2016,11,5
2016,11,5
2016,11,5
2016,11,5
2016,11,5
2016,11,5
2016,11,5
2016,11,5
2016,11,5
2016,11,5
2016,11,5
2016,11,5
2016,11,5
2016,11,5
2016,11,5
2016,11,5
2016,11,5
2016,11,5
2016,11,5
2016,11,5
2016,11,5
2016,11,5
2016,11,5
2016,11,5
2016,11,5
2016,11,5
2016,11,5
2016,11,5
2016,11,5
2016,11,5
2016,11,5
2016,11,5
2016,11,5
2016,11,5
2016,11,5
2016,11,5
2016,11,5
2016,11,5
2016,11,5
2016,11,5
2016,11,5
2016,11,5
2016,11,5
2016,11,5
2016,11,5
2016,11,5
2016,11,5
2016,11,5
2016,11,5
2016,11,5
2016,11,5
2016,11,5
2016,11,5
2016,11,5
2016,11,5
2016,11,5
2016,11,5
2016,11,5
2016,11,5
2016,11,5
2016,11,5
2016,11,5
2016,11,5
2016,11,5
2016,11,5
2016,11,5
2016,11,5
2016,11,5
2016,11,5
2016,11,5
2016,11,5
2016,11,5
2016,11,5
2016,11,5
2016,11,5
2016,11,5
2016,11,5
2016,11,5
2016,11,5
2016,11,5
2016,11,5
2016,11,5
2016,11,5
2016,11,5
2016,11,5
2016,11,5
2016,11,5
2016,11,5
2016,11,5
2016,11,5
2016,11,5
2016,11,5
2016,11,5
2016,11,5
2016,11,5
2016,11,5
2016,11,5
2016,11,5
2016,11,5
2016,11,5
2016,11,5
2016,11,5
2016,11,5
2016,11,5
2016,11,5
2016,11,5
2016,11,5
2016,11,5
2016,11,5
2016,11,5
2016,11,5
2016,11,5
2016,11,5
2016,11,5
2016,11,5
2016,11,5
2016,11,5
2016,11,5
2016,11,5
2016,11,5
2016,11,5
2016,11,5
2016,11,5
2016,11,5
2016,11,5
2016,11,5
2016,11,5
2016,11,5
2016,11,5
2016,11,5
2016,11,5
2016,11,5
2016,11,5
2016,11,5
2016,11,5
2016,11,5
2016,11,5
2016,11,5
2016,11,5
2016,11,5
2016,11,5
2016,11,5
2016,11,5
2016,11,5
2016,11,5
2016,11,5
2016,11,5
2016,11,5
2016,11,5
2016,11,5
2016,11,5
2016,11,5
2016,11,5
2016,11,5
2016,11,5
2016,11,5
2016,11,5
2016,11,5
2016,11,5
2016,11,5
2016,11,5
2016,11,5
2016,11,5
2016,11,5
2016,11,5
2016,11,5
2016,11,5
2016,11,5
2016,11,5
2016,11,5
2016,11,5
2016,11,5
2016,11,5
2016,11,5
2016,11,5
2016,11,5
2016,11,5
2016,11,5
2016,11,5
2016,11,5
2016,11,5
2016,11,5
2016,11,5
2016,11,5
2016,11,5
2016,11,5
2016,11,5
2016,11,5
2016,11,5
2016,11,5
2016,11,5
2016,11,5
2016,11,5
2016,11,5
2016,11,5
2016,11,5
2016,11,5
2016,11,5
2016,11,5
2016,11,5
2016,11,5
2016,11,5
2016,11,5
2016,11,5
2016,11,5
2016,11,5
2016,11,5
2016,11,5
2016,11,5
2016,11,5
2016,11,5
2016,11,5
2016,11,5
2016,11,5
2016,11,5
2016,11,5
2016,11,5
2016,11,5
2016,11,5
2016,11,5
2016,11,5
2016,11,5
2016,11,5
2016,11,5
2016,11,5
2016,11,5
2016,11,5
2016,11,5
2016,11,5
2016,11,5
2016,11,5
2016,11,5
2016,11,5
2016,11,5
2016,11,5
2016,11,5
2016,11,5
2016,11,5
2016,11,5
2016,11,5
2016,11,5
2016,11,5
2016,11,5
2016,11,5
2016,11,5
2016,11,5
2016,11,5
2016,11,5
2016,11,5
2016,11,5
2016,11,5
2016,11,5
2016,11,5
2016,11,5
2016,11,5
2016,11,5
2016,11,5
2016,11,5
2016,11,5
2016,11,5
2016,11,5
2016,11,5
2016,11,5
2016,11,5
2016,11,5
2016,11,5
2016,11,5
2016,11,5
2016,11,5
2016,11,5
2016,11,5
2016,11,5
2016,11,5
2016,11,5
2016,11,5
2016,11,5
2016,11,5
2016,11,5
2016,11,5
2016,11,5
2016,11,5
2016,11,5
2016,11,5
2016,11,5
2016,11,5
2016,11,5
2016,11,5
2016,11,5
2016,11,5
2016,11,5
2016,11,5
2016,11,5
2016,11,5
2016,11,5
2016,11,5
2016,11,5
2016,11,5
2016,11,5
2016,11,5
2016,11,5
2016,11,5
2016,11,5
2016,11,5
2016,11,5
2016,11,5
2016,11,5
2016,11,5
2016,11,5
2016,11,5
2016,11,5
2016,11,5
2016,11,5
2016,11,5
2016,11,5
2016,11,5
2016,11,5
2016,11,5
2016,11,5
2016,11,5
2016,11,5
2016,11,5
2016,11,5
2016,11,5
2016,11,5
2016,11,5
2016,11,5
2016,11,5
2016,11,5
2016,11,5
2016,11,5
2016,11,5
2016,11,5
2016,11,5
2016,11,5
2016,11,5
2016,11,5
2016,11,5
2016,11,5
2016,11,5
2016,11,5
2016,11,5
2016,11,5
2016,11,5
2016,11,5
2016,11,5
2016,11,5
2016,11,5
2016,11,5
2016,11,5
2016,11,5
2016,11,5
2016,11,5
2016,11,5
2016,11,5
2016,11,5
2016,11,5
2016,11,5
2016,11,5
2016,11,5
2016,11,5
2016,11,5
2016,11,5
2016,11,5
2016,11,5
2016,11,5
2016,11,5
2016,11,5
2016,11,5
2016,11,5
2016,11,5
2016,11,5
2016,11,5
2016,11,5
2016,11,5
2016,11,5
2016,11,5
2016,11,5
2016,11,5
2016,11,5
2016,11,5
2016,11,5
2016,11,5
2016,11,5
2016,11,5
2016,11,5
2016,11,5
2016,11,5
2016,11,5
2016,11,5
2016,11,5
2016,11,5
2016,11,5
2016,11,5
2016,11,5
2016,11,5
2016,11,5
2016,11,5
2016,11,5
2016,11,5
2016,11,5
2016,11,5
2016,11,5
2016,11,5
2016,11,5
2016,11,5
2016,11,5
2016,11,5
2016,11,5
2016,11,5
2016,11,5
2016,11,5
2016,11,5
2016,11,5
2016,11,5
2016,11,5
2016,11,5
2016,11,5
2016,11,5
2016,11,5
2016,11,5
2016,11,5
2016,11,5
2016,11,5
2016,11,5
2016,11,5
2016,11,5
2016,11,5
2016,11,5
2016,11,5
2016,11,5
2016,11,5
2016,11,5
2016,11,5
2016,11,5
2016,11,5
2016,11,5
2016,11,5
2016,11,5
2016,11,5
2016,11,5
2016,11,5
2016,11,5
2016,11,5
2016,11,5
2016,11,5
2016,11,5
2016,11,5
2016,11,5
2016,11,5
2016,11,5
2016,11,5
2016,11,5
2016,11,5
2016,11,5
2016,11,5
2016,11,5
2016,11,5
2016,11,5
2016,11,5
2016,11,5
2016,11,5
2016,11,5
2016,11,5
2016,11,5
2016,11,5
2016,11,5
2016,11,5
2016,11,5
2016,11,5
2016,11,5
2016,11,5
2016,11,5
2016,11,5
2016,11,5
2016,11,5
2016,11,5
2016,11,5
2016,11,5
2016,11,5
2016,11,5
2016,11,5
2016,11,5
2016,11,5
2016,11,5
2016,11,5
2016,11,5
2016,11,5
2016,11,5
2016,11,5
2016,11,5
2016,11,5
2016,11,5
2016,11,5
2016,11,5
2016,11,5
2016,11,5
2016,11,5
2016,11,5
2016,11,5
2016,11,5
2016,11,5
2016,11,5
2016,11,5
2016,11,5
2016,11,5
2016,11,5
2016,11,5
2016,11,5
2016,11,5
2016,11,5
2016,11,5
2016,11,5
2016,11,5
2016,11,5
2016,11,5
2016,11,5
2016,11,5
2016,11,5
2016,11,5
2016,11,5
2016,11,5
2016,11,5
2016,11,5
2016,11,5
2016,11,5
2016,11,5
2016,11,5
2016,11,5
2016,11,5
2016,11,5
2016,11,5
2016,11,5
2016,11,5
2016,11,5
2016,11,5
2016,11,5
2016,11,5
2016,11,5
2016,11,5
2016,11,5
2016,11,5
2016,11,5
2016,11,5
2016,11,5
2016,11,5
2016,11,5
2016,11,5
2016,11,5
2016,11,5
2016,11,5
2016,11,5
2016,11,5
2016,11,5
2016,11,5
2016,11,5
2016,11,5
2016,11,5
2016,11,5
2016,11,5
2016,11,5
2016,11,5
2016,11,5
2016,11,5
2016,11,5
2016,11,5
2016,11,5
2016,11,5
2016,11,5
2016,11,5
2016,11,5
2016,11,5
2016,11,5
2016,11,5
2016,11,5
2016,11,5
2016,11,5
2016,11,5
2016,11,5
2016,11,5
2016,11,5
2016,11,5
2016,11,5
2016,11,5
2016,11,5
2016,11,5
2016,11,5
2016,11,5
2016,11,5
2016,11,5
2016,11,5
2016,11,5
2016,11,5
2016,11,5
2016,11,5
2016,11,5
2016,11,5
2016,11,5
2016,11,5
2016,11,5
2016,11,5
2016,11,5
2016,11,5
2016,11,5
2016,11,5
2016,11,5
2016,11,5
2016,11,5
2016,11,5
2016,11,5
2016,11,5
2016,11,5
2016,11,5
2016,11,5
2016,11,5
2016,11,5
2016,11,5
2016,11,5
2016,11,5
2016,11,5
2016,11,5
2016,11,5
2016,11,5
2016,11,5
2016,11,5
2016,11,5
2016,11,5
2016,11,5
2016,11,5
2016,11,5
2016,11,5
2016,11,5
2016,11,5
2016,11,5
2016,11,5
2016,11,5
2016,11,5
2016,11,5
2016,11,5
2016,11,5
2016,11,5
2016,11,5
2016,11,5
2016,11,5
2016,11,5
2016,11,5
2016,11,5
2016,11,5
2016,11,5
2016,11,5
2016,11,5
2016,11,5
2016,11,5
2016,11,5
2016,11,5
2016,11,5
2016,11,5
2016,11,5
2016,11,5
2016,11,5
2016,11,5
2016,11,5
2016,11,5
2016,11,5
2016,11,5
2016,11,5
2016,11,5
2016,11,5
2016,11,5
2016,11,5
2016,11,5
2016,11,5
2016,11,5
2016,11,5
2016,11,5
2016,11,5
2016,11,5
2016,11,5
2016,11,5
2016,11,5
2016,11,5
2016,11,5
2016,11,5
2016,11,5
2016,11,5
2016,11,5
2016,11,5
2016,11,5
2016,11,5
2016,11,5
2016,11,5
2016,11,5
2016,11,5
2016,11,5
2016,11,5
2016,11,5
2016,11,5
2016,11,5
2016,11,5
2016,11,5
2016,11,5
2016,11,5
2016,11,5
2016,11,5
2016,11,5
2016,11,5
2016,11,5
2016,11,5
2016,11,5
2016,11,5
2016,11,5
2016,11,5
2016,11,5
2016,11,5
2016,11,5
2016,11,5
2016,11,5
2016,11,5
2016,11,5
2016,11,5
2016,11,5
2016,11,5
2016,11,5
2016,11,5
2016,11,5
2016,11,5
2016,11,5
2016,11,5
2016,11,5
2016,11,5
2016,11,5
2016,11,5
2016,11,5
2016,11,5
2016,11,5
2016,11,5
2016,11,5
2016,11,5
2016,11,5
2016,11,5
2016,11,5
2016,11,5
2016,11,5
2016,11,5
2016,11,5
2016,11,5
2016,11,5
2016,11,5
2016,11,5
2016,11,5
2016,11,5
2016,11,5
2016,11,5
2016,11,5
2016,11,5
2016,11,5
2016,11,5
2016,11,5
2016,11,5
2016,11,5
2016,11,5
2016,11,5
2016,11,5
2016,11,5
2016,11,5
2016,11,5
2016,11,5
2016,11,5
2016,11,5
2016,11,5
2016,11,5
2016,11,5
2016,11,5
2016,11,5
2016,11,5
2016,11,5
2016,11,5
2016,11,5
2016,11,5
2016,11,5
2016,11,5
2016,11,5
2016,11,5
2016,11,5
2016,11,5
2016,11,5
2016,11,5
2016,11,5
2016,11,5
2016,11,5
2016,11,5
2016,11,5
2016,11,5
2016,11,5
2016,11,5
2016,11,5
2016,11,5
2016,11,5
2016,11,5
2016,11,5
2016,11,5
2016,11,5
2016,11,5
2016,11,5
2016,11,5
2016,11,5
2016,11,5
2016,11,5
2016,11,5
2016,11,5
2016,11,5
2016,11,5
2016,11,5
2016,11,5
2016,11,5
2016,11,5
2016,11,5
2016,11,5
2016,11,5
2016,11,5
2016,11,5
2016,11,5
2016,11,5
2016,11,5
2016,11,5
2016,11,5
2016,11,5
2016,11,5
2016,11,5
2016,11,5
2016,11,5
2016,11,5
2016,11,5
2016,11,5
2016,11,5
2016,11,5
2016,11,5
2016,11,5
2016,11,5
2016,11,5
2016,11,5
2016,11,5
2016,11,5
2016,11,5
2016,11,5
2016,11,5
2016,11,5
2016,11,5
2016,11,5
2016,11,5
2016,11,5
2016,11,5
2016,11,5
2016,11,5
2016,11,5
2016,11,5
2016,11,5
2016,11,5
2016,11,5
2016,11,5
2016,11,5
2016,11,5
2016,11,5
2016,11,5
2016,11,5
2016,11,5
2016,11,5
2016,11,5
2016,11,5
2016,11,5
2016,11,5
2016,11,5
2016,11,5
2016,11,5
2016,11,5
2016,11,5
2016,11,5
2016,11,5
2016,11,5
2016,11,5
2016,11,5
2016,11,5
2016,11,5
2016,11,5
2016,11,5
2016,11,5
2016,11,5
2016,11,5
2016,11,5
2016,11,5
2016,11,5
2016,11,5
2016,11,5
2016,11,5
2016,11,5
2016,11,5
2016,11,5
2016,11,5
2016,11,5
2016,11,5
2016,11,5
2016,11,5
2016,11,5
2016,11,5
2016,11,5
2016,11,5
2016,11,5
2016,11,5
2016,11,5
2016,11,5
2016,11,5
2016,11,5
2016,11,5
2016,11,5
2016,11,5
2016,11,5
2016,11,5
2016,11,5
2016,11,5
2016,11,5
2016,11,5
2016,11,5
2016,11,5
2016,11,5
2016,11,5
2016,11,5
2016,11,5
2016,11,5
2016,11,5
2016,11,5
2016,11,5
2016,11,5
2016,11,5
2016,11,5
2016,11,5
2016,11,5
2016,11,5
2016,11,5
2016,11,5
2016,11,5
2016,11,5
2016,11,5
2016,11,5
2016,11,5
2016,11,5
2016,11,5
2016,11,5
2016,11,5
2016,11,5
2016,11,5
2016,11,5
2016,11,5
2016,11,5
2016,11,5
2016,11,5
2016,11,5
2016,11,5
2016,11,5
2016,11,5
2016,11,5
2016,11,5
2016,11,5
2016,11,5
2016,11,5
2016,11,5
2016,11,5
2016,11,5
2016,11,5
2016,11,5
2016,11,5
2016,11,5
2016,11,5
2016,11,5
2016,11,5
2016,11,5
2016,11,5
2016,11,5
2016,11,5
2016,11,5
2016,11,5
2016,11,5
2016,11,5
2016,11,5
2016,11,5
2016,11,5
2016,11,5
2016,11,5
2016,11,5
2016,11,5
2016,11,5
2016,11,5
2016,11,5
2016,11,5
2016,11,5
2016,11,5
2016,11,5
2016,11,5
2016,11,5
2016,11,5
2016,11,5
2016,11,5
2016,11,5
2016,11,5
2016,11,5
2016,11,5
2016,11,5
2016,11,5
2016,11,5
2016,11,5
2016,11,5
2016,11,5
2016,11,5
2016,11,5
2016,11,5
2016,11,5
2016,11,5
2016,11,5
2016,11,5
2016,11,5
2016,11,5
2016,11,5
2016,11,5
2016,11,5
2016,11,5
2016,11,5
2016,11,5
2016,11,5
2016,11,5
2016,11,5
2016,11,5
2016,11,5
2016,11,5
2016,11,5
2016,11,5
2016,11,5
2016,11,5
2016,11,5
2016,11,5
2016,11,5
2016,11,5
2016,11,5
2016,11,5
2016,11,5
2016,11,5
2016,11,5
2016,11,5
2016,11,5
2016,11,5
2016,11,5
2016,11,5
2016,11,5
2016,11,5
2016,11,5
2016,11,5
2016,11,5
2016,11,5
2016,11,5
2016,11,5
2016,11,5
2016,11,5
2016,11,5
2016,11,5
2016,11,5
2016,11,5
2016,11,5
2016,11,5
2016,11,5
2016,11,5
2016,11,5
2016,11,5
2016,11,5
2016,11,5
2016,11,5
2016,11,5
2016,11,5
2016,11,5
2016,11,5
2016,11,5
2016,11,5
2016,11,5
2016,11,5
2016,11,5
2016,11,5
2016,11,5
2016,11,5
2016,11,5
2016,11,5
2016,11,5
2016,11,5
2016,11,5
2016,11,5
2016,11,5
2016,11,5
2016,11,5
2016,11,5
2016,11,5
2016,11,5
2016,11,5
2016,11,5
2016,11,5
2016,11,5
2016,11,5
2016,11,5
2016,11,5
2016,11,5
2016,11,5
2016,11,5
2016,11,5
2016,11,5
2016,11,5
2016,11,5
2016,11,5
2016,11,5
2016,11,5
2016,11,5
2016,11,5
2016,11,5
2016,11,5
2016,11,5
2016,11,5
2016,11,5
2016,11,5
2016,11,5
2016,11,5
2016,11,5
2016,11,5
2016,11,5
2016,11,5
2016,11,5
2016,11,5
2016,11,5
2016,11,5
2016,11,5
2016,11,5
2016,11,5
2016,11,5
2016,11,5
2016,11,5
2016,11,5
2016,11,5
2016,11,5
2016,11,5
2016,11,5
2016,11,5
2016,11,5
2016,11,5
2016,11,5
2016,11,5
2016,11,5
2016,11,5
2016,11,5
2016,11,5
2016,11,5
2016,11,5
2016,11,5
2016,11,5
2016,11,5
2016,11,5
2016,11,5
2016,11,5
2016,11,5
2016,11,5
2016,11,5
2016,11,5
2016,11,5
2016,11,5
2016,11,5
2016,11,5
2016,11,5
2016,11,5
2016,11,5
2016,11,5
2016,11,5
2016,11,5
2016,11,5
2016,11,5
2016,11,5
2016,11,5
2016,11,5
2016,11,5
2016,11,5
2016,11,5
2016,11,5
2016,11,5
2016,11,5
2016,11,5
2016,11,5
2016,11,5
2016,11,5
2016,11,5
2016,11,5
2016,11,5
2016,11,5
2016,11,5
2016,11,5
2016,11,5
2016,11,5
2016,11,5
2016,11,5
2016,11,5
2016,11,5
2016,11,5
2016,11,5
2016,11,5
2016,11,5
2016,11,5
2016,11,5
2016,11,5
2016,11,5
2016,11,5
2016,11,5
2016,11,5
2016,11,5
2016,11,5
2016,11,5
2016,11,5
2016,11,5
2016,11,5
2016,11,5
2016,11,5
2016,11,5
2016,11,5
2016,11,5
2016,11,5
2016,11,5
2016,11,5
2016,11,5
2016,11,5
2016,11,5
2016,11,5
2016,11,5
2016,11,5
2016,11,5
2016,11,5
2016,11,5
2016,11,5
2016,11,5
2016,11,5
2016,11,5
2016,11,5
2016,11,5
2016,11,5
2016,11,5
2016,11,5
2016,11,5
2016,11,5
2016,11,5
2016,11,5
2016,11,5
2016,11,5
2016,11,5
2016,11,5
2016,11,5
2016,11,5
2016,11,5
2016,11,5
2016,11,5
2016,11,5
2016,11,5
2016,11,5
2016,11,5
2016,11,5
2016,11,5
2016,11,5
2016,11,5
2016,11,5
2016,11,5
2016,11,5
2016,11,5
2016,11,5
2016,11,5
2016,11,5
2016,11,5
2016,11,5
2016,11,5
2016,11,5
2016,11,5
2016,11,5
2016,11,5
2016,11,5
2016,11,5
2016,11,5
2016,11,5
2016,11,5
2016,11,5
2016,11,5
2016,11,5
2016,11,5
2016,11,5
2016,11,5
2016,11,5
2016,11,5
2016,11,5
2016,11,5
2016,11,5
2016,11,5
2016,11,5
2016,11,5
2016,11,5
2016,11,5
2016,11,5
2016,11,5
2016,11,5
2016,11,5
2016,11,5
2016,11,5
2016,11,5
2016,11,5
2016,11,5
2016,11,5
2016,11,5
2016,11,5
2016,11,5
2016,11,5
2016,11,5
2016,11,5
2016,11,5
2016,11,5
2016,11,5
2016,11,5
2016,11,5
2016,11,5
2016,11,5
2016,11,5
2016,11,5
2016,11,5
2016,11,5
2016,11,5
2016,11,5
2016,11,5
2016,11,5
2016,11,5
2016,11,5
2016,11,5
2016,11,5
2016,11,5
2016,11,5
2016,11,5
2016,11,5
2016,11,5
2016,11,5
2016,11,5
2016,11,5
2016,11,5
2016,11,5
2016,11,5
2016,11,5
2016,11,5
2016,11,5
2016,11,5
2016,11,5
2016,11,5
2016,11,5
2016,11,5
2016,11,5
2016,11,5
2016,11,5
2016,11,5
2016,11,5
2016,11,5
2016,11,5
2016,11,5
2016,11,5
2016,11,5
2016,11,5
2016,11,5
2016,11,5
2016,11,5
2016,11,5
2016,11,5
2016,11,5
2016,11,5
2016,11,5
2016,11,5
2016,11,5
2016,11,5
2016,11,5
2016,11,5
2016,11,5
2016,11,5
2016,11,5
2016,11,5
2016,11,5
2016,11,5
2016,11,5
2016,11,5
2016,11,5
2016,11,5
2016,11,5
2016,11,5
2016,11,5
2016,11,5
2016,11,5
2016,11,5
2016,11,5
2016,11,5
2016,11,5
2016,11,5
2016,11,5
2016,11,5
2016,11,5
2016,11,5
2016,11,5
2016,11,5
2016,11,5
2016,11,5
2016,11,5
2016,11,5
2016,11,5
2016,11,5
2016,11,5
2016,11,5
2016,11,5
2016,11,5
2016,11,5
2016,11,5
2016,11,5
2016,11,5
2016,11,5
2016,11,5
2016,11,5
2016,11,5
2016,11,5
2016,11,5
2016,11,5
2016,11,5
2016,11,5
2016,11,5
2016,11,5
2016,11,5
2016,11,5
2016,11,5
2016,11,5
2016,11,5
2016,11,5
2016,11,5
2016,11,5
2016,11,5
2016,11,5
2016,11,5
2016,11,5
2016,11,5
2016,11,5
2016,11,5
2016,11,5
2016,11,5
2016,11,5
2016,11,5
2016,11,5
2016,11,5
2016,11,5
2016,11,5
2016,11,5
2016,11,5
2016,11,5
2016,11,5
2016,11,5
2016,11,5
2016,11,5
2016,11,5
2016,11,5
2016,11,5
2016,11,5
2016,11,5
2016,11,5
2016,11,5
2016,11,5
2016,11,5
2016,11,5
2016,11,5
2016,11,5
2016,11,5
2016,11,5
2016,11,5
2016,11,5
2016,11,5
2016,11,5
2016,11,5
2016,11,5
2016,11,5
2016,11,5
2016,11,5
2016,11,5
2016,11,5
2016,11,5
2016,11,5
2016,11,5
2016,11,5
2016,11,5
2016,11,5
2016,11,5
2016,11,5
2016,11,5
2016,11,5
2016,11,5
2016,11,5
2016,11,5
2016,11,5
2016,11,5
2016,11,5
2016,11,5
2016,11,5
2016,11,5
2016,11,5
2016,11,5
2016,11,5
2016,11,5
2016,11,5
2016,11,5
2016,11,5
2016,11,5
2016,11,5
2016,11,5
2016,11,5
2016,11,5
2016,11,5
2016,11,5
2016,11,5
2016,11,5
2016,11,5
2016,11,5
2016,11,5
2016,11,5
2016,11,5
2016,11,5
2016,11,5
2016,11,5
2016,11,5
2016,11,5
2016,11,5
2016,11,5
2016,11,5
2016,11,5
2016,11,5
2016,11,5
2016,11,5
2016,11,5
2016,11,5
2016,11,5
2016,11,5
2016,11,5
2016,11,5
2016,11,5
2016,11,5
2016,11,5
2016,11,5
2016,11,5
2016,11,5
2016,11,5
2016,11,5
2016,11,5
2016,11,5
2016,11,5
2016,11,5
2016,11,5
2016,11,5
2016,11,5
2016,11,5
2016,11,5
2016,11,5
2016,11,5
2016,11,5
2016,11,5
2016,11,5
2016,11,5
2016,11,5
2016,11,5
2016,11,5
2016,11,5
2016,11,5
2016,11,5
2016,11,5
2016,11,5
2016,11,5
2016,11,5
2016,11,5
2016,11,5
2016,11,5
2016,11,5
2016,11,5
2016,11,5
2016,11,5
2016,11,5
2016,11,5
2016,11,5
2016,11,5
2016,11,5
2016,11,5
2016,11,5
2016,11,5
2016,11,5
2016,11,5
2016,11,5
2016,11,5
2016,11,5
2016,11,5
2016,11,5
2016,11,5
2016,11,5
2016,11,5
2016,11,5
2016,11,5
2016,11,5
2016,11,5
2016,11,5
2016,11,5
2016,11,5
2016,11,5
2016,11,5
2016,11,5
2016,11,5
2016,11,5
2016,11,5
2016,11,5
2016,11,5
2016,11,5
2016,11,5
2016,11,5
2016,11,5
2016,11,5
2016,11,5
2016,11,5
2016,11,5
2016,11,5
2016,11,5
2016,11,5
2016,11,5
2016,11,5
2016,11,5
2016,11,5
2016,11,5
2016,11,5
2016,11,5
2016,11,5
2016,11,5
2016,11,5
2016,11,5
2016,11,5
2016,11,5
2016,11,5
2016,11,5
2016,11,5
2016,11,5
2016,11,5
2016,11,5
2016,11,5
2016,11,5
2016,11,5
2016,11,5
2016,11,5
2016,11,5
2016,11,5
2016,11,5
2016,11,5
2016,11,5
2016,11,5
2016,11,5
2016,11,5
2016,11,5
2016,11,5
2016,11,5
2016,11,5
2016,11,5
2016,11,5
2016,11,5
2016,11,5
2016,11,5
2016,11,5
2016,11,5
2016,11,5
2016,11,5
2016,11,5
2016,11,5
2016,11,5
2016,11,5
2016,11,5
2016,11,5
2016,11,5
2016,11,5
2016,11,5
2016,11,5
2016,11,5
2016,11,5
2016,11,5
2016,11,5
2016,11,5
2016,11,5
2016,11,5
2016,11,5
2016,11,5
2016,11,5
2016,11,5
2016,11,5
2016,11,5
2016,11,5
2016,11,5
2016,11,5
2016,11,5
2016,11,5
2016,11,5
2016,11,5
2016,11,5
2016,11,5
2016,11,5
2016,11,5
2016,11,5
2016,11,5
2016,11,5
2016,11,5
2016,11,5
2016,11,5
2016,11,5
2016,11,5
2016,11,5
2016,11,5
2016,11,5
2016,11,5
2016,11,5
2016,11,5
2016,11,5
2016,11,5
2016,11,5
2016,11,5
2016,11,5
2016,11,5
2016,11,5
2016,11,5
2016,11,5
2016,11,5
2016,11,5
2016,11,5
2016,11,5
2016,11,5
2016,11,5
2016,11,5
2016,11,5
2016,11,5
2016,11,5
2016,11,5
2016,11,5
2016,11,5
2016,11,5
2016,11,5
2016,11,5
2016,11,5
2016,11,5
2016,11,5
2016,11,5
2016,11,5
2016,11,5
2016,11,5
2016,11,5
2016,11,5
2016,11,5
2016,11,5
2016,11,5
2016,11,5
2016,11,5
2016,11,5
2016,11,5
2016,11,5
2016,11,5
2016,11,5
2016,11,5
2016,11,5
2016,11,5
2016,11,5
2016,11,5
2016,11,5
2016,11,5
2016,11,5
2016,11,5
2016,11,5
2016,11,5
2016,11,5
2016,11,5
2016,11,5
2016,11,5
2016,11,5
2016,11,5
2016,11,5
2016,11,5
2016,11,5
2016,11,5
2016,11,5
2016,11,5
2016,11,5
2016,11,5
2016,11,5
2016,11,5
2016,11,5
2016,11,5
2016,11,5
2016,11,5
2016,11,5
2016,11,5
2016,11,5
2016,11,5
2016,11,5
2016,11,5
2016,11,5
2016,11,5
2016,11,5
2016,11,5
2016,11,5
2016,11,5
2016,11,5
2016,11,5
2016,11,5
2016,11,5
2016,11,5
2016,11,5
2016,11,5
2016,11,5
2016,11,5
2016,11,5
2016,11,5
2016,11,5
2016,11,5
2016,11,5
2016,11,5
2016,11,5
2016,11,5
2016,11,5
2016,11,5
2016,11,5
2016,11,5
2016,11,5
2016,11,5
2016,11,5
2016,11,5
2016,11,5
2016,11,5
2016,11,5
2016,11,5
2016,11,5
2016,11,5
2016,11,5
2016,11,5
2016,11,5
2016,11,5
2016,11,5
2016,11,5
2016,11,5
2016,11,5
2016,11,5
2016,11,5
2016,11,5
2016,11,5
2016,11,5
2016,11,5
2016,11,5
2016,11,5
2016,11,5
2016,11,5
2016,11,5
2016,11,5
2016,11,5
2016,11,5
2016,11,5
2016,11,5
2016,11,5
2016,11,5
2016,11,5
2016,11,5
2016,11,5
2016,11,5
2016,11,5
2016,11,5
2016,11,5
2016,11,5
2016,11,5
2016,11,5
2016,11,5
2016,11,5
2016,11,5
2016,11,5
2016,11,5
2016,11,5
2016,11,5
2016,11,5
2016,11,5
2016,11,5
2016,11,5
2016,11,5
2016,11,5
2016,11,5
2016,11,5
2016,11,5
2016,11,5
2016,11,5
2016,11,5
2016,11,5
2016,11,5
2016,11,5
2016,11,5
2016,11,5
2016,11,5
2016,11,5
2016,11,5
2016,11,5
2016,11,5
2016,11,5
2016,11,5
2016,11,5
2016,11,5
2016,11,5
2016,11,5
2016,11,5
2016,11,5
2016,11,5
2016,11,5
2016,11,5
2016,11,5
2016,11,5
2016,11,5
2016,11,5
2016,11,5
2016,11,5
2016,11,5
2016,11,5
2016,11,5
2016,11,5
2016,11,5
2016,11,5
2016,11,5
2016,11,5
2016,11,5
2016,11,5
2016,11,5
2016,11,5
2016,11,5
2016,11,5
2016,11,5
2016,11,5
2016,11,5
2016,11,5
2016,11,5
2016,11,5
2016,11,5
2016,11,5
2016,11,5
2016,11,5
2016,11,5
2016,11,5
2016,11,5
2016,11,5
2016,11,5
2016,11,5
2016,11,5
2016,11,5
2016,11,5
2016,11,5
2016,11,5
2016,11,5
2016,11,5
2016,11,5
2016,11,5
2016,11,5
2016,11,5
2016,11,5
2016,11,5
2016,11,5
2016,11,5
2016,11,5
2016,11,5
2016,11,5
2016,11,5
2016,11,5
2016,11,5
2016,11,5
2016,11,5
2016,11,5
2016,11,5
2016,11,5
2016,11,5
2016,11,5
2016,11,5
2016,11,5
2016,11,5
2016,11,5
2016,11,5
2016,11,5
2016,11,5
2016,11,5
2016,11,5
2016,11,5
2016,11,5
2016,11,5
2016,11,5
2016,11,5
2016,11,5
2016,11,5
2016,11,5
2016,11,5
2016,11,5
2016,11,5
2016,11,5
2016,11,5
2016,11,5
2016,11,5
2016,11,5
2016,11,5
2016,11,5
2016,11,5
2016,11,5
2016,11,5
2016,11,5
2016,11,5
2016,11,5
2016,11,5
2016,11,5
2016,11,5
2016,11,5
2016,11,5
2016,11,5
2016,11,5
2016,11,5
2016,11,5
2016,11,5
2016,11,5
2016,11,5
2016,11,5
2016,11,5
2016,11,5
2016,11,5
2016,11,5
2016,11,5
2016,11,5
2016,11,5
2016,11,5
2016,11,5
2016,11,5
2016,11,5
2016,11,5
2016,11,5
2016,11,5
2016,11,5
2016,11,5
2016,11,5
2016,11,5
2016,11,5
2016,11,5
2016,11,5
2016,11,5
2016,11,5
2016,11,5
2016,11,5
2016,11,5
2016,11,5
2016,11,5
2016,11,5
2016,11,5
2016,11,5
2016,11,5
2016,11,5
2016,11,5
2016,11,5
2016,11,5
2016,11,5
2016,11,5
2016,11,5
2016,11,5
2016,11,5
2016,11,5
2016,11,5
2016,11,5
2016,11,5
2016,11,5
2016,11,5
2016,11,5
2016,11,5
2016,11,5
2016,11,5
2016,11,5
2016,11,5
2016,11,5
2016,11,5
2016,11,5
2016,11,5
2016,11,5
2016,11,5
2016,11,5
2016,11,5
2016,11,5
2016,11,5
2016,11,5
2016,11,5
2016,11,5
2016,11,5
2016,11,5
2016,11,5
2016,11,5
2016,11,5
2016,11,5
2016,11,5
2016,11,5
2016,11,5
2016,11,5
2016,11,5
2016,11,5
2016,11,5
2016,11,5
2016,11,5
2016,11,5
2016,11,5
2016,11,5
2016,11,5
2016,11,5
2016,11,5
2016,11,5
2016,11,5
2016,11,5
2016,11,5
2016,11,5
2016,11,5
2016,11,5
2016,11,5
2016,11,5
2016,11,5
2016,11,5
2016,11,5
2016,11,5
2016,11,5
2016,11,5
2016,11,5
2016,11,5
2016,11,5
2016,11,5
2016,11,5
2016,11,5
2016,11,5
2016,11,5
2016,11,5
2016,11,5
2016,11,5
2016,11,5
2016,11,5
2016,11,5
2016,11,5
2016,11,5
2016,11,5
2016,11,5
2016,11,5
2016,11,5
2016,11,5
2016,11,5
2016,11,5
2016,11,5
2016,11,5
2016,11,5
2016,11,5
2016,11,5
2016,11,5
2016,11,5
2016,11,5
2016,11,5
2016,11,5
2016,11,5
2016,11,5
2016,11,5
2016,11,5
2016,11,5
2016,11,5
2016,11,5
2016,11,5
2016,11,5
2016,11,5
2016,11,5
2016,11,5
2016,11,5
2016,11,5
2016,11,5
2016,11,5
2016,11,5
2016,11,5
2016,11,5
2016,11,5
2016,11,5
2016,11,5
2016,11,5
2016,11,5
2016,11,5
2016,11,5
2016,11,5
2016,11,5
2016,11,5
2016,11,5
2016,11,5
2016,11,5
2016,11,5
2016,11,5
2016,11,5
2016,11,5
2016,11,5
2016,11,5
2016,11,5
2016,11,5
2016,11,5
2016,11,5
2016,11,5
2016,11,5
2016,11,5
2016,11,5
2016,11,5
2016,11,5
2016,11,5
2016,11,5
2016,11,5
2016,11,5
2016,11,5
2016,11,5
2016,11,5
2016,11,5
2016,11,5
2016,11,5
2016,11,5
2016,11,5
2016,11,5
2016,11,5
2016,11,5
2016,11,5
2016,11,5
2016,11,5
2016,11,5
2016,11,5
2016,11,5
2016,11,5
2016,11,5
2016,11,5
2016,11,5
2016,11,5
2016,11,5
2016,11,5
2016,11,5
2016,11,5
2016,11,5
2016,11,5
2016,11,5
2016,11,5
2016,11,5
2016,11,5
2016,11,5
2016,11,5
2016,11,5
2016,11,5
2016,11,5
2016,11,5
2016,11,5
2016,11,5
2016,11,5
2016,11,5
2016,11,5
2016,11,5
2016,11,5
2016,11,5
2016,11,5
2016,11,5
2016,11,5
2016,11,5
2016,11,5
2016,11,5
2016,11,5
2016,11,5
2016,11,5
2016,11,5
2016,11,5
2016,11,5
2016,11,5
2016,11,5
2016,11,5
2016,11,5
2016,11,5
2016,11,5
2016,11,5
2016,11,5
2016,11,5
2016,11,5
2016,11,5
2016,11,5
2016,11,5
2016,11,5
2016,11,5
2016,11,5
2016,11,5
2016,11,5
2016,11,5
2016,11,5
2016,11,5
2016,11,5
2016,11,5
2016,11,5
2016,11,5
2016,11,5
2016,11,5
2016,11,5
2016,11,5
2016,11,5
2016,11,5
2016,11,5
2016,11,5
2016,11,5
2016,11,5
2016,11,5
2016,11,5
2016,11,5
2016,11,5
2016,11,5
2016,11,5
2016,11,5
2016,11,5
2016,11,5
2016,11,5
2016,11,5
2016,11,5
2016,11,5
2016,11,5
2016,11,5
2016,11,5
2016,11,5
2016,11,5
2016,11,5
2016,11,5
2016,11,5
2016,11,5
2016,11,5
2016,11,5
2016,11,5
2016,11,5
2016,11,5
2016,11,5
2016,11,5
2016,11,5
2016,11,5
2016,11,5
2016,11,5
2016,11,5
2016,11,5
2016,11,5
2016,11,5
2016,11,5
2016,11,5
2016,11,5
2016,11,5
2016,11,5
2016,11,5
2016,11,5
2016,11,5
2016,11,5
2016,11,5
2016,11,5
2016,11,5
2016,11,5
2016,11,5
2016,11,5
2016,11,5
2016,11,5
2016,11,5
2016,11,5
2016,11,5
2016,11,5
2016,11,5
2016,11,5
2016,11,5
2016,11,5
2016,11,5
2016,11,5
2016,11,5
2016,11,5
2016,11,5
2016,11,5
2016,11,5
2016,11,5
2016,11,5
2016,11,5
2016,11,5
2016,11,5
2016,11,5
2016,11,5
2016,11,5
2016,11,5
2016,11,5
2016,11,5
2016,11,5
2016,11,5
2016,11,5
2016,11,5
2016,11,5
2016,11,5
2016,11,5
2016,11,5
2016,11,5
2016,11,5
2016,11,5
2016,11,5
2016,11,5
2016,11,5
2016,11,5
2016,11,5
2016,11,5
2016,11,5
2016,11,5
2016,11,5
2016,11,5
2016,11,5
2016,11,5
2016,11,5
2016,11,5
2016,11,5
2016,11,5
2016,11,5
2016,11,5
2016,11,5
2016,11,5
2016,11,5
2016,11,5
2016,11,5
2016,11,5
2016,11,5
2016,11,5
2016,11,5
2016,11,5
2016,11,5
2016,11,5
2016,11,5
2016,11,5
2016,11,5
2016,11,5
2016,11,5
2016,11,5
2016,11,5
2016,11,5
2016,11,5
2016,11,5
2016,11,5
2016,11,5
2016,11,5
2016,11,5
2016,11,5
2016,11,5
2016,11,5
2016,11,5
2016,11,5
2016,11,5
2016,11,5
2016,11,5
2016,11,5
2016,11,5
2016,11,5
2016,11,5
2016,11,5
2016,11,5
2016,11,5
2016,11,5
2016,11,5
2016,11,5
2016,11,5
2016,11,5
2016,11,5
2016,11,5
2016,11,5
2016,11,5
2016,11,5
2016,11,5
2016,11,5
2016,11,5
2016,11,5
2016,11,5
2016,11,5
2016,11,5
2016,11,5
2016,11,5
2016,11,5
2016,11,5
2016,11,5
2016,11,5
2016,11,5
2016,11,5
2016,11,5
2016,11,5
2016,11,5
2016,11,5
2016,11,5
2016,11,5
2016,11,5
2016,11,5
2016,11,5
2016,11,5
2016,11,5
2016,11,5
2016,11,5
2016,11,5
2016,11,5
2016,11,5
2016,11,5
2016,11,5
2016,11,5
2016,11,5
2016,11,5
2016,11,5
2016,11,5
2016,11,5
2016,11,5
2016,11,5
2016,11,5
2016,11,5
2016,11,5
2016,11,5
2016,11,5
2016,11,5
2016,11,5
2016,11,5
2016,11,5
2016,11,5
2016,11,5
2016,11,5
2016,11,5
2016,11,5
2016,11,5
2016,11,5
2016,11,5
2016,11,5
2016,11,5
2016,11,5
2016,11,5
2016,11,5
2016,11,5
2016,11,5
2016,11,5
2016,11,5
2016,11,5
2016,11,5
2016,11,5
2016,11,5
2016,11,5
2016,11,5
2016,11,5
2016,11,5
2016,11,5
2016,11,5
2016,11,5
2016,11,5
2016,11,5
2016,11,5
2016,11,5
2016,11,5
2016,11,5
2016,11,5
2016,11,5
2016,11,5
2016,11,5
2016,11,5
2016,11,5
2016,11,5
2016,11,5
2016,11,5
2016,11,5
2016,11,5
2016,11,5
2016,11,5
2016,11,5
2016,11,5
2016,11,5
2016,11,5
2016,11,5
2016,11,5
2016,11,5
2016,11,5
2016,11,5
2016,11,5
2016,11,5
2016,11,5
2016,11,5
2016,11,5
2016,11,5
2016,11,5
2016,11,5
2016,11,5
2016,11,5
2016,11,5
2016,11,5
2016,11,5
2016,11,5
2016,11,5
2016,11,5
2016,11,5
2016,11,5
2016,11,5
2016,11,5
2016,11,5
2016,11,5
2016,11,5
2016,11,5
2016,11,5
2016,11,5
2016,11,5
2016,11,5
2016,11,5
2016,11,5
2016,11,5
2016,11,5
2016,11,5
2016,11,5
2016,11,5
2016,11,5
2016,11,5
2016,11,5
2016,11,5
2016,11,5
2016,11,5
2016,11,5
2016,11,5
2016,11,5
2016,11,5
2016,11,5
2016,11,5
2016,11,5
2016,11,5
2016,11,5
2016,11,5
2016,11,5
2016,11,5
2016,11,5
2016,11,5
2016,11,5
2016,11,5
2016,11,5
2016,11,5
2016,11,5
2016,11,5
2016,11,5
2016,11,5
2016,11,5
2016,11,5
2016,11,5
2016,11,5
2016,11,5
2016,11,5
2016,11,5
2016,11,5
2016,11,5
2016,11,5
2016,11,5
2016,11,5
2016,11,5
2016,11,5
2016,11,5
2016,11,5
2016,11,5
2016,11,5
2016,11,5
2016,11,5
2016,11,5
2016,11,5
2016,11,5
2016,11,5
2016,11,5
2016,11,5
2016,11,5
2016,11,5
2016,11,5
2016,11,5
2016,11,5
2016,11,5
2016,11,5
2016,11,5
2016,11,5
2016,11,5
2016,11,5
2016,11,5
2016,11,5
2016,11,5
2016,11,5
2016,11,5
2016,11,5
2016,11,5
2016,11,5
2016,11,5
2016,11,5
2016,11,5
2016,11,5
2016,11,5
2016,11,5
2016,11,5
2016,11,5
2016,11,5
2016,11,5
2016,11,5
2016,11,5
2016,11,5
2016,11,5
2016,11,5
2016,11,5
2016,11,5
2016,11,5
2016,11,5
2016,11,5
2016,11,5
2016,11,5
2016,11,5
2016,11,5
2016,11,5
2016,11,5
2016,11,5
2016,11,5
2016,11,5
2016,11,5
2016,11,5
2016,11,5
2016,11,5
2016,11,5
2016,11,5
2016,11,5
2016,11,5
2016,11,5
2016,11,5
2016,11,5
2016,11,5
2016,11,5
2016,11,5
2016,11,5
2016,11,5
2016,11,5
2016,11,5
2016,11,5
2016,11,5
2016,11,5
2016,11,5
2016,11,5
2016,11,5
2016,11,5
2016,11,5
2016,11,5
2016,11,5
2016,11,5
2016,11,5
2016,11,5
2016,11,5
2016,11,5
2016,11,5
2016,11,5
2016,11,5
2016,11,5
2016,11,5
2016,11,5
2016,11,5
2016,11,5
2016,11,5
2016,11,5
2016,11,5
2016,11,5
2016,11,5
2016,11,5
2016,11,5
2016,11,5
2016,11,5
2016,11,5
2016,11,5
2016,11,5
2016,11,5
2016,11,5
2016,11,5
2016,11,5
2016,11,5
2016,11,5
2016,11,5
2016,11,5
2016,11,5
2016,11,5
2016,11,5
2016,11,5
2016,11,5
2016,11,5
2016,11,5
2016,11,5
2016,11,5
2016,11,5
2016,11,5
2016,11,5
2016,11,5
2016,11,5
2016,11,5
2016,11,5
2016,11,5
2016,11,5
2016,11,5
2016,11,5
2016,11,5
2016,11,5
2016,11,5
2016,11,5
2016,11,5
2016,11,5
2016,11,5
2016,11,5
2016,11,5
2016,11,5
2016,11,5
2016,11,5
2016,11,5
2016,11,5
2016,11,5
2016,11,5
2016,11,5
2016,11,5
2016,11,5
2016,11,5
2016,11,5
2016,11,5
2016,11,5
2016,11,5
2016,11,5
2016,11,5
2016,11,5
2016,11,5
2016,11,5
2016,11,5
2016,11,5
2016,11,5
2016,11,5
2016,11,5
2016,11,5
2016,11,5
2016,11,5
2016,11,5
2016,11,5
2016,11,5
2016,11,5
2016,11,5
2016,11,5
2016,11,5
2016,11,5
2016,11,5
2016,11,5
2016,11,5
2016,11,5
2016,11,5
2016,11,5
2016,11,5
2016,11,5
2016,11,5
2016,11,5
2016,11,5
2016,11,5
2016,11,5
2016,11,5
2016,11,5
2016,11,5
2016,11,5
2016,11,5
2016,11,5
2016,11,5
2016,11,5
2016,11,5
2016,11,5
2016,11,5
2016,11,5
2016,11,5
2016,11,5
2016,11,5
2016,11,5
2016,11,5
2016,11,5
2016,11,5
2016,11,5
2016,11,5
2016,11,5
2016,11,5
2016,11,5
2016,11,5
2016,11,5
2016,11,5
2016,11,5
2016,11,5
2016,11,5
2016,11,5
2016,11,5
2016,11,5
2016,11,5
2016,11,5
2016,11,5
2016,11,5
2016,11,5
2016,11,5
2016,11,5
2016,11,5
2016,11,5
2016,11,5
2016,11,5
2016,11,5
2016,11,5
2016,11,5
2016,11,5
2016,11,5
2016,11,5
2016,11,5
2016,11,5
2016,11,5
2016,11,5
2016,11,5
2016,11,5
2016,11,5
2016,11,5
2016,11,5
2016,11,5
2016,11,5
2016,11,5
2016,11,5
2016,11,5
2016,11,5
2016,11,5
2016,11,5
2016,11,5
2016,11,5
2016,11,5
2016,11,5
2016,11,5
2016,11,5
2016,11,5
2016,11,5
2016,11,5
2016,11,5
2016,11,5
2016,11,5
2016,11,5
2016,11,5
2016,11,5
2016,11,5
2016,11,5
2016,11,5
2016,11,5
2016,11,5
2016,11,5
2016,11,5
2016,11,5
2016,11,5
2016,11,5
2016,11,5
2016,11,5
2016,11,5
2016,11,5
2016,11,5
2016,11,5
2016,11,5
2016,11,5
2016,11,5
2016,11,5
2016,11,5
2016,11,5
2016,11,5
2016,11,5
2016,11,5
2016,11,5
2016,11,5
2016,11,5
2016,11,5
2016,11,5
2016,11,5
2016,11,5
2016,11,5
2016,11,5
2016,11,5
2016,11,5
2016,11,5
2016,11,5
2016,11,5
2016,11,5
2016,11,5
2016,11,5
2016,11,5
2016,11,5
2016,11,5
2016,11,5
2016,11,5
2016,11,5
2016,11,5
2016,11,5
2016,11,5
2016,11,5
2016,11,5
2016,11,5
2016,11,5
2016,11,5
2016,11,5
2016,11,5
2016,11,5
2016,11,5
2016,11,5
2016,11,5
2016,11,5
2016,11,5
2016,11,5
2016,11,5
2016,11,5
2016,11,5
2016,11,5
2016,11,5
2016,11,5
2016,11,5
2016,11,5
2016,11,5
2016,11,5
2016,11,5
2016,11,5
2016,11,5
2016,11,5
2016,11,5
2016,11,5
2016,11,5
2016,11,5
2016,11,5
2016,11,5
2016,11,5
2016,11,5
2016,11,5
2016,11,5
2016,11,5
2016,11,5
2016,11,5
2016,11,5
2016,11,5
2016,11,5
2016,11,5
2016,11,5
2016,11,5
2016,11,5
2016,11,5
2016,11,5
2016,11,5
2016,11,5
2016,11,5
2016,11,5
2016,11,5
2016,11,5
2016,11,5
2016,11,5
2016,11,5
2016,11,5
2016,11,5
2016,11,5
2016,11,5
2016,11,5
2016,11,5
2016,11,5
2016,11,5
2016,11,5
2016,11,5
2016,11,5
2016,11,5
2016,11,5
2016,11,5
2016,11,5
2016,11,5
2016,11,5
2016,11,5
2016,11,5
2016,11,5
2016,11,5
2016,11,5
2016,11,5
2016,11,5
2016,11,5
2016,11,5
2016,11,5
2016,11,5
2016,11,5
2016,11,5
2016,11,5
2016,11,5
2016,11,5
2016,11,5
2016,11,5
2016,11,5
2016,11,5
2016,11,5
2016,11,5
2016,11,5
2016,11,5
2016,11,5
2016,11,5
2016,11,5
2016,11,5
2016,11,5
2016,11,5
2016,11,5
2016,11,5
2016,11,5
2016,11,5
2016,11,5
2016,11,5
2016,11,5
2016,11,5
2016,11,5
2016,11,5
2016,11,5
2016,11,5
2016,11,5
2016,11,5
2016,11,5
2016,11,5
2016,11,5
2016,11,5
2016,11,5
2016,11,5
2016,11,5
2016,11,5
2016,11,5
2016,11,5
2016,11,5
2016,11,5
2016,11,5
2016,11,5
2016,11,5
2016,11,5
2016,11,5
2016,11,5
2016,11,5
2016,11,5
2016,11,5
2016,11,5
2016,11,5
2016,11,5
2016,11,5
2016,11,5
2016,11,5
2016,11,5
2016,11,5
2016,11,5
2016,11,5
2016,11,5
2016,11,5
2016,11,5
2016,11,5
2016,11,5
2016,11,5
2016,11,5
2016,11,5
2016,11,5
2016,11,5
2016,11,5
2016,11,5
2016,11,5
2016,11,5
2016,11,5
2016,11,5
2016,11,5
2016,11,5
2016,11,5
2016,11,5
2016,11,5
2016,11,5
2016,11,5
2016,11,5
2016,11,5
2016,11,5
2016,11,5
2016,11,5
2016,11,5
2016,11,5
2016,11,5
2016,11,5
2016,11,5
2016,11,5
2016,11,5
2016,11,5
2016,11,5
2016,11,5
2016,11,5
2016,11,5
2016,11,5
2016,11,5
2016,11,5
2016,11,5
2016,11,5
2016,11,5
2016,11,5
2016,11,5
2016,11,5
2016,11,5
2016,11,5
2016,11,5
2016,11,5
2016,11,5
2016,11,5
2016,11,5
2016,11,5
2016,11,5
2016,11,5
2016,11,5
2016,11,5
2016,11,5
2016,11,5
2016,11,5
2016,11,5
2016,11,5
2016,11,5
2016,11,5
2016,11,5
2016,11,5
2016,11,5
2016,11,5
2016,11,5
2016,11,5
2016,11,5
2016,11,5
2016,11,5
2016,11,5
2016,11,5
2016,11,5
2016,11,5
2016,11,5
2016,11,5
2016,11,5
2016,11,5
2016,11,5
2016,11,5
2016,11,5
2016,11,5
2016,11,5
2016,11,5
2016,11,5
2016,11,5
2016,11,5
2016,11,5
2016,11,5
2016,11,5
2016,11,5
2016,11,5
2016,11,5
2016,11,5
2016,11,5
2016,11,5
2016,11,5
2016,11,5
2016,11,5
2016,11,5
2016,11,5
2016,11,5
2016,11,5
2016,11,5
2016,11,5
2016,11,5
2016,11,5
2016,11,5
2016,11,5
2016,11,5
2016,11,5
2016,11,5
2016,11,5
2016,11,5
2016,11,5
2016,11,5
2016,11,5
2016,11,5
2016,11,5
2016,11,5
2016,11,5
2016,11,5
2016,11,5
2016,11,5
2016,11,5
2016,11,5
2016,11,5
2016,11,5
2016,11,5
2016,11,5
2016,11,5
2016,11,5
2016,11,5
2016,11,5
2016,11,5
2016,11,5
2016,11,5
2016,11,5
2016,11,5
2016,11,5
2016,11,5
2016,11,5
2016,11,5
2016,11,5
2016,11,5
2016,11,5
2016,11,5
2016,11,5
2016,11,5
2016,11,5
2016,11,5
2016,11,5
2016,11,5
2016,11,5
2016,11,5
2016,11,5
2016,11,5
2016,11,5
2016,11,5
2016,11,5
2016,11,5
2016,11,5
2016,11,6
2016,11,6
2016,11,6
2016,11,6
2016,11,6
2016,11,6
2016,11,6
2016,11,6
2016,11,6
2016,11,6
2016,11,6
2016,11,6
2016,11,6
2016,11,6
2016,11,6
2016,11,6
2016,11,6
2016,11,6
2016,11,6
2016,11,6
2016,11,6
2016,11,6
2016,11,6
2016,11,6
2016,11,6
2016,11,6
2016,11,6
2016,11,6
2016,11,6
2016,11,6
2016,11,6
2016,11,6
2016,11,6
2016,11,6
2016,11,6
2016,11,6
2016,11,6
2016,11,6
2016,11,6
2016,11,6
2016,11,6
2016,11,6
2016,11,6
2016,11,6
2016,11,6
2016,11,6
2016,11,6
2016,11,6
2016,11,6
2016,11,6
2016,11,6
2016,11,6
2016,11,6
2016,11,6
2016,11,6
2016,11,6
2016,11,6
2016,11,6
2016,11,6
2016,11,6
2016,11,6
2016,11,6
2016,11,6
2016,11,6
2016,11,6
2016,11,6
2016,11,6
2016,11,6
2016,11,6
2016,11,6
2016,11,6
2016,11,6
2016,11,6
2016,11,6
2016,11,6
2016,11,6
2016,11,6
2016,11,6
2016,11,6
2016,11,6
2016,11,6
2016,11,6
2016,11,6
2016,11,6
2016,11,6
2016,11,6
2016,11,6
2016,11,6
2016,11,6
2016,11,6
2016,11,6
2016,11,6
2016,11,6
2016,11,6
2016,11,6
2016,11,6
2016,11,6
2016,11,6
2016,11,6
2016,11,6
2016,11,6
2016,11,6
2016,11,6
2016,11,6
2016,11,6
2016,11,6
2016,11,6
2016,11,6
2016,11,6
2016,11,6
2016,11,6
2016,11,6
2016,11,6
2016,11,6
2016,11,6
2016,11,6
2016,11,6
2016,11,6
2016,11,6
2016,11,6
2016,11,6
2016,11,6
2016,11,6
2016,11,6
2016,11,6
2016,11,6
2016,11,6
2016,11,6
2016,11,6
2016,11,6
2016,11,6
2016,11,6
2016,11,6
2016,11,6
2016,11,6
2016,11,6
2016,11,6
2016,11,6
2016,11,6
2016,11,6
2016,11,6
2016,11,6
2016,11,6
2016,11,6
2016,11,6
2016,11,6
2016,11,6
2016,11,6
2016,11,6
2016,11,6
2016,11,6
2016,11,6
2016,11,6
2016,11,6
2016,11,6
2016,11,6
2016,11,6
2016,11,6
2016,11,6
2016,11,6
2016,11,6
2016,11,6
2016,11,6
2016,11,6
2016,11,6
2016,11,6
2016,11,6
2016,11,6
2016,11,6
2016,11,6
2016,11,6
2016,11,6
2016,11,6
2016,11,6
2016,11,6
2016,11,6
2016,11,6
2016,11,6
2016,11,6
2016,11,6
2016,11,6
2016,11,6
2016,11,6
2016,11,6
2016,11,6
2016,11,6
2016,11,6
2016,11,6
2016,11,6
2016,11,6
2016,11,6
2016,11,6
2016,11,6
2016,11,6
2016,11,6
2016,11,6
2016,11,6
2016,11,6
2016,11,6
2016,11,6
2016,11,6
2016,11,6
2016,11,6
2016,11,6
2016,11,6
2016,11,6
2016,11,6
2016,11,6
2016,11,6
2016,11,6
2016,11,6
2016,11,6
2016,11,6
2016,11,6
2016,11,6
2016,11,6
2016,11,6
2016,11,6
2016,11,6
2016,11,6
2016,11,6
2016,11,6
2016,11,6
2016,11,6
2016,11,6
2016,11,6
2016,11,6
2016,11,6
2016,11,6
2016,11,6
2016,11,6
2016,11,6
2016,11,6
2016,11,6
2016,11,6
2016,11,6
2016,11,6
2016,11,6
2016,11,6
2016,11,6
2016,11,6
2016,11,6
2016,11,6
2016,11,6
2016,11,6
2016,11,6
2016,11,6
2016,11,6
2016,11,6
2016,11,6
2016,11,6
2016,11,6
2016,11,6
2016,11,6
2016,11,6
2016,11,6
2016,11,6
2016,11,6
2016,11,6
2016,11,6
2016,11,6
2016,11,6
2016,11,6
2016,11,6
2016,11,6
2016,11,6
2016,11,6
2016,11,6
2016,11,6
2016,11,6
2016,11,6
2016,11,6
2016,11,6
2016,11,6
2016,11,6
2016,11,6
2016,11,6
2016,11,6
2016,11,6
2016,11,6
2016,11,6
2016,11,6
2016,11,6
2016,11,6
2016,11,6
2016,11,6
2016,11,6
2016,11,6
2016,11,6
2016,11,6
2016,11,6
2016,11,6
2016,11,6
2016,11,6
2016,11,6
2016,11,6
2016,11,6
2016,11,6
2016,11,6
2016,11,6
2016,11,6
2016,11,6
2016,11,6
2016,11,6
2016,11,6
2016,11,6
2016,11,6
2016,11,6
2016,11,6
2016,11,6
2016,11,6
2016,11,6
2016,11,6
2016,11,6
2016,11,6
2016,11,6
2016,11,6
2016,11,6
2016,11,6
2016,11,6
2016,11,6
2016,11,6
2016,11,6
2016,11,6
2016,11,6
2016,11,6
2016,11,6
2016,11,6
2016,11,6
2016,11,6
2016,11,6
2016,11,6
2016,11,6
2016,11,6
2016,11,6
2016,11,6
2016,11,6
2016,11,6
2016,11,6
2016,11,6
2016,11,6
2016,11,6
2016,11,6
2016,11,6
2016,11,6
2016,11,6
2016,11,6
2016,11,6
2016,11,6
2016,11,6
2016,11,6
2016,11,6
2016,11,6
2016,11,6
2016,11,6
2016,11,6
2016,11,6
2016,11,6
2016,11,6
2016,11,6
2016,11,6
2016,11,6
2016,11,6
2016,11,6
2016,11,6
2016,11,6
2016,11,6
2016,11,6
2016,11,6
2016,11,6
2016,11,6
2016,11,6
2016,11,6
2016,11,6
2016,11,6
2016,11,6
2016,11,6
2016,11,6
2016,11,6
2016,11,6
2016,11,6
2016,11,6
2016,11,6
2016,11,6
2016,11,6
2016,11,6
2016,11,6
2016,11,6
2016,11,6
2016,11,6
2016,11,6
2016,11,6
2016,11,6
2016,11,6
2016,11,6
2016,11,6
2016,11,6
2016,11,6
2016,11,6
2016,11,6
2016,11,6
2016,11,6
2016,11,6
2016,11,6
2016,11,6
2016,11,6
2016,11,6
2016,11,6
2016,11,6
2016,11,6
2016,11,6
2016,11,6
2016,11,6
2016,11,6
2016,11,6
2016,11,6
2016,11,6
2016,11,6
2016,11,6
2016,11,6
2016,11,6
2016,11,6
2016,11,6
2016,11,6
2016,11,6
2016,11,6
2016,11,6
2016,11,6
2016,11,6
2016,11,6
2016,11,6
2016,11,6
2016,11,6
2016,11,6
2016,11,6
2016,11,6
2016,11,6
2016,11,6
2016,11,6
2016,11,6
2016,11,6
2016,11,6
2016,11,6
2016,11,6
2016,11,6
2016,11,6
2016,11,6
2016,11,6
2016,11,6
2016,11,6
2016,11,6
2016,11,6
2016,11,6
2016,11,6
2016,11,6
2016,11,6
2016,11,6
2016,11,6
2016,11,6
2016,11,6
2016,11,6
2016,11,6
2016,11,6
2016,11,6
2016,11,6
2016,11,6
2016,11,6
2016,11,6
2016,11,6
2016,11,6
2016,11,6
2016,11,6
2016,11,6
2016,11,6
2016,11,6
2016,11,6
2016,11,6
2016,11,6
2016,11,6
2016,11,6
2016,11,6
2016,11,6
2016,11,6
2016,11,6
2016,11,6
2016,11,6
2016,11,6
2016,11,6
2016,11,6
2016,11,6
2016,11,6
2016,11,6
2016,11,6
2016,11,6
2016,11,6
2016,11,6
2016,11,6
2016,11,6
2016,11,6
2016,11,6
2016,11,6
2016,11,6
2016,11,6
2016,11,6
2016,11,6
2016,11,6
2016,11,6
2016,11,6
2016,11,6
2016,11,6
2016,11,6
2016,11,6
2016,11,6
2016,11,6
2016,11,6
2016,11,6
2016,11,6
2016,11,6
2016,11,6
2016,11,6
2016,11,6
2016,11,6
2016,11,6
2016,11,6
2016,11,6
2016,11,6
2016,11,6
2016,11,6
2016,11,6
2016,11,6
2016,11,6
2016,11,6
2016,11,6
2016,11,6
2016,11,6
2016,11,6
2016,11,6
2016,11,6
2016,11,6
2016,11,6
2016,11,6
2016,11,6
2016,11,6
2016,11,6
2016,11,6
2016,11,6
2016,11,6
2016,11,6
2016,11,6
2016,11,6
2016,11,6
2016,11,6
2016,11,6
2016,11,6
2016,11,6
2016,11,6
2016,11,6
2016,11,6
2016,11,6
2016,11,6
2016,11,6
2016,11,6
2016,11,6
2016,11,6
2016,11,6
2016,11,6
2016,11,6
2016,11,6
2016,11,6
2016,11,6
2016,11,6
2016,11,6
2016,11,6
2016,11,6
2016,11,6
2016,11,6
2016,11,6
2016,11,6
2016,11,6
2016,11,6
2016,11,6
2016,11,6
2016,11,6
2016,11,6
2016,11,6
2016,11,6
2016,11,6
2016,11,6
2016,11,6
2016,11,6
2016,11,6
2016,11,6
2016,11,6
2016,11,6
2016,11,6
2016,11,6
2016,11,6
2016,11,6
2016,11,6
2016,11,6
2016,11,6
2016,11,6
2016,11,6
2016,11,6
2016,11,6
2016,11,6
2016,11,6
2016,11,6
2016,11,6
2016,11,6
2016,11,6
2016,11,6
2016,11,6
2016,11,6
2016,11,6
2016,11,6
2016,11,6
2016,11,6
2016,11,6
2016,11,6
2016,11,6
2016,11,6
2016,11,6
2016,11,6
2016,11,6
2016,11,6
2016,11,6
2016,11,6
2016,11,6
2016,11,6
2016,11,6
2016,11,6
2016,11,6
2016,11,6
2016,11,6
2016,11,6
2016,11,6
2016,11,6
2016,11,6
2016,11,6
2016,11,6
2016,11,6
2016,11,6
2016,11,6
2016,11,6
2016,11,6
2016,11,6
2016,11,6
2016,11,6
2016,11,6
2016,11,6
2016,11,6
2016,11,6
2016,11,6
2016,11,6
2016,11,6
2016,11,6
2016,11,6
2016,11,6
2016,11,6
2016,11,6
2016,11,6
2016,11,6
2016,11,6
2016,11,6
2016,11,6
2016,11,6
2016,11,6
2016,11,6
2016,11,6
2016,11,6
2016,11,6
2016,11,6
2016,11,6
2016,11,6
2016,11,6
2016,11,6
2016,11,6
2016,11,6
2016,11,6
2016,11,6
2016,11,6
2016,11,6
2016,11,6
2016,11,6
2016,11,6
2016,11,6
2016,11,6
2016,11,6
2016,11,6
2016,11,6
2016,11,6
2016,11,6
2016,11,6
2016,11,6
2016,11,6
2016,11,6
2016,11,6
2016,11,6
2016,11,6
2016,11,6
2016,11,6
2016,11,6
2016,11,6
2016,11,6
2016,11,6
2016,11,6
2016,11,6
2016,11,6
2016,11,6
2016,11,6
2016,11,6
2016,11,6
2016,11,6
2016,11,6
2016,11,6
2016,11,6
2016,11,6
2016,11,6
2016,11,6
2016,11,6
2016,11,6
2016,11,6
2016,11,6
2016,11,6
2016,11,6
2016,11,6
2016,11,6
2016,11,6
2016,11,6
2016,11,6
2016,11,6
2016,11,6
2016,11,6
2016,11,6
2016,11,6
2016,11,6
2016,11,6
2016,11,6
2016,11,6
2016,11,6
2016,11,6
2016,11,6
2016,11,6
2016,11,6
2016,11,6
2016,11,6
2016,11,6
2016,11,6
2016,11,6
2016,11,6
2016,11,6
2016,11,6
2016,11,6
2016,11,6
2016,11,6
2016,11,6
2016,11,6
2016,11,6
2016,11,6
2016,11,6
2016,11,6
2016,11,6
2016,11,6
2016,11,6
2016,11,6
2016,11,6
2016,11,6
2016,11,6
2016,11,6
2016,11,6
2016,11,6
2016,11,6
2016,11,6
2016,11,6
2016,11,6
2016,11,6
2016,11,6
2016,11,6
2016,11,6
2016,11,6
2016,11,6
2016,11,6
2016,11,6
2016,11,6
2016,11,6
2016,11,6
2016,11,6
2016,11,6
2016,11,6
2016,11,6
2016,11,6
2016,11,6
2016,11,6
2016,11,6
2016,11,6
2016,11,6
2016,11,6
2016,11,6
2016,11,6
2016,11,6
2016,11,6
2016,11,6
2016,11,6
2016,11,6
2016,11,6
2016,11,6
2016,11,6
2016,11,6
2016,11,6
2016,11,6
2016,11,6
2016,11,6
2016,11,6
2016,11,6
2016,11,6
2016,11,6
2016,11,6
2016,11,6
2016,11,6
2016,11,6
2016,11,6
2016,11,6
2016,11,6
2016,11,6
2016,11,6
2016,11,6
2016,11,6
2016,11,6
2016,11,6
2016,11,6
2016,11,6
2016,11,6
2016,11,6
2016,11,6
2016,11,6
2016,11,6
2016,11,6
2016,11,6
2016,11,6
2016,11,6
2016,11,6
2016,11,6
2016,11,6
2016,11,6
2016,11,6
2016,11,6
2016,11,6
2016,11,6
2016,11,6
2016,11,6
2016,11,6
2016,11,6
2016,11,6
2016,11,6
2016,11,6
2016,11,6
2016,11,6
2016,11,6
2016,11,6
2016,11,6
2016,11,6
2016,11,6
2016,11,6
2016,11,6
2016,11,6
2016,11,6
2016,11,6
2016,11,6
2016,11,6
2016,11,6
2016,11,6
2016,11,6
2016,11,6
2016,11,6
2016,11,6
2016,11,6
2016,11,6
2016,11,6
2016,11,6
2016,11,6
2016,11,6
2016,11,6
2016,11,6
2016,11,6
2016,11,6
2016,11,6
2016,11,6
2016,11,6
2016,11,6
2016,11,6
2016,11,6
2016,11,6
2016,11,6
2016,11,6
2016,11,6
2016,11,6
2016,11,6
2016,11,6
2016,11,6
2016,11,6
2016,11,6
2016,11,6
2016,11,6
2016,11,6
2016,11,6
2016,11,6
2016,11,6
2016,11,6
2016,11,6
2016,11,6
2016,11,6
2016,11,6
2016,11,6
2016,11,6
2016,11,6
2016,11,6
2016,11,6
2016,11,6
2016,11,6
2016,11,6
2016,11,6
2016,11,6
2016,11,6
2016,11,6
2016,11,6
2016,11,6
2016,11,6
2016,11,6
2016,11,6
2016,11,6
2016,11,6
2016,11,6
2016,11,6
2016,11,6
2016,11,6
2016,11,6
2016,11,6
2016,11,6
2016,11,6
2016,11,6
2016,11,6
2016,11,6
2016,11,6
2016,11,6
2016,11,6
2016,11,6
2016,11,6
2016,11,6
2016,11,6
2016,11,6
2016,11,6
2016,11,6
2016,11,6
2016,11,6
2016,11,6
2016,11,6
2016,11,6
2016,11,6
2016,11,6
2016,11,6
2016,11,6
2016,11,6
2016,11,6
2016,11,6
2016,11,6
2016,11,6
2016,11,6
2016,11,6
2016,11,6
2016,11,6
2016,11,6
2016,11,6
2016,11,6
2016,11,6
2016,11,6
2016,11,6
2016,11,6
2016,11,6
2016,11,6
2016,11,6
2016,11,6
2016,11,6
2016,11,6
2016,11,6
2016,11,6
2016,11,6
2016,11,6
2016,11,6
2016,11,6
2016,11,6
2016,11,6
2016,11,6
2016,11,6
2016,11,6
2016,11,6
2016,11,6
2016,11,6
2016,11,6
2016,11,6
2016,11,6
2016,11,6
2016,11,6
2016,11,6
2016,11,6
2016,11,6
2016,11,6
2016,11,6
2016,11,6
2016,11,6
2016,11,6
2016,11,6
2016,11,6
2016,11,6
2016,11,6
2016,11,6
2016,11,6
2016,11,6
2016,11,6
2016,11,6
2016,11,6
2016,11,6
2016,11,6
2016,11,6
2016,11,6
2016,11,6
2016,11,6
2016,11,6
2016,11,6
2016,11,6
2016,11,6
2016,11,6
2016,11,6
2016,11,6
2016,11,6
2016,11,6
2016,11,6
2016,11,6
2016,11,6
2016,11,6
2016,11,6
2016,11,6
2016,11,6
2016,11,6
2016,11,6
2016,11,6
2016,11,6
2016,11,6
2016,11,6
2016,11,6
2016,11,6
2016,11,6
2016,11,6
2016,11,6
2016,11,6
2016,11,6
2016,11,6
2016,11,6
2016,11,6
2016,11,6
2016,11,6
2016,11,6
2016,11,6
2016,11,6
2016,11,6
2016,11,6
2016,11,6
2016,11,6
2016,11,6
2016,11,6
2016,11,6
2016,11,6
2016,11,6
2016,11,6
2016,11,6
2016,11,6
2016,11,6
2016,11,6
2016,11,6
2016,11,6
2016,11,6
2016,11,6
2016,11,6
2016,11,6
2016,11,6
2016,11,6
2016,11,6
2016,11,6
2016,11,6
2016,11,6
2016,11,6
2016,11,6
2016,11,6
2016,11,6
2016,11,6
2016,11,6
2016,11,6
2016,11,6
2016,11,6
2016,11,6
2016,11,6
2016,11,6
2016,11,6
2016,11,6
2016,11,6
2016,11,6
2016,11,6
2016,11,6
2016,11,6
2016,11,6
2016,11,6
2016,11,6
2016,11,6
2016,11,6
2016,11,6
2016,11,6
2016,11,6
2016,11,6
2016,11,6
2016,11,6
2016,11,6
2016,11,6
2016,11,6
2016,11,6
2016,11,6
2016,11,6
2016,11,6
2016,11,6
2016,11,6
2016,11,6
2016,11,6
2016,11,6
2016,11,6
2016,11,6
2016,11,6
2016,11,6
2016,11,6
2016,11,6
2016,11,6
2016,11,6
2016,11,6
2016,11,6
2016,11,6
2016,11,6
2016,11,6
2016,11,6
2016,11,6
2016,11,6
2016,11,6
2016,11,6
2016,11,6
2016,11,6
2016,11,6
2016,11,6
2016,11,6
2016,11,6
2016,11,6
2016,11,6
2016,11,6
2016,11,6
2016,11,6
2016,11,6
2016,11,6
2016,11,6
2016,11,6
2016,11,6
2016,11,6
2016,11,6
2016,11,6
2016,11,6
2016,11,6
2016,11,6
2016,11,6
2016,11,6
2016,11,6
2016,11,6
2016,11,6
2016,11,6
2016,11,6
2016,11,6
2016,11,6
2016,11,6
2016,11,6
2016,11,6
2016,11,6
2016,11,6
2016,11,6
2016,11,6
2016,11,6
2016,11,6
2016,11,6
2016,11,6
2016,11,6
2016,11,6
2016,11,6
2016,11,6
2016,11,6
2016,11,6
2016,11,6
2016,11,6
2016,11,6
2016,11,6
2016,11,6
2016,11,6
2016,11,6
2016,11,6
2016,11,6
2016,11,6
2016,11,6
2016,11,6
2016,11,6
2016,11,6
2016,11,6
2016,11,6
2016,11,6
2016,11,6
2016,11,6
2016,11,6
2016,11,6
2016,11,6
2016,11,6
2016,11,6
2016,11,6
2016,11,6
2016,11,6
2016,11,6
2016,11,6
2016,11,6
2016,11,6
2016,11,6
2016,11,6
2016,11,6
2016,11,6
2016,11,6
2016,11,6
2016,11,6
2016,11,6
2016,11,6
2016,11,6
2016,11,6
2016,11,6
2016,11,6
2016,11,6
2016,11,6
2016,11,6
2016,11,6
2016,11,6
2016,11,6
2016,11,6
2016,11,6
2016,11,6
2016,11,6
2016,11,6
2016,11,6
2016,11,6
2016,11,6
2016,11,6
2016,11,6
2016,11,6
2016,11,6
2016,11,6
2016,11,6
2016,11,6
2016,11,6
2016,11,6
2016,11,6
2016,11,6
2016,11,6
2016,11,6
2016,11,6
2016,11,6
2016,11,6
2016,11,6
2016,11,6
2016,11,6
2016,11,6
2016,11,6
2016,11,6
2016,11,6
2016,11,6
2016,11,6
2016,11,6
2016,11,6
2016,11,6
2016,11,6
2016,11,6
2016,11,6
2016,11,6
2016,11,6
2016,11,6
2016,11,6
2016,11,6
2016,11,6
2016,11,6
2016,11,6
2016,11,6
2016,11,6
2016,11,6
2016,11,6
2016,11,6
2016,11,6
2016,11,6
2016,11,6
2016,11,6
2016,11,6
2016,11,6
2016,11,6
2016,11,6
2016,11,6
2016,11,6
2016,11,6
2016,11,6
2016,11,6
2016,11,6
2016,11,6
2016,11,6
2016,11,6
2016,11,6
2016,11,6
2016,11,6
2016,11,6
2016,11,6
2016,11,6
2016,11,6
2016,11,6
2016,11,6
2016,11,6
2016,11,6
2016,11,6
2016,11,6
2016,11,6
2016,11,6
2016,11,6
2016,11,6
2016,11,6
2016,11,6
2016,11,6
2016,11,6
2016,11,6
2016,11,6
2016,11,6
2016,11,6
2016,11,6
2016,11,6
2016,11,6
2016,11,6
2016,11,6
2016,11,6
2016,11,6
2016,11,6
2016,11,6
2016,11,6
2016,11,6
2016,11,6
2016,11,6
2016,11,6
2016,11,6
2016,11,6
2016,11,6
2016,11,6
2016,11,6
2016,11,6
2016,11,6
2016,11,6
2016,11,6
2016,11,6
2016,11,6
2016,11,6
2016,11,6
2016,11,6
2016,11,6
2016,11,6
2016,11,6
2016,11,6
2016,11,6
2016,11,6
2016,11,6
2016,11,6
2016,11,6
2016,11,6
2016,11,6
2016,11,6
2016,11,6
2016,11,6
2016,11,6
2016,11,6
2016,11,6
2016,11,6
2016,11,6
2016,11,6
2016,11,6
2016,11,6
2016,11,6
2016,11,6
2016,11,6
2016,11,6
2016,11,6
2016,11,6
2016,11,6
2016,11,6
2016,11,6
2016,11,6
2016,11,6
2016,11,6
2016,11,6
2016,11,6
2016,11,6
2016,11,6
2016,11,6
2016,11,6
2016,11,6
2016,11,6
2016,11,6
2016,11,6
2016,11,6
2016,11,6
2016,11,6
2016,11,6
2016,11,6
2016,11,6
2016,11,6
2016,11,6
2016,11,6
2016,11,6
2016,11,6
2016,11,6
2016,11,6
2016,11,6
2016,11,6
2016,11,6
2016,11,6
2016,11,6
2016,11,6
2016,11,6
2016,11,6
2016,11,6
2016,11,6
2016,11,6
2016,11,6
2016,11,6
2016,11,6
2016,11,6
2016,11,6
2016,11,6
2016,11,6
2016,11,6
2016,11,6
2016,11,6
2016,11,6
2016,11,6
2016,11,6
2016,11,6
2016,11,6
2016,11,6
2016,11,6
2016,11,6
2016,11,6
2016,11,6
2016,11,6
2016,11,6
2016,11,6
2016,11,6
2016,11,6
2016,11,6
2016,11,6
2016,11,6
2016,11,6
2016,11,6
2016,11,6
2016,11,6
2016,11,6
2016,11,6
2016,11,6
2016,11,6
2016,11,6
2016,11,6
2016,11,6
2016,11,6
2016,11,6
2016,11,6
2016,11,6
2016,11,6
2016,11,6
2016,11,6
2016,11,6
2016,11,6
2016,11,6
2016,11,6
2016,11,6
2016,11,6
2016,11,6
2016,11,6
2016,11,6
2016,11,6
2016,11,6
2016,11,6
2016,11,6
2016,11,6
2016,11,6
2016,11,6
2016,11,6
2016,11,6
2016,11,6
2016,11,6
2016,11,6
2016,11,6
2016,11,6
2016,11,6
2016,11,6
2016,11,6
2016,11,6
2016,11,6
2016,11,6
2016,11,6
2016,11,6
2016,11,6
2016,11,6
2016,11,6
2016,11,6
2016,11,6
2016,11,6
2016,11,6
2016,11,6
2016,11,6
2016,11,6
2016,11,6
2016,11,6
2016,11,6
2016,11,6
2016,11,6
2016,11,6
2016,11,6
2016,11,6
2016,11,6
2016,11,6
2016,11,6
2016,11,6
2016,11,6
2016,11,6
2016,11,6
2016,11,6
2016,11,6
2016,11,6
2016,11,6
2016,11,6
2016,11,6
2016,11,6
2016,11,6
2016,11,6
2016,11,6
2016,11,6
2016,11,6
2016,11,6
2016,11,6
2016,11,6
2016,11,6
2016,11,6
2016,11,6
2016,11,6
2016,11,6
2016,11,6
2016,11,6
2016,11,6
2016,11,6
2016,11,6
2016,11,6
2016,11,6
2016,11,6
2016,11,6
2016,11,6
2016,11,6
2016,11,6
2016,11,6
2016,11,6
2016,11,6
2016,11,6
2016,11,6
2016,11,6
2016,11,6
2016,11,6
2016,11,6
2016,11,6
2016,11,6
2016,11,6
2016,11,6
2016,11,6
2016,11,6
2016,11,6
2016,11,6
2016,11,6
2016,11,6
2016,11,6
2016,11,6
2016,11,6
2016,11,6
2016,11,6
2016,11,6
2016,11,6
2016,11,6
2016,11,6
2016,11,6
2016,11,6
2016,11,6
2016,11,6
2016,11,6
2016,11,6
2016,11,6
2016,11,6
2016,11,6
2016,11,6
2016,11,6
2016,11,6
2016,11,6
2016,11,6
2016,11,6
2016,11,6
2016,11,6
2016,11,6
2016,11,6
2016,11,6
2016,11,6
2016,11,6
2016,11,6
2016,11,6
2016,11,6
2016,11,6
2016,11,6
2016,11,6
2016,11,6
2016,11,6
2016,11,6
2016,11,6
2016,11,6
2016,11,6
2016,11,6
2016,11,6
2016,11,6
2016,11,6
2016,11,6
2016,11,6
2016,11,6
2016,11,6
2016,11,6
2016,11,6
2016,11,6
2016,11,6
2016,11,6
2016,11,6
2016,11,6
2016,11,6
2016,11,6
2016,11,6
2016,11,6
2016,11,6
2016,11,6
2016,11,6
2016,11,6
2016,11,6
2016,11,6
2016,11,6
2016,11,6
2016,11,6
2016,11,6
2016,11,6
2016,11,6
2016,11,6
2016,11,6
2016,11,6
2016,11,6
2016,11,6
2016,11,6
2016,11,6
2016,11,6
2016,11,6
2016,11,6
2016,11,6
2016,11,6
2016,11,6
2016,11,6
2016,11,6
2016,11,6
2016,11,6
2016,11,6
2016,11,6
2016,11,6
2016,11,6
2016,11,6
2016,11,6
2016,11,6
2016,11,6
2016,11,6
2016,11,6
2016,11,6
2016,11,6
2016,11,6
2016,11,6
2016,11,6
2016,11,6
2016,11,6
2016,11,6
2016,11,6
2016,11,6
2016,11,6
2016,11,6
2016,11,6
2016,11,6
2016,11,6
2016,11,6
2016,11,6
2016,11,6
2016,11,6
2016,11,6
2016,11,6
2016,11,6
2016,11,6
2016,11,6
2016,11,6
2016,11,6
2016,11,6
2016,11,6
2016,11,6
2016,11,6
2016,11,6
2016,11,6
2016,11,6
2016,11,6
2016,11,6
2016,11,6
2016,11,6
2016,11,6
2016,11,6
2016,11,6
2016,11,6
2016,11,6
2016,11,6
2016,11,6
2016,11,6
2016,11,6
2016,11,6
2016,11,6
2016,11,6
2016,11,6
2016,11,6
2016,11,6
2016,11,6
2016,11,6
2016,11,6
2016,11,6
2016,11,6
2016,11,6
2016,11,6
2016,11,6
2016,11,6
2016,11,6
2016,11,6
2016,11,6
2016,11,6
2016,11,6
2016,11,6
2016,11,6
2016,11,6
2016,11,6
2016,11,6
2016,11,6
2016,11,6
2016,11,6
2016,11,6
2016,11,6
2016,11,6
2016,11,6
2016,11,6
2016,11,6
2016,11,6
2016,11,6
2016,11,6
2016,11,6
2016,11,6
2016,11,6
2016,11,6
2016,11,6
2016,11,6
2016,11,6
2016,11,6
2016,11,6
2016,11,6
2016,11,6
2016,11,6
2016,11,6
2016,11,6
2016,11,6
2016,11,6
2016,11,6
2016,11,6
2016,11,6
2016,11,6
2016,11,6
2016,11,6
2016,11,6
2016,11,6
2016,11,6
2016,11,6
2016,11,6
2016,11,6
2016,11,6
2016,11,6
2016,11,6
2016,11,6
2016,11,6
2016,11,6
2016,11,6
2016,11,6
2016,11,6
2016,11,6
2016,11,6
2016,11,6
2016,11,6
2016,11,6
2016,11,6
2016,11,6
2016,11,6
2016,11,6
2016,11,6
2016,11,6
2016,11,6
2016,11,6
2016,11,6
2016,11,6
2016,11,6
2016,11,6
2016,11,6
2016,11,6
2016,11,6
2016,11,6
2016,11,6
2016,11,6
2016,11,6
2016,11,6
2016,11,6
2016,11,6
2016,11,6
2016,11,6
2016,11,6
2016,11,6
2016,11,6
2016,11,6
2016,11,6
2016,11,6
2016,11,6
2016,11,6
2016,11,6
2016,11,6
2016,11,6
2016,11,6
2016,11,6
2016,11,6
2016,11,6
2016,11,6
2016,11,6
2016,11,6
2016,11,6
2016,11,6
2016,11,6
2016,11,6
2016,11,6
2016,11,6
2016,11,6
2016,11,6
2016,11,6
2016,11,6
2016,11,6
2016,11,6
2016,11,6
2016,11,6
2016,11,6
2016,11,6
2016,11,6
2016,11,6
2016,11,6
2016,11,6
2016,11,6
2016,11,6
2016,11,6
2016,11,6
2016,11,6
2016,11,6
2016,11,6
2016,11,6
2016,11,6
2016,11,6
2016,11,6
2016,11,6
2016,11,6
2016,11,6
2016,11,6
2016,11,6
2016,11,6
2016,11,6
2016,11,6
2016,11,6
2016,11,6
2016,11,6
2016,11,6
2016,11,6
2016,11,6
2016,11,6
2016,11,6
2016,11,6
2016,11,6
2016,11,6
2016,11,6
2016,11,6
2016,11,6
2016,11,6
2016,11,6
2016,11,6
2016,11,6
2016,11,6
2016,11,6
2016,11,6
2016,11,6
2016,11,6
2016,11,6
2016,11,6
2016,11,6
2016,11,6
2016,11,6
2016,11,6
2016,11,6
2016,11,6
2016,11,6
2016,11,6
2016,11,6
2016,11,6
2016,11,6
2016,11,6
2016,11,6
2016,11,6
2016,11,6
2016,11,6
2016,11,6
2016,11,6
2016,11,6
2016,11,6
2016,11,6
2016,11,6
2016,11,6
2016,11,6
2016,11,6
2016,11,6
2016,11,6
2016,11,6
2016,11,6
2016,11,6
2016,11,6
2016,11,6
2016,11,6
2016,11,6
2016,11,6
2016,11,6
2016,11,6
2016,11,6
2016,11,6
2016,11,6
2016,11,6
2016,11,6
2016,11,6
2016,11,6
2016,11,6
2016,11,6
2016,11,6
2016,11,6
2016,11,6
2016,11,6
2016,11,6
2016,11,6
2016,11,6
2016,11,6
2016,11,6
2016,11,6
2016,11,6
2016,11,6
2016,11,6
2016,11,6
2016,11,6
2016,11,6
2016,11,6
2016,11,6
2016,11,6
2016,11,6
2016,11,6
2016,11,6
2016,11,6
2016,11,6
2016,11,6
2016,11,6
2016,11,6
2016,11,6
2016,11,6
2016,11,6
2016,11,6
2016,11,6
2016,11,6
2016,11,6
2016,11,6
2016,11,6
2016,11,6
2016,11,6
2016,11,6
2016,11,6
2016,11,6
2016,11,6
2016,11,6
2016,11,6
2016,11,6
2016,11,6
2016,11,6
2016,11,6
2016,11,6
2016,11,6
2016,11,6
2016,11,6
2016,11,6
2016,11,6
2016,11,6
2016,11,6
2016,11,6
2016,11,6
2016,11,6
2016,11,6
2016,11,6
2016,11,6
2016,11,6
2016,11,6
2016,11,6
2016,11,6
2016,11,6
2016,11,6
2016,11,6
2016,11,6
2016,11,6
2016,11,6
2016,11,6
2016,11,6
2016,11,6
2016,11,6
2016,11,6
2016,11,6
2016,11,6
2016,11,6
2016,11,6
2016,11,6
2016,11,6
2016,11,6
2016,11,6
2016,11,6
2016,11,6
2016,11,6
2016,11,6
2016,11,6
2016,11,6
2016,11,6
2016,11,6
2016,11,6
2016,11,6
2016,11,6
2016,11,6
2016,11,6
2016,11,6
2016,11,6
2016,11,6
2016,11,6
2016,11,6
2016,11,6
2016,11,6
2016,11,6
2016,11,6
2016,11,6
2016,11,6
2016,11,6
2016,11,6
2016,11,6
2016,11,6
2016,11,6
2016,11,6
2016,11,6
2016,11,6
2016,11,6
2016,11,6
2016,11,6
2016,11,6
2016,11,6
2016,11,6
2016,11,6
2016,11,6
2016,11,6
2016,11,6
2016,11,6
2016,11,6
2016,11,6
2016,11,6
2016,11,6
2016,11,6
2016,11,6
2016,11,6
2016,11,6
2016,11,6
2016,11,6
2016,11,6
2016,11,6
2016,11,6
2016,11,6
2016,11,6
2016,11,6
2016,11,6
2016,11,6
2016,11,6
2016,11,6
2016,11,6
2016,11,6
2016,11,6
2016,11,6
2016,11,6
2016,11,6
2016,11,6
2016,11,6
2016,11,6
2016,11,6
2016,11,6
2016,11,6
2016,11,6
2016,11,6
2016,11,6
2016,11,6
2016,11,6
2016,11,6
2016,11,6
2016,11,6
2016,11,6
2016,11,6
2016,11,6
2016,11,6
2016,11,6
2016,11,6
2016,11,6
2016,11,6
2016,11,6
2016,11,6
2016,11,6
2016,11,6
2016,11,6
2016,11,6
2016,11,6
2016,11,6
2016,11,6
2016,11,6
2016,11,6
2016,11,6
2016,11,6
2016,11,6
2016,11,6
2016,11,6
2016,11,6
2016,11,6
2016,11,6
2016,11,6
2016,11,6
2016,11,6
2016,11,6
2016,11,6
2016,11,6
2016,11,6
2016,11,6
2016,11,6
2016,11,6
2016,11,6
2016,11,6
2016,11,6
2016,11,6
2016,11,6
2016,11,6
2016,11,6
2016,11,6
2016,11,6
2016,11,6
2016,11,6
2016,11,6
2016,11,6
2016,11,6
2016,11,6
2016,11,6
2016,11,6
2016,11,6
2016,11,6
2016,11,6
2016,11,6
2016,11,6
2016,11,6
2016,11,6
2016,11,6
2016,11,6
2016,11,6
2016,11,6
2016,11,6
2016,11,6
2016,11,6
2016,11,6
2016,11,6
2016,11,6
2016,11,6
2016,11,6
2016,11,6
2016,11,6
2016,11,6
2016,11,6
2016,11,6
2016,11,6
2016,11,6
2016,11,6
2016,11,6
2016,11,6
2016,11,6
2016,11,6
2016,11,6
2016,11,6
2016,11,6
2016,11,6
2016,11,6
2016,11,6
2016,11,6
2016,11,6
2016,11,6
2016,11,6
2016,11,6
2016,11,6
2016,11,6
2016,11,6
2016,11,6
2016,11,6
2016,11,6
2016,11,6
2016,11,6
2016,11,6
2016,11,6
2016,11,6
2016,11,6
2016,11,6
2016,11,6
2016,11,6
2016,11,6
2016,11,6
2016,11,6
2016,11,6
2016,11,6
2016,11,6
2016,11,6
2016,11,6
2016,11,6
2016,11,6
2016,11,6
2016,11,6
2016,11,6
2016,11,6
2016,11,6
2016,11,6
2016,11,6
2016,11,6
2016,11,6
2016,11,6
2016,11,6
2016,11,6
2016,11,6
2016,11,6
2016,11,6
2016,11,6
2016,11,6
2016,11,6
2016,11,6
2016,11,6
2016,11,6
2016,11,6
2016,11,6
2016,11,6
2016,11,6
2016,11,6
2016,11,6
2016,11,6
2016,11,6
2016,11,6
2016,11,6
2016,11,6
2016,11,6
2016,11,6
2016,11,6
2016,11,6
2016,11,6
2016,11,6
2016,11,6
2016,11,6
2016,11,6
2016,11,6
2016,11,6
2016,11,6
2016,11,6
2016,11,6
2016,11,6
2016,11,6
2016,11,6
2016,11,6
2016,11,6
2016,11,6
2016,11,6
2016,11,6
2016,11,6
2016,11,6
2016,11,6
2016,11,6
2016,11,6
2016,11,6
2016,11,6
2016,11,6
2016,11,6
2016,11,6
2016,11,6
2016,11,6
2016,11,6
2016,11,6
2016,11,6
2016,11,6
2016,11,6
2016,11,6
2016,11,6
2016,11,6
2016,11,6
2016,11,6
2016,11,6
2016,11,6
2016,11,6
2016,11,6
2016,11,6
2016,11,6
2016,11,6
2016,11,6
2016,11,6
2016,11,6
2016,11,6
2016,11,6
2016,11,6
2016,11,6
2016,11,6
2016,11,6
2016,11,6
2016,11,6
2016,11,6
2016,11,6
2016,11,6
2016,11,6
2016,11,6
2016,11,6
2016,11,6
2016,11,6
2016,11,6
2016,11,6
2016,11,6
2016,11,6
2016,11,6
2016,11,6
2016,11,6
2016,11,6
2016,11,6
2016,11,6
2016,11,6
2016,11,6
2016,11,6
2016,11,6
2016,11,6
2016,11,6
2016,11,6
2016,11,6
2016,11,6
2016,11,6
2016,11,6
2016,11,6
2016,11,6
2016,11,6
2016,11,6
2016,11,6
2016,11,6
2016,11,6
2016,11,6
2016,11,6
2016,11,6
2016,11,6
2016,11,6
2016,11,6
2016,11,6
2016,11,6
2016,11,6
2016,11,6
2016,11,6
2016,11,6
2016,11,6
2016,11,6
2016,11,6
2016,11,6
2016,11,6
2016,11,6
2016,11,6
2016,11,6
2016,11,6
2016,11,6
2016,11,6
2016,11,6
2016,11,6
2016,11,6
2016,11,6
2016,11,6
2016,11,6
2016,11,6
2016,11,6
2016,11,6
2016,11,6
2016,11,6
2016,11,6
2016,11,6
2016,11,6
2016,11,6
2016,11,6
2016,11,6
2016,11,6
2016,11,6
2016,11,6
2016,11,6
2016,11,6
2016,11,6
2016,11,6
2016,11,6
2016,11,6
2016,11,6
2016,11,6
2016,11,6
2016,11,6
2016,11,6
2016,11,6
2016,11,6
2016,11,6
2016,11,6
2016,11,6
2016,11,6
2016,11,6
2016,11,6
2016,11,6
2016,11,6
2016,11,6
2016,11,6
2016,11,6
2016,11,6
2016,11,6
2016,11,6
2016,11,6
2016,11,6
2016,11,6
2016,11,6
2016,11,6
2016,11,6
2016,11,6
2016,11,6
2016,11,6
2016,11,6
2016,11,6
2016,11,6
2016,11,6
2016,11,6
2016,11,6
2016,11,6
2016,11,6
2016,11,6
2016,11,6
2016,11,6
2016,11,6
2016,11,6
2016,11,6
2016,11,6
2016,11,6
2016,11,6
2016,11,6
2016,11,6
2016,11,6
2016,11,6
2016,11,6
2016,11,6
2016,11,6
2016,11,6
2016,11,6
2016,11,6
2016,11,6
2016,11,6
2016,11,6
2016,11,6
2016,11,6
2016,11,6
2016,11,6
2016,11,6
2016,11,6
2016,11,6
2016,11,6
2016,11,6
2016,11,6
2016,11,6
2016,11,6
2016,11,6
2016,11,6
2016,11,6
2016,11,6
2016,11,6
2016,11,6
2016,11,6
2016,11,6
2016,11,6
2016,11,6
2016,11,6
2016,11,6
2016,11,6
2016,11,6
2016,11,6
2016,11,6
2016,11,6
2016,11,6
2016,11,6
2016,11,6
2016,11,6
2016,11,6
2016,11,6
2016,11,6
2016,11,6
2016,11,6
2016,11,6
2016,11,6
2016,11,6
2016,11,6
2016,11,6
2016,11,6
2016,11,6
2016,11,6
2016,11,6
2016,11,6
2016,11,6
2016,11,6
2016,11,6
2016,11,6
2016,11,6
2016,11,6
2016,11,6
2016,11,6
2016,11,6
2016,11,6
2016,11,6
2016,11,6
2016,11,6
2016,11,6
2016,11,6
2016,11,6
2016,11,6
2016,11,6
2016,11,6
2016,11,6
2016,11,6
2016,11,6
2016,11,6
2016,11,6
2016,11,6
2016,11,6
2016,11,6
2016,11,6
2016,11,6
2016,11,6
2016,11,6
2016,11,6
2016,11,6
2016,11,6
2016,11,6
2016,11,6
2016,11,6
2016,11,6
2016,11,6
2016,11,6
2016,11,6
2016,11,6
2016,11,6
2016,11,6
2016,11,6
2016,11,6
2016,11,6
2016,11,6
2016,11,6
2016,11,6
2016,11,6
2016,11,6
2016,11,6
2016,11,6
2016,11,6
2016,11,6
2016,11,6
2016,11,6
2016,11,6
2016,11,6
2016,11,6
2016,11,6
2016,11,6
2016,11,6
2016,11,6
2016,11,6
2016,11,6
2016,11,6
2016,11,6
2016,11,6
2016,11,6
2016,11,6
2016,11,6
2016,11,6
2016,11,6
2016,11,6
2016,11,6
2016,11,6
2016,11,6
2016,11,6
2016,11,6
2016,11,6
2016,11,6
2016,11,6
2016,11,6
2016,11,6
2016,11,6
2016,11,6
2016,11,6
2016,11,6
2016,11,6
2016,11,6
2016,11,6
2016,11,6
2016,11,6
2016,11,6
2016,11,6
2016,11,6
2016,11,6
2016,11,6
2016,11,6
2016,11,6
2016,11,6
2016,11,6
2016,11,6
2016,11,6
2016,11,6
2016,11,6
2016,11,6
2016,11,6
2016,11,6
2016,11,6
2016,11,6
2016,11,6
2016,11,6
2016,11,6
2016,11,6
2016,11,6
2016,11,6
2016,11,6
2016,11,6
2016,11,6
2016,11,6
2016,11,6
2016,11,6
2016,11,6
2016,11,6
2016,11,6
2016,11,6
2016,11,6
2016,11,6
2016,11,6
2016,11,6
2016,11,6
2016,11,6
2016,11,6
2016,11,6
2016,11,6
2016,11,6
2016,11,6
2016,11,6
2016,11,6
2016,11,6
2016,11,6
2016,11,6
2016,11,6
2016,11,6
2016,11,6
2016,11,6
2016,11,6
2016,11,6
2016,11,6
2016,11,6
2016,11,6
2016,11,6
2016,11,6
2016,11,6
2016,11,6
2016,11,6
2016,11,6
2016,11,6
2016,11,6
2016,11,6
2016,11,6
2016,11,6
2016,11,6
2016,11,6
2016,11,6
2016,11,6
2016,11,6
2016,11,6
2016,11,6
2016,11,6
2016,11,6
2016,11,6
2016,11,6
2016,11,6
2016,11,6
2016,11,6
2016,11,6
2016,11,6
2016,11,6
2016,11,6
2016,11,6
2016,11,6
2016,11,6
2016,11,6
2016,11,6
2016,11,6
2016,11,6
2016,11,6
2016,11,6
2016,11,6
2016,11,6
2016,11,6
2016,11,6
2016,11,6
2016,11,6
2016,11,6
2016,11,6
2016,11,6
2016,11,6
2016,11,6
2016,11,6
2016,11,6
2016,11,6
2016,11,6
2016,11,6
2016,11,6
2016,11,6
2016,11,6
2016,11,6
2016,11,6
2016,11,6
2016,11,6
2016,11,6
2016,11,6
2016,11,6
2016,11,6
2016,11,6
2016,11,6
2016,11,6
2016,11,6
2016,11,6
2016,11,6
2016,11,6
2016,11,6
2016,11,6
2016,11,6
2016,11,6
2016,11,6
2016,11,6
2016,11,6
2016,11,6
2016,11,6
2016,11,6
2016,11,6
2016,11,6
2016,11,6
2016,11,6
2016,11,6
2016,11,6
2016,11,6
2016,11,6
2016,11,6
2016,11,6
2016,11,6
2016,11,6
2016,11,6
2016,11,6
2016,11,6
2016,11,6
2016,11,6
2016,11,6
2016,11,6
2016,11,6
2016,11,6
2016,11,6
2016,11,6
2016,11,6
2016,11,6
2016,11,6
2016,11,6
2016,11,6
2016,11,6
2016,11,6
2016,11,6
2016,11,6
2016,11,6
2016,11,6
2016,11,6
2016,11,6
2016,11,6
2016,11,6
2016,11,6
2016,11,6
2016,11,6
2016,11,6
2016,11,6
2016,11,6
2016,11,6
2016,11,6
2016,11,6
2016,11,6
2016,11,6
2016,11,6
2016,11,6
2016,11,6
2016,11,6
2016,11,6
2016,11,6
2016,11,6
2016,11,6
2016,11,6
2016,11,6
2016,11,6
2016,11,6
2016,11,6
2016,11,6
2016,11,6
2016,11,6
2016,11,6
2016,11,6
2016,11,6
2016,11,6
2016,11,6
2016,11,6
2016,11,6
2016,11,6
2016,11,6
2016,11,6
2016,11,6
2016,11,6
2016,11,6
2016,11,6
2016,11,6
2016,11,6
2016,11,6
2016,11,6
2016,11,6
2016,11,6
2016,11,6
2016,11,6
2016,11,6
2016,11,6
2016,11,6
2016,11,6
2016,11,6
2016,11,6
2016,11,6
2016,11,6
2016,11,6
2016,11,6
2016,11,6
2016,11,6
2016,11,6
2016,11,6
2016,11,6
2016,11,6
2016,11,6
2016,11,6
2016,11,6
2016,11,6
2016,11,6
2016,11,6
2016,11,6
2016,11,6
2016,11,6
2016,11,6
2016,11,6
2016,11,6
2016,11,6
2016,11,6
2016,11,6
2016,11,6
2016,11,6
2016,11,6
2016,11,6
2016,11,6
2016,11,6
2016,11,6
2016,11,6
2016,11,6
2016,11,6
2016,11,6
2016,11,6
2016,11,6
2016,11,6
2016,11,6
2016,11,6
2016,11,6
2016,11,6
2016,11,6
2016,11,6
2016,11,6
2016,11,6
2016,11,6
2016,11,6
2016,11,6
2016,11,6
2016,11,6
2016,11,6
2016,11,6
2016,11,6
2016,11,6
2016,11,6
2016,11,6
2016,11,6
2016,11,6
2016,11,6
2016,11,6
2016,11,6
2016,11,6
2016,11,6
2016,11,6
2016,11,6
2016,11,6
2016,11,6
2016,11,6
2016,11,6
2016,11,6
2016,11,6
2016,11,6
2016,11,6
2016,11,6
2016,11,6
2016,11,6
2016,11,6
2016,11,6
2016,11,6
2016,11,6
2016,11,6
2016,11,6
2016,11,6
2016,11,6
2016,11,6
2016,11,6
2016,11,6
2016,11,6
2016,11,6
2016,11,6
2016,11,6
2016,11,6
2016,11,6
2016,11,6
2016,11,6
2016,11,6
2016,11,6
2016,11,6
2016,11,6
2016,11,6
2016,11,6
2016,11,6
2016,11,6
2016,11,6
2016,11,6
2016,11,6
2016,11,6
2016,11,6
2016,11,6
2016,11,6
2016,11,6
2016,11,6
2016,11,6
2016,11,6
2016,11,6
2016,11,6
2016,11,6
2016,11,6
2016,11,6
2016,11,6
2016,11,6
2016,11,6
2016,11,6
2016,11,6
2016,11,6
2016,11,6
2016,11,6
2016,11,6
2016,11,6
2016,11,6
2016,11,6
2016,11,6
2016,11,6
2016,11,6
2016,11,6
2016,11,6
2016,11,6
2016,11,6
2016,11,6
2016,11,6
2016,11,6
2016,11,6
2016,11,6
2016,11,6
2016,11,6
2016,11,6
2016,11,6
2016,11,6
2016,11,6
2016,11,6
2016,11,6
2016,11,6
2016,11,6
2016,11,6
2016,11,6
2016,11,6
2016,11,6
2016,11,6
2016,11,6
2016,11,6
2016,11,6
2016,11,6
2016,11,6
2016,11,6
2016,11,6
2016,11,6
2016,11,6
2016,11,6
2016,11,6
2016,11,6
2016,11,6
2016,11,6
2016,11,6
2016,11,6
2016,11,6
2016,11,6
2016,11,6
2016,11,6
2016,11,6
2016,11,6
2016,11,6
2016,11,6
2016,11,6
2016,11,6
2016,11,6
2016,11,6
2016,11,6
2016,11,6
2016,11,6
2016,11,6
2016,11,6
2016,11,6
2016,11,6
2016,11,6
2016,11,6
2016,11,6
2016,11,6
2016,11,6
2016,11,6
2016,11,6
2016,11,6
2016,11,6
2016,11,6
2016,11,6
2016,11,6
2016,11,6
2016,11,6
2016,11,6
2016,11,6
2016,11,6
2016,11,6
2016,11,6
2016,11,6
2016,11,6
2016,11,6
2016,11,6
2016,11,6
2016,11,6
2016,11,6
2016,11,6
2016,11,6
2016,11,6
2016,11,6
2016,11,6
2016,11,6
2016,11,6
2016,11,6
2016,11,6
2016,11,6
2016,11,6
2016,11,6
2016,11,6
2016,11,6
2016,11,6
2016,11,6
2016,11,6
2016,11,6
2016,11,6
2016,11,6
2016,11,6
2016,11,6
2016,11,6
2016,11,6
2016,11,6
2016,11,6
2016,11,6
2016,11,6
2016,11,6
2016,11,6
2016,11,6
2016,11,6
2016,11,6
2016,11,6
2016,11,6
2016,11,6
2016,11,6
2016,11,6
2016,11,6
2016,11,6
2016,11,6
2016,11,6
2016,11,6
2016,11,6
2016,11,6
2016,11,6
2016,11,6
2016,11,6
2016,11,6
2016,11,6
2016,11,6
2016,11,6
2016,11,6
2016,11,6
2016,11,6
2016,11,6
2016,11,6
2016,11,6
2016,11,6
2016,11,6
2016,11,6
2016,11,6
2016,11,6
2016,11,6
2016,11,6
2016,11,6
2016,11,6
2016,11,6
2016,11,6
2016,11,6
2016,11,6
2016,11,6
2016,11,6
2016,11,6
2016,11,6
2016,11,6
2016,11,6
2016,11,6
2016,11,6
2016,11,6
2016,11,6
2016,11,6
2016,11,6
2016,11,6
2016,11,6
2016,11,6
2016,11,6
2016,11,6
2016,11,6
2016,11,6
2016,11,6
2016,11,6
2016,11,6
2016,11,6
2016,11,6
2016,11,6
2016,11,6
2016,11,6
2016,11,6
2016,11,6
2016,11,6
2016,11,6
2016,11,6
2016,11,6
2016,11,6
2016,11,6
2016,11,6
2016,11,6
2016,11,6
2016,11,6
2016,11,6
2016,11,6
2016,11,6
2016,11,6
2016,11,6
2016,11,6
2016,11,6
2016,11,6
2016,11,6
2016,11,6
2016,11,6
2016,11,6
2016,11,6
2016,11,6
2016,11,6
2016,11,6
2016,11,6
2016,11,6
2016,11,6
2016,11,6
2016,11,6
2016,11,6
2016,11,6
2016,11,6
2016,11,6
2016,11,6
2016,11,6
2016,11,6
2016,11,6
2016,11,6
2016,11,6
2016,11,6
2016,11,6
2016,11,6
2016,11,6
2016,11,6
2016,11,6
2016,11,6
2016,11,6
2016,11,6
2016,11,6
2016,11,6
2016,11,6
2016,11,6
2016,11,6
2016,11,6
2016,11,6
2016,11,6
2016,11,6
2016,11,6
2016,11,6
2016,11,6
2016,11,6
2016,11,6
2016,11,6
2016,11,6
2016,11,6
2016,11,6
2016,11,6
2016,11,6
2016,11,6
2016,11,6
2016,11,6
2016,11,6
2016,11,6
2016,11,6
2016,11,6
2016,11,6
2016,11,6
2016,11,6
2016,11,6
2016,11,6
2016,11,6
2016,11,6
2016,11,6
2016,11,6
2016,11,6
2016,11,6
2016,11,6
2016,11,6
2016,11,6
2016,11,6
2016,11,6
2016,11,6
2016,11,6
2016,11,6
2016,11,6
2016,11,6
2016,11,6
2016,11,6
2016,11,6
2016,11,6
2016,11,6
2016,11,6
2016,11,6
2016,11,6
2016,11,6
2016,11,6
2016,11,6
2016,11,6
2016,11,6
2016,11,6
2016,11,6
2016,11,6
2016,11,6
2016,11,6
2016,11,6
2016,11,6
2016,11,6
2016,11,6
2016,11,6
2016,11,6
2016,11,6
2016,11,6
2016,11,6
2016,11,6
2016,11,6
2016,11,6
2016,11,6
2016,11,6
2016,11,6
2016,11,6
2016,11,6
2016,11,6
2016,11,6
2016,11,6
2016,11,6
2016,11,6
2016,11,6
2016,11,6
2016,11,6
2016,11,6
2016,11,6
2016,11,6
2016,11,6
2016,11,6
2016,11,6
2016,11,6
2016,11,6
2016,11,6
2016,11,6
2016,11,6
2016,11,6
2016,11,6
2016,11,6
2016,11,6
2016,11,6
2016,11,6
2016,11,6
2016,11,6
2016,11,6
2016,11,6
2016,11,6
2016,11,6
2016,11,6
2016,11,6
2016,11,6
2016,11,6
2016,11,6
2016,11,6
2016,11,6
2016,11,6
2016,11,6
2016,11,6
2016,11,6
2016,11,6
2016,11,6
2016,11,6
2016,11,6
2016,11,6
2016,11,6
2016,11,6
2016,11,6
2016,11,6
2016,11,6
2016,11,6
2016,11,6
2016,11,6
2016,11,6
2016,11,6
2016,11,6
2016,11,6
2016,11,6
2016,11,6
2016,11,6
2016,11,6
2016,11,6
2016,11,6
2016,11,6
2016,11,6
2016,11,6
2016,11,6
2016,11,6
2016,11,6
2016,11,6
2016,11,6
2016,11,6
2016,11,6
2016,11,6
2016,11,6
2016,11,6
2016,11,6
2016,11,6
2016,11,6
2016,11,6
2016,11,6
2016,11,6
2016,11,6
2016,11,6
2016,11,6
2016,11,6
2016,11,6
2016,11,6
2016,11,6
2016,11,6
2016,11,6
2016,11,6
2016,11,6
2016,11,6
2016,11,6
2016,11,6
2016,11,6
2016,11,6
2016,11,6
2016,11,6
2016,11,6
2016,11,6
2016,11,6
2016,11,6
2016,11,6
2016,11,6
2016,11,6
2016,11,6
2016,11,6
2016,11,6
2016,11,6
2016,11,6
2016,11,6
2016,11,6
2016,11,6
2016,11,6
2016,11,6
2016,11,6
2016,11,6
2016,11,6
2016,11,6
2016,11,6
2016,11,6
2016,11,6
2016,11,6
2016,11,6
2016,11,6
2016,11,6
2016,11,6
2016,11,6
2016,11,6
2016,11,6
2016,11,6
2016,11,6
2016,11,6
2016,11,6
2016,11,6
2016,11,6
2016,11,6
2016,11,6
2016,11,6
2016,11,6
2016,11,6
2016,11,6
2016,11,6
2016,11,6
2016,11,6
2016,11,6
2016,11,6
2016,11,6
2016,11,6
2016,11,6
2016,11,6
2016,11,6
2016,11,6
2016,11,6
2016,11,6
2016,11,6
2016,11,6
2016,11,6
2016,11,6
2016,11,6
2016,11,6
2016,11,6
2016,11,6
2016,11,6
2016,11,6
2016,11,6
2016,11,6
2016,11,6
2016,11,6
2016,11,6
2016,11,6
2016,11,6
2016,11,6
2016,11,6
2016,11,6
2016,11,6
2016,11,6
2016,11,6
2016,11,6
2016,11,6
2016,11,6
2016,11,6
2016,11,6
2016,11,6
2016,11,6
2016,11,6
2016,11,6
2016,11,6
2016,11,6
2016,11,6
2016,11,6
2016,11,6
2016,11,6
2016,11,6
2016,11,6
2016,11,6
2016,11,6
2016,11,6
2016,11,6
2016,11,6
2016,11,6
2016,11,6
2016,11,6
2016,11,6
2016,11,6
2016,11,6
2016,11,6
2016,11,6
2016,11,6
2016,11,6
2016,11,6
2016,11,6
2016,11,6
2016,11,6
2016,11,6
2016,11,6
2016,11,6
2016,11,6
2016,11,6
2016,11,6
2016,11,6
2016,11,6
2016,11,6
2016,11,6
2016,11,6
2016,11,6
2016,11,6
2016,11,6
2016,11,6
2016,11,6
2016,11,6
2016,11,6
2016,11,6
2016,11,6
2016,11,6
2016,11,6
2016,11,6
2016,11,6
2016,11,6
2016,11,6
2016,11,6
2016,11,6
2016,11,6
2016,11,6
2016,11,6
2016,11,6
2016,11,6
2016,11,6
2016,11,6
2016,11,6
2016,11,6
2016,11,6
2016,11,6
2016,11,6
2016,11,6
2016,11,6
2016,11,6
2016,11,6
2016,11,6
2016,11,6
2016,11,6
2016,11,6
2016,11,6
2016,11,6
2016,11,6
2016,11,6
2016,11,6
2016,11,6
2016,11,6
2016,11,6
2016,11,6
2016,11,6
2016,11,6
2016,11,6
2016,11,6
2016,11,6
2016,11,6
2016,11,6
2016,11,6
2016,11,6
2016,11,6
2016,11,6
2016,11,6
2016,11,6
2016,11,6
2016,11,6
2016,11,6
2016,11,6
2016,11,6
2016,11,6
2016,11,6
2016,11,6
2016,11,6
2016,11,6
2016,11,6
2016,11,6
2016,11,6
2016,11,6
2016,11,6
2016,11,6
2016,11,6
2016,11,6
2016,11,6
2016,11,6
2016,11,6
2016,11,6
2016,11,6
2016,11,6
2016,11,6
2016,11,6
2016,11,6
2016,11,6
2016,11,6
2016,11,6
2016,11,6
2016,11,6
2016,11,6
2016,11,6
2016,11,6
2016,11,6
2016,11,6
2016,11,6
2016,11,6
2016,11,6
2016,11,6
2016,11,6
2016,11,6
2016,11,6
2016,11,6
2016,11,6
2016,11,6
2016,11,6
2016,11,6
2016,11,6
2016,11,6
2016,11,6
2016,11,6
2016,11,6
2016,11,6
2016,11,6
2016,11,6
2016,11,6
2016,11,6
2016,11,6
2016,11,6
2016,11,6
2016,11,6
2016,11,6
2016,11,6
2016,11,6
2016,11,6
2016,11,6
2016,11,6
2016,11,6
2016,11,6
2016,11,6
2016,11,6
2016,11,6
2016,11,6
2016,11,6
2016,11,6
2016,11,6
2016,11,6
2016,11,6
2016,11,6
2016,11,6
2016,11,6
2016,11,6
2016,11,6
2016,11,6
2016,11,6
2016,11,6
2016,11,6
2016,11,6
2016,11,6
2016,11,6
2016,11,6
2016,11,6
2016,11,6
2016,11,6
2016,11,6
2016,11,6
2016,11,6
2016,11,6
2016,11,6
2016,11,6
2016,11,6
2016,11,6
2016,11,6
2016,11,6
2016,11,6
2016,11,6
2016,11,6
2016,11,6
2016,11,6
2016,11,6
2016,11,6
2016,11,6
2016,11,6
2016,11,6
2016,11,6
2016,11,6
2016,11,6
2016,11,6
2016,11,6
2016,11,6
2016,11,6
2016,11,6
2016,11,6
2016,11,6
2016,11,6
2016,11,6
2016,11,6
2016,11,6
2016,11,6
2016,11,6
2016,11,6
2016,11,6
2016,11,6
2016,11,6
2016,11,6
2016,11,6
2016,11,6
2016,11,6
2016,11,6
2016,11,6
2016,11,6
2016,11,6
2016,11,6
2016,11,6
2016,11,6
2016,11,6
2016,11,6
2016,11,6
2016,11,6
2016,11,6
2016,11,6
2016,11,6
2016,11,6
2016,11,6
2016,11,6
2016,11,6
2016,11,6
2016,11,6
2016,11,6
2016,11,6
2016,11,6
2016,11,6
2016,11,6
2016,11,6
2016,11,6
2016,11,6
2016,11,6
2016,11,6
2016,11,6
2016,11,6
2016,11,6
2016,11,6
2016,11,6
2016,11,6
2016,11,6
2016,11,6
2016,11,6
2016,11,6
2016,11,6
2016,11,6
2016,11,6
2016,11,6
2016,11,6
2016,11,6
2016,11,6
2016,11,6
2016,11,6
2016,11,6
2016,11,6
2016,11,6
2016,11,6
2016,11,6
2016,11,6
2016,11,6
2016,11,6
2016,11,6
2016,11,6
2016,11,6
2016,11,6
2016,11,6
2016,11,6
2016,11,6
2016,11,6
2016,11,6
2016,11,6
2016,11,6
2016,11,6
2016,11,6
2016,11,6
2016,11,6
2016,11,6
2016,11,6
2016,11,6
2016,11,6
2016,11,6
2016,11,6
2016,11,6
2016,11,6
2016,11,6
2016,11,6
2016,11,6
2016,11,6
2016,11,6
2016,11,6
2016,11,6
2016,11,6
2016,11,6
2016,11,6
2016,11,6
2016,11,6
2016,11,6
2016,11,6
2016,11,6
2016,11,6
2016,11,6
2016,11,6
2016,11,6
2016,11,6
2016,11,6
2016,11,6
2016,11,6
2016,11,6
2016,11,6
2016,11,6
2016,11,6
2016,11,6
2016,11,6
2016,11,6
2016,11,6
2016,11,6
2016,11,6
2016,11,6
2016,11,6
2016,11,6
2016,11,6
2016,11,6
2016,11,6
2016,11,6
2016,11,6
2016,11,6
2016,11,6
2016,11,6
2016,11,6
2016,11,6
2016,11,6
2016,11,6
2016,11,6
2016,11,6
2016,11,6
2016,11,6
2016,11,6
2016,11,6
2016,11,6
2016,11,6
2016,11,6
2016,11,6
2016,11,6
2016,11,6
2016,11,6
2016,11,6
2016,11,6
2016,11,6
2016,11,6
2016,11,6
2016,11,6
2016,11,6
2016,11,6
2016,11,6
2016,11,6
2016,11,6
2016,11,6
2016,11,6
2016,11,6
2016,11,6
2016,11,6
2016,11,6
2016,11,6
2016,11,6
2016,11,6
2016,11,6
2016,11,6
2016,11,6
2016,11,6
2016,11,6
2016,11,6
2016,11,6
2016,11,6
2016,11,6
2016,11,6
2016,11,6
2016,11,6
2016,11,6
2016,11,6
2016,11,6
2016,11,6
2016,11,6
2016,11,6
2016,11,6
2016,11,6
2016,11,6
2016,11,6
2016,11,6
2016,11,6
2016,11,6
2016,11,6
2016,11,6
2016,11,6
2016,11,6
2016,11,6
2016,11,6
2016,11,6
2016,11,6
2016,11,6
2016,11,6
2016,11,6
2016,11,6
2016,11,6
2016,11,6
2016,11,6
2016,11,6
2016,11,6
2016,11,6
2016,11,6
2016,11,6
2016,11,6
2016,11,6
2016,11,6
2016,11,6
2016,11,6
2016,11,6
2016,11,6
2016,11,6
2016,11,6
2016,11,6
2016,11,6
2016,11,6
2016,11,6
2016,11,6
2016,11,6
2016,11,6
2016,11,6
2016,11,6
2016,11,6
2016,11,6
2016,11,6
2016,11,6
2016,11,6
2016,11,6
2016,11,6
2016,11,6
2016,11,6
2016,11,6
2016,11,6
2016,11,6
2016,11,6
2016,11,6
2016,11,6
2016,11,6
2016,11,6
2016,11,6
2016,11,6
2016,11,6
2016,11,6
2016,11,6
2016,11,6
2016,11,6
2016,11,6
2016,11,6
2016,11,6
2016,11,6
2016,11,6
2016,11,6
2016,11,6
2016,11,6
2016,11,6
2016,11,6
2016,11,6
2016,11,6
2016,11,6
2016,11,6
2016,11,6
2016,11,6
2016,11,6
2016,11,6
2016,11,6
2016,11,6
2016,11,6
2016,11,6
2016,11,6
2016,11,6
2016,11,6
2016,11,6
2016,11,6
2016,11,6
2016,11,6
2016,11,6
2016,11,6
2016,11,6
2016,11,6
2016,11,6
2016,11,6
2016,11,6
2016,11,6
2016,11,6
2016,11,6
2016,11,6
2016,11,6
2016,11,6
2016,11,6
2016,11,6
2016,11,6
2016,11,6
2016,11,6
2016,11,6
2016,11,6
2016,11,6
2016,11,6
2016,11,6
2016,11,6
2016,11,6
2016,11,6
2016,11,6
2016,11,6
2016,11,6
2016,11,6
2016,11,6
2016,11,6
2016,11,6
2016,11,6
2016,11,6
2016,11,6
2016,11,6
2016,11,6
2016,11,6
2016,11,6
2016,11,6
2016,11,6
2016,11,6
2016,11,6
2016,11,6
2016,11,6
2016,11,6
2016,11,6
2016,11,6
2016,11,6
2016,11,6
2016,11,6
2016,11,6
2016,11,6
2016,11,6
2016,11,6
2016,11,6
2016,11,6
2016,11,6
2016,11,6
2016,11,6
2016,11,6
2016,11,6
2016,11,6
2016,11,6
2016,11,6
2016,11,6
2016,11,6
2016,11,6
2016,11,6
2016,11,6
2016,11,6
2016,11,6
2016,11,6
2016,11,6
2016,11,6
2016,11,6
2016,11,6
2016,11,6
2016,11,6
2016,11,6
2016,11,6
2016,11,6
2016,11,6
2016,11,6
2016,11,6
2016,11,6
2016,11,6
2016,11,6
2016,11,6
2016,11,6
2016,11,6
2016,11,6
2016,11,6
2016,11,6
2016,11,6
2016,11,6
2016,11,6
2016,11,6
2016,11,6
2016,11,6
2016,11,6
2016,11,6
2016,11,6
2016,11,6
2016,11,6
2016,11,6
2016,11,6
2016,11,6
2016,11,6
2016,11,6
2016,11,6
2016,11,6
2016,11,6
2016,11,6
2016,11,6
2016,11,6
2016,11,6
2016,11,6
2016,11,6
2016,11,6
2016,11,6
2016,11,6
2016,11,6
2016,11,6
2016,11,6
2016,11,6
2016,11,6
2016,11,6
2016,11,6
2016,11,6
2016,11,6
2016,11,6
2016,11,6
2016,11,6
2016,11,6
2016,11,6
2016,11,6
2016,11,6
2016,11,6
2016,11,6
2016,11,6
2016,11,6
2016,11,6
2016,11,6
2016,11,6
2016,11,6
2016,11,6
2016,11,6
2016,11,6
2016,11,6
2016,11,6
2016,11,6
2016,11,6
2016,11,6
2016,11,6
2016,11,6
2016,11,6
2016,11,6
2016,11,6
2016,11,6
2016,11,6
2016,11,6
2016,11,6
2016,11,6
2016,11,6
2016,11,6
2016,11,6
2016,11,6
2016,11,6
2016,11,6
2016,11,6
2016,11,6
2016,11,6
2016,11,6
2016,11,6
2016,11,6
2016,11,6
2016,11,6
2016,11,6
2016,11,6
2016,11,6
2016,11,6
2016,11,6
2016,11,6
2016,11,6
2016,11,6
2016,11,6
2016,11,6
2016,11,6
2016,11,6
2016,11,6
2016,11,6
2016,11,6
2016,11,6
2016,11,6
2016,11,6
2016,11,6
2016,11,6
2016,11,6
2016,11,6
2016,11,6
2016,11,6
2016,11,6
2016,11,6
2016,11,6
2016,11,6
2016,11,6
2016,11,6
2016,11,6
2016,11,6
2016,11,6
2016,11,6
2016,11,6
2016,11,6
2016,11,6
2016,11,6
2016,11,6
2016,11,6
2016,11,6
2016,11,6
2016,11,6
2016,11,6
2016,11,6
2016,11,6
2016,11,6
2016,11,6
2016,11,6
2016,11,6
2016,11,6
2016,11,6
2016,11,6
2016,11,6
2016,11,6
2016,11,6
2016,11,6
2016,11,6
2016,11,6
2016,11,6
2016,11,6
2016,11,6
2016,11,6
2016,11,6
2016,11,6
2016,11,6
2016,11,6
2016,11,6
2016,11,6
2016,11,6
2016,11,6
2016,11,6
2016,11,6
2016,11,6
2016,11,6
2016,11,6
2016,11,6
2016,11,6
2016,11,6
2016,11,6
2016,11,6
2016,11,6
2016,11,6
2016,11,6
2016,11,6
2016,11,6
2016,11,6
2016,11,6
2016,11,6
2016,11,6
2016,11,6
2016,11,6
2016,11,6
2016,11,6
2016,11,6
2016,11,6
2016,11,6
2016,11,6
2016,11,6
2016,11,6
2016,11,6
2016,11,6
2016,11,6
2016,11,6
2016,11,6
2016,11,6
2016,11,6
2016,11,6
2016,11,6
2016,11,6
2016,11,6
2016,11,6
2016,11,6
2016,11,6
2016,11,6
2016,11,6
2016,11,6
2016,11,6
2016,11,6
2016,11,6
2016,11,6
2016,11,6
2016,11,6
2016,11,6
2016,11,6
2016,11,6
2016,11,6
2016,11,6
2016,11,6
2016,11,6
2016,11,6
2016,11,6
2016,11,6
2016,11,6
2016,11,6
2016,11,6
2016,11,6
2016,11,6
2016,11,6
2016,11,6
2016,11,6
2016,11,6
2016,11,6
2016,11,6
2016,11,6
2016,11,6
2016,11,6
2016,11,6
2016,11,6
2016,11,6
2016,11,6
2016,11,6
2016,11,6
2016,11,6
2016,11,6
2016,11,6
2016,11,6
2016,11,6
2016,11,6
2016,11,6
2016,11,6
2016,11,6
2016,11,6
2016,11,6
2016,11,6
2016,11,6
2016,11,6
2016,11,6
2016,11,6
2016,11,6
2016,11,6
2016,11,6
2016,11,6
2016,11,6
2016,11,6
2016,11,6
2016,11,6
2016,11,6
2016,11,6
2016,11,6
2016,11,6
2016,11,6
2016,11,6
2016,11,6
2016,11,6
2016,11,6
2016,11,6
2016,11,6
2016,11,6
2016,11,6
2016,11,6
2016,11,6
2016,11,6
2016,11,6
2016,11,6
2016,11,6
2016,11,6
2016,11,6
2016,11,6
2016,11,6
2016,11,6
2016,11,6
2016,11,6
2016,11,6
2016,11,6
2016,11,6
2016,11,6
2016,11,6
2016,11,6
2016,11,6
2016,11,6
2016,11,6
2016,11,6
2016,11,6
2016,11,6
2016,11,6
2016,11,6
2016,11,6
2016,11,6
2016,11,6
2016,11,6
2016,11,6
2016,11,6
2016,11,6
2016,11,6
2016,11,6
2016,11,6
2016,11,6
2016,11,6
2016,11,6
2016,11,6
2016,11,6
2016,11,6
2016,11,6
2016,11,6
2016,11,6
2016,11,6
2016,11,6
2016,11,6
2016,11,6
2016,11,6
2016,11,6
2016,11,6
2016,11,6
2016,11,6
2016,11,6
2016,11,6
2016,11,6
2016,11,6
2016,11,6
2016,11,6
2016,11,6
2016,11,6
2016,11,6
2016,11,6
2016,11,6
2016,11,6
2016,11,6
2016,11,6
2016,11,6
2016,11,6
2016,11,6
2016,11,6
2016,11,6
2016,11,6
2016,11,6
2016,11,6
2016,11,6
2016,11,6
2016,11,6
2016,11,6
2016,11,6
2016,11,6
2016,11,6
2016,11,6
2016,11,6
2016,11,6
2016,11,6
2016,11,6
2016,11,6
2016,11,6
2016,11,6
2016,11,6
2016,11,6
2016,11,6
2016,11,6
2016,11,6
2016,11,6
2016,11,6
2016,11,6
2016,11,6
2016,11,6
2016,11,6
2016,11,6
2016,11,6
2016,11,6
2016,11,6
2016,11,6
2016,11,6
2016,11,6
2016,11,6
2016,11,6
2016,11,6
2016,11,6
2016,11,6
2016,11,6
2016,11,6
2016,11,6
2016,11,6
2016,11,6
2016,11,6
2016,11,6
2016,11,6
2016,11,6
2016,11,6
2016,11,6
2016,11,6
2016,11,6
2016,11,6
2016,11,6
2016,11,6
2016,11,6
2016,11,6
2016,11,6
2016,11,6
2016,11,6
2016,11,6
2016,11,6
2016,11,6
2016,11,6
2016,11,6
2016,11,6
2016,11,6
2016,11,6
2016,11,6
2016,11,6
2016,11,6
2016,11,6
2016,11,6
2016,11,6
2016,11,6
2016,11,6
2016,11,6
2016,11,6
2016,11,6
2016,11,6
2016,11,6
2016,11,6
2016,11,6
2016,11,6
2016,11,6
2016,11,6
2016,11,6
2016,11,6
2016,11,6
2016,11,6
2016,11,6
2016,11,6
2016,11,6
2016,11,6
2016,11,6
2016,11,6
2016,11,6
2016,11,6
2016,11,6
2016,11,6
2016,11,6
2016,11,6
2016,11,6
2016,11,6
2016,11,6
2016,11,6
2016,11,6
2016,11,6
2016,11,6
2016,11,6
2016,11,6
2016,11,6
2016,11,6
2016,11,6
2016,11,6
2016,11,6
2016,11,6
2016,11,6
2016,11,6
2016,11,6
2016,11,6
2016,11,6
2016,11,6
2016,11,6
2016,11,6
2016,11,6
2016,11,6
2016,11,6
2016,11,6
2016,11,6
2016,11,6
2016,11,6
2016,11,6
2016,11,6
2016,11,6
2016,11,6
2016,11,6
2016,11,6
2016,11,6
2016,11,6
2016,11,6
2016,11,6
2016,11,6
2016,11,6
2016,11,6
2016,11,6
2016,11,6
2016,11,6
2016,11,6
2016,11,6
2016,11,6
2016,11,6
2016,11,6
2016,11,6
2016,11,6
2016,11,6
2016,11,6
2016,11,6
2016,11,6
2016,11,6
2016,11,6
2016,11,6
2016,11,6
2016,11,6
2016,11,6
2016,11,6
2016,11,6
2016,11,6
2016,11,6
2016,11,6
2016,11,6
2016,11,6
2016,11,6
2016,11,6
2016,11,6
2016,11,6
2016,11,6
2016,11,6
2016,11,6
2016,11,6
2016,11,6
2016,11,6
2016,11,6
2016,11,6
2016,11,6
2016,11,6
2016,11,6
2016,11,6
2016,11,6
2016,11,6
2016,11,6
2016,11,6
2016,11,6
2016,11,6
2016,11,6
2016,11,6
2016,11,6
2016,11,6
2016,11,6
2016,11,6
2016,11,6
2016,11,6
2016,11,6
2016,11,6
2016,11,6
2016,11,6
2016,11,6
2016,11,6
2016,11,6
2016,11,6
2016,11,6
2016,11,6
2016,11,6
2016,11,6
2016,11,6
2016,11,6
2016,11,6
2016,11,6
2016,11,6
2016,11,6
2016,11,6
2016,11,6
2016,11,6
2016,11,6
2016,11,6
2016,11,6
2016,11,6
2016,11,6
2016,11,6
2016,11,6
2016,11,6
2016,11,6
2016,11,6
2016,11,6
2016,11,6
2016,11,6
2016,11,6
2016,11,6
2016,11,6
2016,11,6
2016,11,6
2016,11,6
2016,11,6
2016,11,6
2016,11,6
2016,11,6
2016,11,6
2016,11,6
2016,11,6
2016,11,6
2016,11,6
2016,11,6
2016,11,6
2016,11,6
2016,11,6
2016,11,6
2016,11,6
2016,11,6
2016,11,6
2016,11,6
2016,11,6
2016,11,6
2016,11,6
2016,11,6
2016,11,6
2016,11,6
2016,11,6
2016,11,6
2016,11,6
2016,11,6
2016,11,6
2016,11,6
2016,11,6
2016,11,6
2016,11,6
2016,11,6
2016,11,6
2016,11,6
2016,11,6
2016,11,6
2016,11,6
2016,11,6
2016,11,6
2016,11,6
2016,11,6
2016,11,6
2016,11,6
2016,11,6
2016,11,6
2016,11,6
2016,11,6
2016,11,6
2016,11,6
2016,11,6
2016,11,6
2016,11,6
2016,11,6
2016,11,6
2016,11,6
2016,11,6
2016,11,6
2016,11,6
2016,11,6
2016,11,6
2016,11,6
2016,11,6
2016,11,6
2016,11,6
2016,11,6
2016,11,6
2016,11,6
2016,11,6
2016,11,6
2016,11,6
2016,11,6
2016,11,6
2016,11,6
2016,11,6
2016,11,6
2016,11,6
2016,11,6
2016,11,6
2016,11,6
2016,11,6
2016,11,6
2016,11,6
2016,11,6
2016,11,6
2016,11,6
2016,11,6
2016,11,6
2016,11,6
2016,11,6
2016,11,6
2016,11,6
2016,11,6
2016,11,6
2016,11,6
2016,11,6
2016,11,6
2016,11,6
2016,11,6
2016,11,6
2016,11,6
2016,11,6
2016,11,6
2016,11,6
2016,11,6
2016,11,6
2016,11,6
2016,11,6
2016,11,6
2016,11,6
2016,11,6
2016,11,6
2016,11,6
2016,11,6
2016,11,6
2016,11,6
2016,11,6
2016,11,6
2016,11,6
2016,11,6
2016,11,6
2016,11,6
2016,11,6
2016,11,6
2016,11,6
2016,11,6
2016,11,6
2016,11,6
2016,11,6
2016,11,6
2016,11,6
2016,11,6
2016,11,6
2016,11,6
2016,11,6
2016,11,6
2016,11,6
2016,11,6
2016,11,6
2016,11,6
2016,11,6
2016,11,6
2016,11,6
2016,11,6
2016,11,6
2016,11,6
2016,11,6
2016,11,6
2016,11,6
2016,11,6
2016,11,6
2016,11,6
2016,11,6
2016,11,6
2016,11,6
2016,11,6
2016,11,6
2016,11,6
2016,11,6
2016,11,6
2016,11,6
2016,11,6
2016,11,6
2016,11,6
2016,11,6
2016,11,6
2016,11,6
2016,11,6
2016,11,6
2016,11,6
2016,11,6
2016,11,6
2016,11,6
2016,11,6
2016,11,6
2016,11,6
2016,11,6
2016,11,6
2016,11,6
2016,11,6
2016,11,6
2016,11,6
2016,11,6
2016,11,6
2016,11,6
2016,11,6
2016,11,6
2016,11,6
2016,11,6
2016,11,6
2016,11,6
2016,11,6
2016,11,6
2016,11,6
2016,11,6
2016,11,6
2016,11,6
2016,11,6
2016,11,6
2016,11,6
2016,11,6
2016,11,6
2016,11,6
2016,11,6
2016,11,6
2016,11,6
2016,11,6
2016,11,6
2016,11,6
2016,11,6
2016,11,6
2016,11,6
2016,11,6
2016,11,6
2016,11,6
2016,11,6
2016,11,6
2016,11,6
2016,11,6
2016,11,6
2016,11,6
2016,11,6
2016,11,6
2016,11,6
2016,11,6
2016,11,6
2016,11,6
2016,11,6
2016,11,6
2016,11,6
2016,11,6
2016,11,6
2016,11,6
2016,11,6
2016,11,6
2016,11,6
2016,11,6
2016,11,6
2016,11,6
2016,11,6
2016,11,6
2016,11,6
2016,11,6
2016,11,6
2016,11,6
2016,11,6
2016,11,6
2016,11,6
2016,11,6
2016,11,6
2016,11,6
2016,11,6
2016,11,6
2016,11,6
2016,11,6
2016,11,6
2016,11,6
2016,11,6
2016,11,6
2016,11,6
2016,11,6
2016,11,6
2016,11,6
2016,11,6
2016,11,6
2016,11,6
2016,11,6
2016,11,6
2016,11,6
2016,11,6
2016,11,6
2016,11,6
2016,11,6
2016,11,6
2016,11,6
2016,11,6
2016,11,6
2016,11,6
2016,11,6
2016,11,6
2016,11,6
2016,11,6
2016,11,6
2016,11,6
2016,11,6
2016,11,6
2016,11,6
2016,11,6
2016,11,6
2016,11,6
2016,11,6
2016,11,6
2016,11,6
2016,11,6
2016,11,6
2016,11,6
2016,11,6
2016,11,6
2016,11,6
2016,11,6
2016,11,6
2016,11,6
2016,11,6
2016,11,6
2016,11,6
2016,11,6
2016,11,6
2016,11,6
2016,11,6
2016,11,6
2016,11,6
2016,11,6
2016,11,6
2016,11,6
2016,11,6
2016,11,6
2016,11,6
2016,11,6
2016,11,6
2016,11,6
2016,11,6
2016,11,6
2016,11,6
2016,11,6
2016,11,6
2016,11,6
2016,11,6
2016,11,6
2016,11,6
2016,11,6
2016,11,6
2016,11,6
2016,11,6
2016,11,6
2016,11,6
2016,11,6
2016,11,6
2016,11,6
2016,11,6
2016,11,6
2016,11,6
2016,11,6
2016,11,6
2016,11,6
2016,11,6
2016,11,6
2016,11,6
2016,11,6
2016,11,6
2016,11,6
2016,11,6
2016,11,6
2016,11,6
2016,11,6
2016,11,6
2016,11,6
2016,11,6
2016,11,6
2016,11,6
2016,11,6
2016,11,6
2016,11,6
2016,11,6
2016,11,6
2016,11,6
2016,11,6
2016,11,6
2016,11,6
2016,11,6
2016,11,6
2016,11,6
2016,11,6
2016,11,6
2016,11,6
2016,11,6
2016,11,6
2016,11,6
2016,11,6
2016,11,6
2016,11,6
2016,11,6
2016,11,6
2016,11,6
2016,11,6
2016,11,6
2016,11,6
2016,11,6
2016,11,6
2016,11,6
2016,11,6
2016,11,6
2016,11,6
2016,11,6
2016,11,6
2016,11,6
2016,11,6
2016,11,6
2016,11,6
2016,11,6
2016,11,6
2016,11,6
2016,11,6
2016,11,6
2016,11,6
2016,11,6
2016,11,6
2016,11,6
2016,11,6
2016,11,6
2016,11,6
2016,11,6
2016,11,6
2016,11,6
2016,11,6
2016,11,6
2016,11,6
2016,11,6
2016,11,6
2016,11,6
2016,11,6
2016,11,6
2016,11,6
2016,11,6
2016,11,6
2016,11,6
2016,11,6
2016,11,6
2016,11,6
2016,11,6
2016,11,6
2016,11,6
2016,11,6
2016,11,6
2016,11,6
2016,11,6
2016,11,6
2016,11,6
2016,11,6
2016,11,6
2016,11,6
2016,11,6
2016,11,6
2016,11,6
2016,11,6
2016,11,6
2016,11,6
2016,11,6
2016,11,6
2016,11,6
2016,11,6
2016,11,6
2016,11,6
2016,11,6
2016,11,6
2016,11,6
2016,11,6
2016,11,6
2016,11,6
2016,11,6
2016,11,6
2016,11,6
2016,11,6
2016,11,6
2016,11,6
2016,11,6
2016,11,6
2016,11,6
2016,11,6
2016,11,6
2016,11,6
2016,11,6
2016,11,6
2016,11,6
2016,11,6
2016,11,6
2016,11,6
2016,11,6
2016,11,6
2016,11,6
2016,11,6
2016,11,6
2016,11,6
2016,11,6
2016,11,6
2016,11,6
2016,11,6
2016,11,6
2016,11,6
2016,11,6
2016,11,6
2016,11,6
2016,11,6
2016,11,6
2016,11,6
2016,11,6
2016,11,6
2016,11,6
2016,11,6
2016,11,6
2016,11,6
2016,11,6
2016,11,6
2016,11,6
2016,11,6
2016,11,6
2016,11,6
2016,11,6
2016,11,6
2016,11,6
2016,11,6
2016,11,6
2016,11,6
2016,11,6
2016,11,6
2016,11,6
2016,11,6
2016,11,6
2016,11,6
2016,11,6
2016,11,6
2016,11,6
2016,11,6
2016,11,6
2016,11,6
2016,11,6
2016,11,6
2016,11,6
2016,11,6
2016,11,6
2016,11,6
2016,11,6
2016,11,6
2016,11,6
2016,11,6
2016,11,6
2016,11,6
2016,11,6
2016,11,6
2016,11,6
2016,11,6
2016,11,6
2016,11,6
2016,11,6
2016,11,6
2016,11,6
2016,11,6
2016,11,6
2016,11,6
2016,11,6
2016,11,6
2016,11,6
2016,11,6
2016,11,6
2016,11,6
2016,11,6
2016,11,6
2016,11,6
2016,11,6
2016,11,6
2016,11,6
2016,11,6
2016,11,6
2016,11,6
2016,11,6
2016,11,6
2016,11,6
2016,11,6
2016,11,6
2016,11,6
2016,11,6
2016,11,6
2016,11,6
2016,11,6
2016,11,6
2016,11,6
2016,11,6
2016,11,6
2016,11,6
2016,11,6
2016,11,6
2016,11,6
2016,11,6
2016,11,6
2016,11,6
2016,11,6
2016,11,6
2016,11,6
2016,11,6
2016,11,6
2016,11,6
2016,11,6
2016,11,6
2016,11,6
2016,11,6
2016,11,6
2016,11,6
2016,11,6
2016,11,6
2016,11,6
2016,11,6
2016,11,6
2016,11,6
2016,11,6
2016,11,6
2016,11,6
2016,11,6
2016,11,6
2016,11,6
2016,11,6
2016,11,6
2016,11,6
2016,11,6
2016,11,6
2016,11,6
2016,11,6
2016,11,6
2016,11,6
2016,11,6
2016,11,6
2016,11,6
2016,11,6
2016,11,6
2016,11,6
2016,11,6
2016,11,6
2016,11,6
2016,11,6
2016,11,6
2016,11,6
2016,11,6
2016,11,6
2016,11,6
2016,11,6
2016,11,6
2016,11,6
2016,11,6
2016,11,6
2016,11,6
2016,11,6
2016,11,6
2016,11,6
2016,11,6
2016,11,6
2016,11,6
2016,11,6
2016,11,6
2016,11,6
2016,11,6
2016,11,6
2016,11,6
2016,11,6
2016,11,6
2016,11,6
2016,11,6
2016,11,6
2016,11,6
2016,11,6
2016,11,6
2016,11,6
2016,11,6
2016,11,6
2016,11,6
2016,11,6
2016,11,6
2016,11,6
2016,11,6
2016,11,6
2016,11,6
2016,11,6
2016,11,6
2016,11,6
2016,11,6
2016,11,6
2016,11,6
2016,11,6
2016,11,6
2016,11,6
2016,11,6
2016,11,6
2016,11,6
2016,11,6
2016,11,6
2016,11,6
2016,11,6
2016,11,6
2016,11,6
2016,11,6
2016,11,6
2016,11,6
2016,11,6
2016,11,6
2016,11,6
2016,11,6
2016,11,6
2016,11,6
2016,11,6
2016,11,6
2016,11,6
2016,11,6
2016,11,6
2016,11,6
2016,11,6
2016,11,6
2016,11,6
2016,11,6
2016,11,6
2016,11,6
2016,11,6
2016,11,6
2016,11,6
2016,11,6
2016,11,6
2016,11,6
2016,11,6
2016,11,6
2016,11,6
2016,11,6
2016,11,6
2016,11,6
2016,11,6
2016,11,6
2016,11,6
2016,11,6
2016,11,6
2016,11,6
2016,11,6
2016,11,6
2016,11,6
2016,11,6
2016,11,6
2016,11,6
2016,11,6
2016,11,6
2016,11,6
2016,11,6
2016,11,6
2016,11,6
2016,11,6
2016,11,6
2016,11,6
2016,11,6
2016,11,6
2016,11,6
2016,11,6
2016,11,6
2016,11,6
2016,11,6
2016,11,6
2016,11,6
2016,11,6
2016,11,6
2016,11,6
2016,11,6
2016,11,6
2016,11,6
2016,11,6
2016,11,6
2016,11,6
2016,11,6
2016,11,6
2016,11,6
2016,11,6
2016,11,6
2016,11,6
2016,11,6
2016,11,6
2016,11,6
2016,11,6
2016,11,6
2016,11,6
2016,11,6
2016,11,6
2016,11,6
2016,11,6
2016,11,6
2016,11,6
2016,11,6
2016,11,6
2016,11,6
2016,11,6
2016,11,6
2016,11,6
2016,11,6
2016,11,6
2016,11,6
2016,11,6
2016,11,6
2016,11,6
2016,11,6
2016,11,6
2016,11,6
2016,11,6
2016,11,6
2016,11,6
2016,11,6
2016,11,6
2016,11,6
2016,11,6
2016,11,6
2016,11,6
2016,11,6
2016,11,6
2016,11,6
2016,11,6
2016,11,6
2016,11,6
2016,11,6
2016,11,6
2016,11,6
2016,11,6
2016,11,6
2016,11,6
2016,11,6
2016,11,6
2016,11,6
2016,11,6
2016,11,6
2016,11,6
2016,11,6
2016,11,6
2016,11,6
2016,11,6
2016,11,6
2016,11,6
2016,11,6
2016,11,6
2016,11,6
2016,11,6
2016,11,6
2016,11,6
2016,11,6
2016,11,6
2016,11,6
2016,11,6
2016,11,6
2016,11,6
2016,11,6
2016,11,6
2016,11,6
2016,11,6
2016,11,6
2016,11,6
2016,11,6
2016,11,6
2016,11,6
2016,11,6
2016,11,6
2016,11,6
2016,11,6
2016,11,6
2016,11,6
2016,11,6
2016,11,6
2016,11,6
2016,11,6
2016,11,6
2016,11,6
2016,11,6
2016,11,6
2016,11,6
2016,11,6
2016,11,6
2016,11,6
2016,11,6
2016,11,6
2016,11,6
2016,11,6
2016,11,6
2016,11,6
2016,11,6
2016,11,6
2016,11,6
2016,11,6
2016,11,6
2016,11,6
2016,11,6
2016,11,6
2016,11,6
2016,11,6
2016,11,6
2016,11,6
2016,11,6
2016,11,6
2016,11,6
2016,11,6
2016,11,6
2016,11,6
2016,11,6
2016,11,6
2016,11,6
2016,11,6
2016,11,6
2016,11,6
2016,11,6
2016,11,6
2016,11,6
2016,11,6
2016,11,6
2016,11,6
2016,11,6
2016,11,6
2016,11,6
2016,11,6
2016,11,6
2016,11,6
2016,11,6
2016,11,6
2016,11,6
2016,11,6
2016,11,6
2016,11,6
2016,11,6
2016,11,6
2016,11,6
2016,11,6
2016,11,6
2016,11,6
2016,11,6
2016,11,6
2016,11,6
2016,11,6
2016,11,6
2016,11,6
2016,11,6
2016,11,6
2016,11,6
2016,11,6
2016,11,6
2016,11,6
2016,11,6
2016,11,6
2016,11,6
2016,11,6
2016,11,6
2016,11,6
2016,11,6
2016,11,6
2016,11,6
2016,11,6
2016,11,6
2016,11,6
2016,11,6
2016,11,6
2016,11,6
2016,11,6
2016,11,6
2016,11,6
2016,11,6
2016,11,6
2016,11,6
2016,11,6
2016,11,6
2016,11,6
2016,11,6
2016,11,6
2016,11,6
2016,11,6
2016,11,6
2016,11,6
2016,11,6
2016,11,6
2016,11,6
2016,11,6
2016,11,6
2016,11,6
2016,11,6
2016,11,6
2016,11,6
2016,11,6
2016,11,6
2016,11,6
2016,11,6
2016,11,6
2016,11,6
2016,11,6
2016,11,6
2016,11,6
2016,11,6
2016,11,6
2016,11,6
2016,11,6
2016,11,6
2016,11,6
2016,11,6
2016,11,6
2016,11,6
2016,11,6
2016,11,6
2016,11,6
2016,11,6
2016,11,6
2016,11,6
2016,11,6
2016,11,6
2016,11,6
2016,11,6
2016,11,6
2016,11,6
2016,11,6
2016,11,6
2016,11,6
2016,11,6
2016,11,6
2016,11,6
2016,11,6
2016,11,6
2016,11,6
2016,11,6
2016,11,6
2016,11,6
2016,11,6
2016,11,6
2016,11,6
2016,11,6
2016,11,6
2016,11,6
2016,11,6
2016,11,6
2016,11,6
2016,11,6
2016,11,6
2016,11,6
2016,11,6
2016,11,6
2016,11,6
2016,11,6
2016,11,6
2016,11,6
2016,11,6
2016,11,6
2016,11,6
2016,11,6
2016,11,6
2016,11,6
2016,11,6
2016,11,6
2016,11,6
2016,11,6
2016,11,6
2016,11,6
2016,11,6
2016,11,6
2016,11,6
2016,11,6
2016,11,6
2016,11,6
2016,11,6
2016,11,6
2016,11,6
2016,11,6
2016,11,6
2016,11,6
2016,11,6
2016,11,6
2016,11,6
2016,11,6
2016,11,6
2016,11,6
2016,11,6
2016,11,6
2016,11,6
2016,11,6
2016,11,6
2016,11,6
2016,11,6
2016,11,6
2016,11,6
2016,11,6
2016,11,6
2016,11,6
2016,11,6
2016,11,6
2016,11,6
2016,11,6
2016,11,6
2016,11,6
2016,11,6
2016,11,6
2016,11,6
2016,11,6
2016,11,6
2016,11,6
2016,11,6
2016,11,6
2016,11,6
2016,11,6
2016,11,6
2016,11,6
2016,11,6
2016,11,6
2016,11,6
2016,11,6
2016,11,6
2016,11,6
2016,11,6
2016,11,6
2016,11,6
2016,11,6
2016,11,6
2016,11,6
2016,11,6
2016,11,6
2016,11,6
2016,11,6
2016,11,6
2016,11,6
2016,11,6
2016,11,6
2016,11,6
2016,11,6
2016,11,6
2016,11,6
2016,11,6
2016,11,6
2016,11,6
2016,11,6
2016,11,6
2016,11,6
2016,11,6
2016,11,6
2016,11,6
2016,11,6
2016,11,6
2016,11,6
2016,11,6
2016,11,6
2016,11,6
2016,11,6
2016,11,6
2016,11,6
2016,11,6
2016,11,6
2016,11,6
2016,11,6
2016,11,6
2016,11,6
2016,11,6
2016,11,6
2016,11,6
2016,11,6
2016,11,6
2016,11,6
2016,11,6
2016,11,6
2016,11,6
2016,11,6
2016,11,6
2016,11,6
2016,11,6
2016,11,6
2016,11,6
2016,11,6
2016,11,6
2016,11,6
2016,11,6
2016,11,6
2016,11,6
2016,11,6
2016,11,6
2016,11,6
2016,11,6
2016,11,6
2016,11,6
2016,11,6
2016,11,6
2016,11,6
2016,11,6
2016,11,6
2016,11,6
2016,11,6
2016,11,6
2016,11,6
2016,11,6
2016,11,6
2016,11,6
2016,11,6
2016,11,6
2016,11,6
2016,11,6
2016,11,6
2016,11,6
2016,11,6
2016,11,6
2016,11,6
2016,11,6
2016,11,6
2016,11,6
2016,11,6
2016,11,6
2016,11,6
2016,11,6
2016,11,6
2016,11,6
2016,11,6
2016,11,6
2016,11,6
2016,11,6
2016,11,6
2016,11,6
2016,11,6
2016,11,6
2016,11,6
2016,11,6
2016,11,6
2016,11,6
2016,11,6
2016,11,6
2016,11,6
2016,11,6
2016,11,6
2016,11,6
2016,11,6
2016,11,6
2016,11,6
2016,11,6
2016,11,6
2016,11,6
2016,11,6
2016,11,6
2016,11,6
2016,11,6
2016,11,6
2016,11,6
2016,11,6
2016,11,6
2016,11,6
2016,11,6
2016,11,6
2016,11,6
2016,11,6
2016,11,6
2016,11,6
2016,11,6
2016,11,6
2016,11,6
2016,11,6
2016,11,6
2016,11,6
2016,11,6
2016,11,6
2016,11,6
2016,11,6
2016,11,6
2016,11,6
2016,11,6
2016,11,6
2016,11,6
2016,11,6
2016,11,6
2016,11,6
2016,11,6
2016,11,6
2016,11,6
2016,11,6
2016,11,6
2016,11,6
2016,11,6
2016,11,6
2016,11,6
2016,11,6
2016,11,6
2016,11,6
2016,11,6
2016,11,6
2016,11,6
2016,11,6
2016,11,6
2016,11,6
2016,11,6
2016,11,6
2016,11,6
2016,11,6
2016,11,6
2016,11,6
2016,11,6
2016,11,6
2016,11,6
2016,11,6
2016,11,6
2016,11,6
2016,11,6
2016,11,6
2016,11,6
2016,11,6
2016,11,6
2016,11,6
2016,11,6
2016,11,6
2016,11,6
2016,11,6
2016,11,6
2016,11,6
2016,11,6
2016,11,6
2016,11,6
2016,11,6
2016,11,6
2016,11,6
2016,11,6
2016,11,6
2016,11,6
2016,11,6
2016,11,6
2016,11,6
2016,11,6
2016,11,6
2016,11,6
2016,11,6
2016,11,6
2016,11,6
2016,11,6
2016,11,6
2016,11,6
2016,11,6
2016,11,6
2016,11,6
2016,11,6
2016,11,6
2016,11,6
2016,11,6
2016,11,6
2016,11,6
2016,11,6
2016,11,6
2016,11,6
2016,11,6
2016,11,6
2016,11,6
2016,11,6
2016,11,6
2016,11,6
2016,11,6
2016,11,6
2016,11,6
2016,11,6
2016,11,6
2016,11,6
2016,11,6
2016,11,6
2016,11,6
2016,11,6
2016,11,6
2016,11,6
2016,11,6
2016,11,6
2016,11,6
2016,11,6
2016,11,6
2016,11,6
2016,11,6
2016,11,6
2016,11,6
2016,11,6
2016,11,6
2016,11,6
2016,11,6
2016,11,6
2016,11,6
2016,11,6
2016,11,6
2016,11,6
2016,11,6
2016,11,6
2016,11,6
2016,11,6
2016,11,6
2016,11,6
2016,11,6
2016,11,6
2016,11,6
2016,11,6
2016,11,6
2016,11,6
2016,11,6
2016,11,6
2016,11,6
2016,11,6
2016,11,6
2016,11,6
2016,11,6
2016,11,6
2016,11,6
2016,11,6
2016,11,6
2016,11,6
2016,11,6
2016,11,6
2016,11,6
2016,11,6
2016,11,6
2016,11,6
2016,11,6
2016,11,6
2016,11,6
2016,11,6
2016,11,6
2016,11,6
2016,11,6
2016,11,6
2016,11,6
2016,11,6
2016,11,6
2016,11,6
2016,11,6
2016,11,6
2016,11,6
2016,11,6
2016,11,6
2016,11,6
2016,11,6
2016,11,6
2016,11,6
2016,11,6
2016,11,6
2016,11,6
2016,11,6
2016,11,6
2016,11,6
2016,11,6
2016,11,6
2016,11,6
2016,11,6
2016,11,6
2016,11,6
2016,11,6
2016,11,6
2016,11,6
2016,11,6
2016,11,6
2016,11,6
2016,11,6
2016,11,6
2016,11,6
2016,11,6
2016,11,6
2016,11,6
2016,11,6
2016,11,6
2016,11,6
2016,11,6
2016,11,6
2016,11,6
2016,11,6
2016,11,6
2016,11,6
2016,11,6
2016,11,6
2016,11,6
2016,11,6
2016,11,6
2016,11,6
2016,11,6
2016,11,6
2016,11,6
2016,11,6
2016,11,6
2016,11,6
2016,11,6
2016,11,6
2016,11,6
2016,11,6
2016,11,6
2016,11,6
2016,11,6
2016,11,6
2016,11,6
2016,11,6
2016,11,6
2016,11,6
2016,11,6
2016,11,6
2016,11,6
2016,11,6
2016,11,6
2016,11,6
2016,11,6
2016,11,6
2016,11,6
2016,11,6
2016,11,6
2016,11,6
2016,11,6
2016,11,6
2016,11,6
2016,11,6
2016,11,6
2016,11,6
2016,11,6
2016,11,6
2016,11,6
2016,11,6
2016,11,6
2016,11,6
2016,11,6
2016,11,6
2016,11,6
2016,11,6
2016,11,6
2016,11,6
2016,11,6
2016,11,6
2016,11,6
2016,11,6
2016,11,6
2016,11,6
2016,11,6
2016,11,6
2016,11,6
2016,11,6
2016,11,6
2016,11,6
2016,11,6
2016,11,6
2016,11,6
2016,11,6
2016,11,6
2016,11,6
2016,11,6
2016,11,6
2016,11,6
2016,11,6
2016,11,6
2016,11,6
2016,11,6
2016,11,6
2016,11,6
2016,11,6
2016,11,6
2016,11,6
2016,11,6
2016,11,6
2016,11,6
2016,11,6
2016,11,6
2016,11,6
2016,11,6
2016,11,6
2016,11,6
2016,11,6
2016,11,6
2016,11,6
2016,11,6
2016,11,6
2016,11,6
2016,11,6
2016,11,6
2016,11,6
2016,11,6
2016,11,6
2016,11,6
2016,11,6
2016,11,6
2016,11,6
2016,11,6
2016,11,6
2016,11,6
2016,11,6
2016,11,6
2016,11,6
2016,11,6
2016,11,6
2016,11,6
2016,11,6
2016,11,6
2016,11,6
2016,11,6
2016,11,6
2016,11,6
2016,11,6
2016,11,6
2016,11,6
2016,11,6
2016,11,6
2016,11,6
2016,11,6
2016,11,6
2016,11,6
2016,11,6
2016,11,6
2016,11,6
2016,11,6
2016,11,6
2016,11,6
2016,11,6
2016,11,6
2016,11,6
2016,11,6
2016,11,6
2016,11,6
2016,11,6
2016,11,6
2016,11,6
2016,11,6
2016,11,6
2016,11,6
2016,11,6
2016,11,6
2016,11,6
2016,11,6
2016,11,6
2016,11,6
2016,11,6
2016,11,6
2016,11,6
2016,11,6
2016,11,6
2016,11,6
2016,11,6
2016,11,6
2016,11,6
2016,11,6
2016,11,6
2016,11,6
2016,11,6
2016,11,6
2016,11,6
2016,11,6
2016,11,6
2016,11,6
2016,11,6
2016,11,6
2016,11,6
2016,11,6
2016,11,6
2016,11,6
2016,11,6
2016,11,6
2016,11,6
2016,11,6
2016,11,6
2016,11,6
2016,11,6
2016,11,6
2016,11,6
2016,11,6
2016,11,6
2016,11,6
2016,11,6
2016,11,6
2016,11,6
2016,11,6
2016,11,6
2016,11,6
2016,11,6
2016,11,6
2016,11,6
2016,11,6
2016,11,6
2016,11,6
2016,11,6
2016,11,6
2016,11,6
2016,11,6
2016,11,6
2016,11,6
2016,11,6
2016,11,6
2016,11,6
2016,11,6
2016,11,6
2016,11,6
2016,11,6
2016,11,6
2016,11,6
2016,11,6
2016,11,6
2016,11,6
2016,11,6
2016,11,6
2016,11,6
2016,11,6
2016,11,6
2016,11,6
2016,11,6
2016,11,6
2016,11,6
2016,11,6
2016,11,6
2016,11,6
2016,11,6
2016,11,6
2016,11,6
2016,11,6
2016,11,6
2016,11,6
2016,11,6
2016,11,6
2016,11,6
2016,11,6
2016,11,6
2016,11,6
2016,11,6
2016,11,6
2016,11,6
2016,11,6
2016,11,6
2016,11,6
2016,11,6
2016,11,6
2016,11,6
2016,11,6
2016,11,6
2016,11,6
2016,11,6
2016,11,6
2016,11,6
2016,11,6
2016,11,6
2016,11,6
2016,11,6
2016,11,6
2016,11,6
2016,11,6
2016,11,6
2016,11,6
2016,11,6
2016,11,6
2016,11,6
2016,11,6
2016,11,6
2016,11,6
2016,11,6
2016,11,6
2016,11,6
2016,11,6
2016,11,6
2016,11,6
2016,11,6
2016,11,6
2016,11,6
2016,11,6
2016,11,6
2016,11,6
2016,11,6
2016,11,6
2016,11,6
2016,11,6
2016,11,6
2016,11,6
2016,11,6
2016,11,6
2016,11,6
2016,11,6
2016,11,6
2016,11,6
2016,11,6
2016,11,6
2016,11,6
2016,11,6
2016,11,6
2016,11,6
2016,11,6
2016,11,6
2016,11,6
2016,11,6
2016,11,6
2016,11,6
2016,11,6
2016,11,6
2016,11,6
2016,11,6
2016,11,6
2016,11,6
2016,11,6
2016,11,6
2016,11,6
2016,11,6
2016,11,6
2016,11,6
2016,11,6
2016,11,6
2016,11,6
2016,11,6
2016,11,6
2016,11,6
2016,11,6
2016,11,6
2016,11,6
2016,11,6
2016,11,6
2016,11,6
2016,11,6
2016,11,6
2016,11,6
2016,11,6
2016,11,6
2016,11,6
2016,11,6
2016,11,6
2016,11,6
2016,11,6
2016,11,6
2016,11,6
2016,11,6
2016,11,6
2016,11,6
2016,11,6
2016,11,6
2016,11,6
2016,11,6
2016,11,6
2016,11,6
2016,11,6
2016,11,6
2016,11,6
2016,11,6
2016,11,6
2016,11,6
2016,11,6
2016,11,6
2016,11,6
2016,11,6
2016,11,6
2016,11,6
2016,11,6
2016,11,6
2016,11,6
2016,11,6
2016,11,6
2016,11,6
2016,11,6
2016,11,6
2016,11,6
2016,11,6
2016,11,6
2016,11,6
2016,11,6
2016,11,6
2016,11,6
2016,11,6
2016,11,6
2016,11,6
2016,11,6
2016,11,6
2016,11,6
2016,11,6
2016,11,6
2016,11,6
2016,11,6
2016,11,6
2016,11,6
2016,11,6
2016,11,6
2016,11,6
2016,11,6
2016,11,6
2016,11,6
2016,11,6
2016,11,6
2016,11,6
2016,11,6
2016,11,6
2016,11,6
2016,11,6
2016,11,6
2016,11,6
2016,11,6
2016,11,6
2016,11,6
2016,11,6
2016,11,6
2016,11,6
2016,11,6
2016,11,6
2016,11,6
2016,11,6
2016,11,6
2016,11,6
2016,11,6
2016,11,6
2016,11,6
2016,11,6
2016,11,6
2016,11,6
2016,11,6
2016,11,6
2016,11,6
2016,11,6
2016,11,6
2016,11,6
2016,11,6
2016,11,6
2016,11,6
2016,11,6
2016,11,6
2016,11,6
2016,11,6
2016,11,6
2016,11,6
2016,11,6
2016,11,6
2016,11,6
2016,11,6
2016,11,6
2016,11,6
2016,11,6
2016,11,6
2016,11,6
2016,11,6
2016,11,6
2016,11,6
2016,11,6
2016,11,6
2016,11,6
2016,11,6
2016,11,6
2016,11,6
2016,11,6
2016,11,6
2016,11,6
2016,11,6
2016,11,6
2016,11,6
2016,11,6
2016,11,6
2016,11,6
2016,11,6
2016,11,6
2016,11,6
2016,11,6
2016,11,6
2016,11,6
2016,11,6
2016,11,6
2016,11,6
2016,11,6
2016,11,6
2016,11,6
2016,11,6
2016,11,6
2016,11,6
2016,11,6
2016,11,6
2016,11,6
2016,11,6
2016,11,6
2016,11,6
2016,11,6
2016,11,6
2016,11,6
2016,11,6
2016,11,6
2016,11,6
2016,11,6
2016,11,6
2016,11,6
2016,11,6
2016,11,6
2016,11,6
2016,11,6
2016,11,6
2016,11,6
2016,11,6
2016,11,6
2016,11,6
2016,11,6
2016,11,6
2016,11,6
2016,11,6
2016,11,6
2016,11,6
2016,11,6
2016,11,6
2016,11,6
2016,11,6
2016,11,6
2016,11,6
2016,11,6
2016,11,6
2016,11,6
2016,11,6
2016,11,6
2016,11,6
2016,11,6
2016,11,6
2016,11,6
2016,11,6
2016,11,6
2016,11,6
2016,11,6
2016,11,6
2016,11,6
2016,11,6
2016,11,6
2016,11,6
2016,11,6
2016,11,6
2016,11,6
2016,11,6
2016,11,6
2016,11,6
2016,11,6
2016,11,6
2016,11,6
2016,11,6
2016,11,6
2016,11,6
2016,11,6
2016,11,6
2016,11,6
2016,11,6
2016,11,6
2016,11,6
2016,11,6
2016,11,6
2016,11,6
2016,11,6
2016,11,6
2016,11,6
2016,11,6
2016,11,6
2016,11,6
2016,11,6
2016,11,6
2016,11,6
2016,11,6
2016,11,6
2016,11,6
2016,11,6
2016,11,6
2016,11,6
2016,11,6
2016,11,6
2016,11,6
2016,11,6
2016,11,6
2016,11,6
2016,11,6
2016,11,6
2016,11,6
2016,11,6
2016,11,6
2016,11,6
2016,11,6
2016,11,6
2016,11,6
2016,11,6
2016,11,6
2016,11,6
2016,11,6
2016,11,6
2016,11,6
2016,11,6
2016,11,6
2016,11,6
2016,11,6
2016,11,6
2016,11,6
2016,11,6
2016,11,6
2016,11,6
2016,11,6
2016,11,6
2016,11,6
2016,11,6
2016,11,6
2016,11,6
2016,11,6
2016,11,6
2016,11,6
2016,11,6
2016,11,6
2016,11,6
2016,11,6
2016,11,6
2016,11,6
2016,11,6
2016,11,6
2016,11,6
2016,11,6
2016,11,6
2016,11,6
2016,11,6
2016,11,6
2016,11,6
2016,11,6
2016,11,6
2016,11,6
2016,11,6
2016,11,6
2016,11,6
2016,11,6
2016,11,6
2016,11,6
2016,11,6
2016,11,6
2016,11,6
2016,11,6
2016,11,6
2016,11,6
2016,11,6
2016,11,6
2016,11,6
2016,11,6
2016,11,6
2016,11,6
2016,11,6
2016,11,6
2016,11,6
2016,11,6
2016,11,6
2016,11,6
2016,11,6
2016,11,6
2016,11,6
2016,11,6
2016,11,6
2016,11,6
2016,11,6
2016,11,6
2016,11,6
2016,11,6
2016,11,6
2016,11,6
2016,11,6
2016,11,6
2016,11,6
2016,11,6
2016,11,6
2016,11,6
2016,11,6
2016,11,6
2016,11,6
2016,11,6
2016,11,6
2016,11,6
2016,11,6
2016,11,6
2016,11,6
2016,11,6
2016,11,6
2016,11,6
2016,11,6
2016,11,6
2016,11,6
2016,11,6
2016,11,6
2016,11,6
2016,11,6
2016,11,6
2016,11,6
2016,11,6
2016,11,6
2016,11,6
2016,11,6
2016,11,6
2016,11,6
2016,11,6
2016,11,6
2016,11,6
2016,11,6
2016,11,6
2016,11,6
2016,11,6
2016,11,6
2016,11,6
2016,11,6
2016,11,6
2016,11,6
2016,11,6
2016,11,6
2016,11,6
2016,11,6
2016,11,6
2016,11,6
2016,11,6
2016,11,6
2016,11,6
2016,11,6
2016,11,6
2016,11,6
2016,11,6
2016,11,6
2016,11,6
2016,11,6
2016,11,6
2016,11,6
2016,11,6
2016,11,6
2016,11,6
2016,11,6
2016,11,6
2016,11,6
2016,11,6
2016,11,6
2016,11,6
2016,11,6
2016,11,6
2016,11,6
2016,11,6
2016,11,6
2016,11,6
2016,11,6
2016,11,6
2016,11,6
2016,11,6
2016,11,6
2016,11,6
2016,11,6
2016,11,6
2016,11,6
2016,11,6
2016,11,6
2016,11,6
2016,11,6
2016,11,6
2016,11,6
2016,11,6
2016,11,6
2016,11,6
2016,11,6
2016,11,6
2016,11,6
2016,11,6
2016,11,6
2016,11,6
2016,11,6
2016,11,6
2016,11,6
2016,11,6
2016,11,6
2016,11,6
2016,11,6
2016,11,6
2016,11,6
2016,11,6
2016,11,6
2016,11,6
2016,11,6
2016,11,6
2016,11,6
2016,11,6
2016,11,6
2016,11,6
2016,11,6
2016,11,6
2016,11,6
2016,11,6
2016,11,6
2016,11,6
2016,11,6
2016,11,6
2016,11,6
2016,11,6
2016,11,6
2016,11,6
2016,11,6
2016,11,6
2016,11,6
2016,11,6
2016,11,6
2016,11,6
2016,11,6
2016,11,6
2016,11,6
2016,11,6
2016,11,6
2016,11,6
2016,11,6
2016,11,6
2016,11,6
2016,11,6
2016,11,6
2016,11,6
2016,11,6
2016,11,6
2016,11,6
2016,11,6
2016,11,6
2016,11,6
2016,11,6
2016,11,6
2016,11,6
2016,11,6
2016,11,6
2016,11,6
2016,11,6
2016,11,6
2016,11,6
2016,11,6
2016,11,6
2016,11,6
2016,11,6
2016,11,6
2016,11,6
2016,11,6
2016,11,6
2016,11,6
2016,11,6
2016,11,6
2016,11,6
2016,11,6
2016,11,6
2016,11,6
2016,11,6
2016,11,6
2016,11,6
2016,11,6
2016,11,6
2016,11,6
2016,11,6
2016,11,6
2016,11,6
2016,11,6
2016,11,6
2016,11,6
2016,11,6
2016,11,6
2016,11,6
2016,11,6
2016,11,6
2016,11,6
2016,11,6
2016,11,6
2016,11,6
2016,11,6
2016,11,6
2016,11,6
2016,11,6
2016,11,6
2016,11,6
2016,11,6
2016,11,6
2016,11,6
2016,11,6
2016,11,6
2016,11,6
2016,11,6
2016,11,6
2016,11,6
2016,11,6
2016,11,6
2016,11,6
2016,11,6
2016,11,6
2016,11,6
2016,11,6
2016,11,6
2016,11,6
2016,11,6
2016,11,6
2016,11,6
2016,11,6
2016,11,6
2016,11,6
2016,11,6
2016,11,6
2016,11,6
2016,11,6
2016,11,6
2016,11,6
2016,11,6
2016,11,6
2016,11,6
2016,11,6
2016,11,6
2016,11,6
2016,11,6
2016,11,6
2016,11,6
2016,11,6
2016,11,6
2016,11,6
2016,11,6
2016,11,6
2016,11,6
2016,11,6
2016,11,6
2016,11,6
2016,11,6
2016,11,6
2016,11,6
2016,11,6
2016,11,6
2016,11,6
2016,11,6
2016,11,6
2016,11,6
2016,11,6
2016,11,6
2016,11,6
2016,11,6
2016,11,6
2016,11,6
2016,11,6
2016,11,6
2016,11,6
2016,11,6
2016,11,6
2016,11,6
2016,11,6
2016,11,6
2016,11,6
2016,11,6
2016,11,6
2016,11,6
2016,11,6
2016,11,6
2016,11,6
2016,11,6
2016,11,6
2016,11,6
2016,11,6
2016,11,6
2016,11,6
2016,11,6
2016,11,6
2016,11,6
2016,11,6
2016,11,6
2016,11,6
2016,11,6
2016,11,6
2016,11,6
2016,11,6
2016,11,6
2016,11,6
2016,11,6
2016,11,6
2016,11,6
2016,11,6
2016,11,6
2016,11,6
2016,11,6
2016,11,6
2016,11,6
2016,11,6
2016,11,6
2016,11,6
2016,11,6
2016,11,6
2016,11,6
2016,11,6
2016,11,6
2016,11,6
2016,11,6
2016,11,6
2016,11,6
2016,11,6
2016,11,6
2016,11,6
2016,11,6
2016,11,6
2016,11,6
2016,11,6
2016,11,6
2016,11,6
2016,11,6
2016,11,6
2016,11,6
2016,11,6
2016,11,6
2016,11,6
2016,11,6
2016,11,6
2016,11,6
2016,11,6
2016,11,6
2016,11,6
2016,11,6
2016,11,6
2016,11,6
2016,11,6
2016,11,6
2016,11,6
2016,11,6
2016,11,6
2016,11,6
2016,11,6
2016,11,6
2016,11,6
2016,11,6
2016,11,6
2016,11,6
2016,11,6
2016,11,6
2016,11,6
2016,11,6
2016,11,6
2016,11,6
2016,11,6
2016,11,6
2016,11,6
2016,11,6
2016,11,6
2016,11,6
2016,11,6
2016,11,6
2016,11,6
2016,11,6
2016,11,6
2016,11,6
2016,11,6
2016,11,6
2016,11,6
2016,11,6
2016,11,6
2016,11,6
2016,11,6
2016,11,6
2016,11,6
2016,11,6
2016,11,6
2016,11,6
2016,11,6
2016,11,6
2016,11,6
2016,11,6
2016,11,6
2016,11,6
2016,11,6
2016,11,6
2016,11,6
2016,11,6
2016,11,6
2016,11,6
2016,11,6
2016,11,6
2016,11,6
2016,11,6
2016,11,6
2016,11,6
2016,11,6
2016,11,6
2016,11,6
2016,11,6
2016,11,6
2016,11,6
2016,11,6
2016,11,6
2016,11,6
2016,11,6
2016,11,6
2016,11,6
2016,11,6
2016,11,6
2016,11,6
2016,11,6
2016,11,6
2016,11,6
2016,11,6
2016,11,6
2016,11,6
2016,11,6
2016,11,6
2016,11,6
2016,11,6
2016,11,6
2016,11,6
2016,11,6
2016,11,6
2016,11,6
2016,11,6
2016,11,6
2016,11,6
2016,11,6
2016,11,6
2016,11,6
2016,11,6
2016,11,6
2016,11,6
2016,11,6
2016,11,6
2016,11,6
2016,11,6
2016,11,6
2016,11,6
2016,11,6
2016,11,6
2016,11,6
2016,11,6
2016,11,6
2016,11,6
2016,11,6
2016,11,6
2016,11,6
2016,11,6
2016,11,6
2016,11,6
2016,11,6
2016,11,6
2016,11,6
2016,11,6
2016,11,6
2016,11,6
2016,11,6
2016,11,6
2016,11,6
2016,11,6
2016,11,6
2016,11,6
2016,11,6
2016,11,6
2016,11,6
2016,11,6
2016,11,6
2016,11,6
2016,11,6
2016,11,6
2016,11,6
2016,11,6
2016,11,6
2016,11,6
2016,11,6
2016,11,6
2016,11,6
2016,11,6
2016,11,6
2016,11,6
2016,11,6
2016,11,6
2016,11,6
2016,11,6
2016,11,6
2016,11,6
2016,11,6
2016,11,6
2016,11,6
2016,11,6
2016,11,6
2016,11,6
2016,11,6
2016,11,6
2016,11,6
2016,11,6
2016,11,6
2016,11,6
2016,11,6
2016,11,6
2016,11,6
2016,11,6
2016,11,6
2016,11,6
2016,11,6
2016,11,6
2016,11,6
2016,11,6
2016,11,6
2016,11,6
2016,11,6
2016,11,6
2016,11,6
2016,11,6
2016,11,6
2016,11,6
2016,11,6
2016,11,6
2016,11,6
2016,11,6
2016,11,6
2016,11,6
2016,11,6
2016,11,6
2016,11,6
2016,11,6
2016,11,6
2016,11,6
2016,11,6
2016,11,6
2016,11,6
2016,11,6
2016,11,6
2016,11,6
2016,11,6
2016,11,6
2016,11,6
2016,11,6
2016,11,6
2016,11,6
2016,11,6
2016,11,6
2016,11,6
2016,11,6
2016,11,6
2016,11,6
2016,11,6
2016,11,6
2016,11,6
2016,11,6
2016,11,6
2016,11,6
2016,11,6
2016,11,6
2016,11,6
2016,11,6
2016,11,6
2016,11,6
2016,11,6
2016,11,6
2016,11,6
2016,11,6
2016,11,6
2016,11,6
2016,11,6
2016,11,6
2016,11,6
2016,11,6
2016,11,6
2016,11,6
2016,11,6
2016,11,6
2016,11,6
2016,11,6
2016,11,6
2016,11,6
2016,11,6
2016,11,6
2016,11,6
2016,11,6
2016,11,6
2016,11,6
2016,11,6
2016,11,6
2016,11,6
2016,11,6
2016,11,6
2016,11,6
2016,11,6
2016,11,6
2016,11,6
2016,11,6
2016,11,6
2016,11,6
2016,11,6
2016,11,6
2016,11,6
2016,11,6
2016,11,6
2016,11,6
2016,11,6
2016,11,6
2016,11,6
2016,11,6
2016,11,6
2016,11,6
2016,11,6
2016,11,6
2016,11,6
2016,11,6
2016,11,6
2016,11,6
2016,11,6
2016,11,6
2016,11,6
2016,11,6
2016,11,6
2016,11,6
2016,11,6
2016,11,6
2016,11,6
2016,11,6
2016,11,6
2016,11,6
2016,11,6
2016,11,6
2016,11,6
2016,11,6
2016,11,6
2016,11,6
2016,11,6
2016,11,6
2016,11,6
2016,11,6
2016,11,6
2016,11,6
2016,11,6
2016,11,6
2016,11,6
2016,11,6
2016,11,6
2016,11,6
2016,11,6
2016,11,6
2016,11,6
2016,11,6
2016,11,6
2016,11,6
2016,11,6
2016,11,6
2016,11,6
2016,11,6
2016,11,6
2016,11,6
2016,11,6
2016,11,6
2016,11,6
2016,11,6
2016,11,6
2016,11,6
2016,11,6
2016,11,6
2016,11,6
2016,11,6
2016,11,6
2016,11,6
2016,11,6
2016,11,6
2016,11,6
2016,11,6
2016,11,6
2016,11,6
2016,11,6
2016,11,6
2016,11,6
2016,11,6
2016,11,6
2016,11,6
2016,11,6
2016,11,6
2016,11,6
2016,11,6
2016,11,6
2016,11,6
2016,11,6
2016,11,6
2016,11,6
2016,11,6
2016,11,6
2016,11,6
2016,11,6
2016,11,6
2016,11,6
2016,11,6
2016,11,6
2016,11,6
2016,11,6
2016,11,6
2016,11,6
2016,11,6
2016,11,6
2016,11,6
2016,11,6
2016,11,6
2016,11,6
2016,11,6
2016,11,6
2016,11,6
2016,11,6
2016,11,6
2016,11,6
2016,11,6
2016,11,6
2016,11,6
2016,11,6
2016,11,6
2016,11,6
2016,11,6
2016,11,6
2016,11,6
2016,11,6
2016,11,6
2016,11,6
2016,11,6
2016,11,6
2016,11,6
2016,11,6
2016,11,6
2016,11,6
2016,11,6
2016,11,6
2016,11,6
2016,11,6
2016,11,6
2016,11,6
2016,11,6
2016,11,6
2016,11,6
2016,11,6
2016,11,6
2016,11,6
2016,11,6
2016,11,6
2016,11,6
2016,11,6
2016,11,6
2016,11,6
2016,11,6
2016,11,6
2016,11,6
2016,11,6
2016,11,6
2016,11,6
2016,11,6
2016,11,6
2016,11,6
2016,11,6
2016,11,6
2016,11,6
2016,11,6
2016,11,6
2016,11,6
2016,11,6
2016,11,6
2016,11,6
2016,11,6
2016,11,6
2016,11,6
2016,11,6
2016,11,6
2016,11,6
2016,11,6
2016,11,6
2016,11,6
2016,11,6
2016,11,6
2016,11,6
2016,11,6
2016,11,6
2016,11,6
2016,11,6
2016,11,6
2016,11,6
2016,11,6
2016,11,6
2016,11,6
2016,11,6
2016,11,6
2016,11,6
2016,11,6
2016,11,6
2016,11,6
2016,11,6
2016,11,6
2016,11,6
2016,11,6
2016,11,6
2016,11,6
2016,11,6
2016,11,6
2016,11,6
2016,11,6
2016,11,6
2016,11,6
2016,11,6
2016,11,6
2016,11,6
2016,11,6
2016,11,6
2016,11,6
2016,11,6
2016,11,6
2016,11,6
2016,11,6
2016,11,6
2016,11,6
2016,11,6
2016,11,6
2016,11,6
2016,11,6
2016,11,6
2016,11,6
2016,11,6
2016,11,6
2016,11,6
2016,11,6
2016,11,6
2016,11,6
2016,11,6
2016,11,6
2016,11,6
2016,11,6
2016,11,6
2016,11,6
2016,11,6
2016,11,6
2016,11,6
2016,11,6
2016,11,6
2016,11,6
2016,11,6
2016,11,6
2016,11,6
2016,11,6
2016,11,6
2016,11,6
2016,11,6
2016,11,6
2016,11,6
2016,11,6
2016,11,6
2016,11,6
2016,11,6
2016,11,6
2016,11,6
2016,11,6
2016,11,6
2016,11,6
2016,11,6
2016,11,6
2016,11,6
2016,11,6
2016,11,6
2016,11,6
2016,11,6
2016,11,6
2016,11,6
2016,11,6
2016,11,6
2016,11,6
2016,11,6
2016,11,6
2016,11,6
2016,11,6
2016,11,6
2016,11,6
2016,11,6
2016,11,6
2016,11,6
2016,11,6
2016,11,6
2016,11,6
2016,11,6
2016,11,6
2016,11,6
2016,11,6
2016,11,6
2016,11,6
2016,11,6
2016,11,6
2016,11,6
2016,11,6
2016,11,6
2016,11,6
2016,11,6
2016,11,6
2016,11,6
2016,11,6
2016,11,6
2016,11,6
2016,11,6
2016,11,6
2016,11,6
2016,11,6
2016,11,6
2016,11,6
2016,11,6
2016,11,6
2016,11,6
2016,11,6
2016,11,6
2016,11,6
2016,11,6
2016,11,6
2016,11,6
2016,11,6
2016,11,6
2016,11,6
2016,11,6
2016,11,6
2016,11,6
2016,11,6
2016,11,6
2016,11,6
2016,11,6
2016,11,6
2016,11,6
2016,11,6
2016,11,6
2016,11,6
2016,11,6
2016,11,6
2016,11,6
2016,11,6
2016,11,6
2016,11,6
2016,11,6
2016,11,6
2016,11,6
2016,11,6
2016,11,6
2016,11,6
2016,11,6
2016,11,6
2016,11,6
2016,11,6
2016,11,6
2016,11,6
2016,11,6
2016,11,6
2016,11,6
2016,11,6
2016,11,6
2016,11,6
2016,11,6
2016,11,6
2016,11,6
2016,11,6
2016,11,6
2016,11,6
2016,11,6
2016,11,6
2016,11,6
2016,11,6
2016,11,6
2016,11,6
2016,11,6
2016,11,6
2016,11,6
2016,11,6
2016,11,6
2016,11,6
2016,11,6
2016,11,6
2016,11,6
2016,11,6
2016,11,6
2016,11,6
2016,11,6
2016,11,6
2016,11,6
2016,11,6
2016,11,6
2016,11,6
2016,11,6
2016,11,6
2016,11,6
2016,11,6
2016,11,6
2016,11,6
2016,11,6
2016,11,6
2016,11,6
2016,11,6
2016,11,6
2016,11,6
2016,11,6
2016,11,6
2016,11,6
2016,11,6
2016,11,6
2016,11,6
2016,11,6
2016,11,6
2016,11,6
2016,11,6
2016,11,6
2016,11,6
2016,11,6
2016,11,6
2016,11,6
2016,11,6
2016,11,6
2016,11,6
2016,11,6
2016,11,6
2016,11,6
2016,11,6
2016,11,6
2016,11,6
2016,11,6
2016,11,6
2016,11,6
2016,11,6
2016,11,6
2016,11,6
2016,11,6
2016,11,6
2016,11,6
2016,11,6
2016,11,6
2016,11,6
2016,11,6
2016,11,6
2016,11,6
2016,11,6
2016,11,6
2016,11,6
2016,11,6
2016,11,6
2016,11,6
2016,11,6
2016,11,6
2016,11,6
2016,11,6
2016,11,6
2016,11,6
2016,11,6
2016,11,6
2016,11,6
2016,11,6
2016,11,6
2016,11,6
2016,11,6
2016,11,6
2016,11,6
2016,11,6
2016,11,6
2016,11,6
2016,11,6
2016,11,6
2016,11,6
2016,11,6
2016,11,6
2016,11,6
2016,11,6
2016,11,6
2016,11,6
2016,11,6
2016,11,6
2016,11,6
2016,11,6
2016,11,6
2016,11,6
2016,11,6
2016,11,6
2016,11,6
2016,11,6
2016,11,6
2016,11,6
2016,11,6
2016,11,6
2016,11,6
2016,11,6
2016,11,6
2016,11,6
2016,11,6
2016,11,6
2016,11,6
2016,11,6
2016,11,6
2016,11,6
2016,11,6
2016,11,6
2016,11,6
2016,11,6
2016,11,6
2016,11,6
2016,11,6
2016,11,6
2016,11,6
2016,11,6
2016,11,6
2016,11,6
2016,11,6
2016,11,6
2016,11,6
2016,11,6
2016,11,6
2016,11,6
2016,11,6
2016,11,6
2016,11,6
2016,11,6
2016,11,6
2016,11,6
2016,11,6
2016,11,6
2016,11,6
2016,11,6
2016,11,6
2016,11,6
2016,11,6
2016,11,6
2016,11,6
2016,11,6
2016,11,6
2016,11,6
2016,11,6
2016,11,6
2016,11,6
2016,11,6
2016,11,6
2016,11,6
2016,11,6
2016,11,6
2016,11,6
2016,11,6
2016,11,6
2016,11,6
2016,11,6
2016,11,6
2016,11,6
2016,11,6
2016,11,6
2016,11,6
2016,11,6
2016,11,6
2016,11,6
2016,11,6
2016,11,6
2016,11,6
2016,11,6
2016,11,6
2016,11,6
2016,11,6
2016,11,6
2016,11,6
2016,11,6
2016,11,6
2016,11,6
2016,11,6
2016,11,6
2016,11,6
2016,11,6
2016,11,6
2016,11,6
2016,11,6
2016,11,6
2016,11,6
2016,11,6
2016,11,6
2016,11,6
2016,11,6
2016,11,6
2016,11,6
2016,11,6
2016,11,6
2016,11,6
2016,11,6
2016,11,6
2016,11,6
2016,11,6
2016,11,6
2016,11,6
2016,11,6
2016,11,6
2016,11,6
2016,11,6
2016,11,6
2016,11,6
2016,11,6
2016,11,6
2016,11,6
2016,11,6
2016,11,6
2016,11,6
2016,11,6
2016,11,6
2016,11,6
2016,11,6
2016,11,6
2016,11,6
2016,11,6
2016,11,6
2016,11,6
2016,11,6
2016,11,6
2016,11,6
2016,11,6
2016,11,6
2016,11,6
2016,11,6
2016,11,6
2016,11,6
2016,11,6
2016,11,6
2016,11,6
2016,11,6
2016,11,6
2016,11,6
2016,11,6
2016,11,6
2016,11,6
2016,11,6
2016,11,6
2016,11,6
2016,11,6
2016,11,6
2016,11,6
2016,11,6
2016,11,6
2016,11,6
2016,11,6
2016,11,6
2016,11,6
2016,11,6
2016,11,6
2016,11,6
2016,11,6
2016,11,6
2016,11,6
2016,11,6
2016,11,6
2016,11,6
2016,11,6
2016,11,6
2016,11,6
2016,11,6
2016,11,6
2016,11,6
2016,11,6
2016,11,6
2016,11,6
2016,11,6
2016,11,6
2016,11,6
2016,11,6
2016,11,6
2016,11,6
2016,11,6
2016,11,6
2016,11,6
2016,11,6
2016,11,6
2016,11,6
2016,11,6
2016,11,6
2016,11,6
2016,11,6
2016,11,6
2016,11,6
2016,11,6
2016,11,6
2016,11,6
2016,11,6
2016,11,6
2016,11,6
2016,11,6
2016,11,6
2016,11,6
2016,11,6
2016,11,6
2016,11,6
2016,11,6
2016,11,6
2016,11,6
2016,11,6
2016,11,6
2016,11,6
2016,11,6
2016,11,6
2016,11,6
2016,11,6
2016,11,6
2016,11,6
2016,11,6
2016,11,6
2016,11,6
2016,11,6
2016,11,6
2016,11,6
2016,11,6
2016,11,6
2016,11,6
2016,11,6
2016,11,6
2016,11,6
2016,11,6
2016,11,6
2016,11,6
2016,11,6
2016,11,6
2016,11,6
2016,11,6
2016,11,6
2016,11,6
2016,11,6
2016,11,6
2016,11,6
2016,11,6
2016,11,6
2016,11,6
2016,11,6
2016,11,6
2016,11,6
2016,11,6
2016,11,6
2016,11,6
2016,11,6
2016,11,6
2016,11,6
2016,11,6
2016,11,6
2016,11,6
2016,11,6
2016,11,6
2016,11,6
2016,11,6
2016,11,6
2016,11,6
2016,11,6
2016,11,6
2016,11,6
2016,11,6
2016,11,6
2016,11,6
2016,11,6
2016,11,6
2016,11,6
2016,11,6
2016,11,6
2016,11,6
2016,11,6
2016,11,6
2016,11,6
2016,11,6
2016,11,6
2016,11,6
2016,11,6
2016,11,6
2016,11,6
2016,11,6
2016,11,6
2016,11,6
2016,11,6
2016,11,6
2016,11,6
2016,11,6
2016,11,6
2016,11,6
2016,11,6
2016,11,6
2016,11,6
2016,11,6
2016,11,6
2016,11,6
2016,11,6
2016,11,6
2016,11,6
2016,11,6
2016,11,6
2016,11,6
2016,11,6
2016,11,6
2016,11,6
2016,11,6
2016,11,6
2016,11,6
2016,11,6
2016,11,6
2016,11,6
2016,11,6
2016,11,6
2016,11,6
2016,11,6
2016,11,6
2016,11,6
2016,11,6
2016,11,6
2016,11,6
2016,11,6
2016,11,6
2016,11,6
2016,11,6
2016,11,6
2016,11,6
2016,11,6
2016,11,6
2016,11,6
2016,11,6
2016,11,6
2016,11,6
2016,11,6
2016,11,6
2016,11,6
2016,11,6
2016,11,6
2016,11,6
2016,11,6
2016,11,6
2016,11,6
2016,11,6
2016,11,6
2016,11,6
2016,11,6
2016,11,6
2016,11,6
2016,11,6
2016,11,6
2016,11,6
2016,11,6
2016,11,6
2016,11,6
2016,11,6
2016,11,6
2016,11,6
2016,11,6
2016,11,6
2016,11,6
2016,11,6
2016,11,6
2016,11,6
2016,11,6
2016,11,6
2016,11,6
2016,11,6
2016,11,6
2016,11,6
2016,11,6
2016,11,6
2016,11,6
2016,11,6
2016,11,6
2016,11,6
2016,11,6
2016,11,6
2016,11,6
2016,11,6
2016,11,6
2016,11,6
2016,11,6
2016,11,6
2016,11,6
2016,11,6
2016,11,6
2016,11,6
2016,11,6
2016,11,6
2016,11,6
2016,11,6
2016,11,6
2016,11,6
2016,11,6
2016,11,6
2016,11,6
2016,11,6
2016,11,6
2016,11,6
2016,11,6
2016,11,6
2016,11,6
2016,11,6
2016,11,6
2016,11,6
2016,11,6
2016,11,6
2016,11,6
2016,11,6
2016,11,6
2016,11,6
2016,11,6
2016,11,6
2016,11,6
2016,11,6
2016,11,6
2016,11,6
2016,11,6
2016,11,6
2016,11,6
2016,11,6
2016,11,6
2016,11,6
2016,11,6
2016,11,6
2016,11,6
2016,11,6
2016,11,6
2016,11,6
2016,11,6
2016,11,6
2016,11,6
2016,11,6
2016,11,6
2016,11,6
2016,11,6
2016,11,6
2016,11,6
2016,11,6
2016,11,6
2016,11,6
2016,11,6
2016,11,6
2016,11,6
2016,11,6
2016,11,6
2016,11,6
2016,11,6
2016,11,6
2016,11,6
2016,11,6
2016,11,6
2016,11,6
2016,11,6
2016,11,6
2016,11,6
2016,11,6
2016,11,6
2016,11,6
2016,11,6
2016,11,6
2016,11,6
2016,11,6
2016,11,6
2016,11,6
2016,11,6
2016,11,6
2016,11,6
2016,11,6
2016,11,6
2016,11,6
2016,11,6
2016,11,6
2016,11,6
2016,11,6
2016,11,6
2016,11,6
2016,11,6
2016,11,6
2016,11,6
2016,11,6
2016,11,6
2016,11,6
2016,11,6
2016,11,6
2016,11,6
2016,11,6
2016,11,6
2016,11,6
2016,11,6
2016,11,6
2016,11,6
2016,11,6
2016,11,6
2016,11,6
2016,11,6
2016,11,6
2016,11,6
2016,11,6
2016,11,6
2016,11,6
2016,11,6
2016,11,6
2016,11,6
2016,11,6
2016,11,6
2016,11,6
2016,11,6
2016,11,6
2016,11,6
2016,11,6
2016,11,6
2016,11,6
2016,11,6
2016,11,6
2016,11,6
2016,11,6
2016,11,6
2016,11,6
2016,11,6
2016,11,6
2016,11,6
2016,11,6
2016,11,6
2016,11,6
2016,11,6
2016,11,6
2016,11,6
2016,11,6
2016,11,6
2016,11,6
2016,11,6
2016,11,6
2016,11,6
2016,11,6
2016,11,6
2016,11,6
2016,11,6
2016,11,6
2016,11,6
2016,11,6
2016,11,6
2016,11,6
2016,11,6
2016,11,6
2016,11,6
2016,11,6
2016,11,6
2016,11,6
2016,11,6
2016,11,6
2016,11,6
2016,11,6
2016,11,6
2016,11,6
2016,11,6
2016,11,6
2016,11,6
2016,11,6
2016,11,6
2016,11,6
2016,11,6
2016,11,6
2016,11,6
2016,11,6
2016,11,6
2016,11,6
2016,11,6
2016,11,6
2016,11,6
2016,11,6
2016,11,6
2016,11,6
2016,11,6
2016,11,6
2016,11,6
2016,11,6
2016,11,6
2016,11,6
2016,11,6
2016,11,6
2016,11,6
2016,11,6
2016,11,6
2016,11,6
2016,11,6
2016,11,6
2016,11,6
2016,11,6
2016,11,6
2016,11,6
2016,11,6
2016,11,6
2016,11,6
2016,11,6
2016,11,6
2016,11,6
2016,11,6
2016,11,6
2016,11,6
2016,11,6
2016,11,6
2016,11,6
2016,11,6
2016,11,6
2016,11,6
2016,11,6
2016,11,6
2016,11,6
2016,11,6
2016,11,6
2016,11,6
2016,11,6
2016,11,6
2016,11,6
2016,11,6
2016,11,6
2016,11,6
2016,11,6
2016,11,6
2016,11,6
2016,11,6
2016,11,6
2016,11,6
2016,11,6
2016,11,6
2016,11,6
2016,11,6
2016,11,6
2016,11,6
2016,11,6
2016,11,6
2016,11,6
2016,11,6
2016,11,6
2016,11,6
2016,11,6
2016,11,6
2016,11,6
2016,11,6
2016,11,6
2016,11,6
2016,11,6
2016,11,6
2016,11,6
2016,11,6
2016,11,6
2016,11,6
2016,11,6
2016,11,6
2016,11,6
2016,11,6
2016,11,6
2016,11,6
2016,11,6
2016,11,6
2016,11,6
2016,11,6
2016,11,6
2016,11,6
2016,11,6
2016,11,6
2016,11,6
2016,11,6
2016,11,6
2016,11,6
2016,11,6
2016,11,6
2016,11,6
2016,11,6
2016,11,6
2016,11,6
2016,11,6
2016,11,6
2016,11,6
2016,11,6
2016,11,6
2016,11,6
2016,11,6
2016,11,6
2016,11,6
2016,11,6
2016,11,6
2016,11,6
2016,11,6
2016,11,6
2016,11,6
2016,11,6
2016,11,6
2016,11,6
2016,11,6
2016,11,6
2016,11,6
2016,11,6
2016,11,6
2016,11,6
2016,11,6
2016,11,6
2016,11,6
2016,11,6
2016,11,6
2016,11,6
2016,11,6
2016,11,6
2016,11,6
2016,11,6
2016,11,6
2016,11,6
2016,11,6
2016,11,6
2016,11,6
2016,11,6
2016,11,6
2016,11,6
2016,11,6
2016,11,6
2016,11,6
2016,11,6
2016,11,6
2016,11,6
2016,11,6
2016,11,6
2016,11,6
2016,11,6
2016,11,6
2016,11,6
2016,11,6
2016,11,6
2016,11,6
2016,11,6
2016,11,6
2016,11,6
2016,11,6
2016,11,6
2016,11,6
2016,11,6
2016,11,6
2016,11,6
2016,11,6
2016,11,6
2016,11,6
2016,11,6
2016,11,6
2016,11,6
2016,11,6
2016,11,6
2016,11,6
2016,11,6
2016,11,6
2016,11,6
2016,11,6
2016,11,6
2016,11,6
2016,11,6
2016,11,6
2016,11,6
2016,11,6
2016,11,6
2016,11,6
2016,11,6
2016,11,6
2016,11,6
2016,11,6
2016,11,6
2016,11,6
2016,11,6
2016,11,6
2016,11,6
2016,11,6
2016,11,6
2016,11,6
2016,11,6
2016,11,6
2016,11,6
2016,11,6
2016,11,6
2016,11,6
2016,11,6
2016,11,6
2016,11,6
2016,11,6
2016,11,6
2016,11,6
2016,11,6
2016,11,6
2016,11,6
2016,11,6
2016,11,6
2016,11,6
2016,11,6
2016,11,6
2016,11,6
2016,11,6
2016,11,6
2016,11,6
2016,11,6
2016,11,6
2016,11,6
2016,11,6
2016,11,6
2016,11,6
2016,11,6
2016,11,6
2016,11,6
2016,11,6
2016,11,6
2016,11,6
2016,11,6
2016,11,6
2016,11,6
2016,11,6
2016,11,6
2016,11,6
2016,11,6
2016,11,6
2016,11,6
2016,11,6
2016,11,6
2016,11,6
2016,11,6
2016,11,6
2016,11,6
2016,11,6
2016,11,6
2016,11,6
2016,11,6
2016,11,6
2016,11,6
2016,11,6
2016,11,6
2016,11,6
2016,11,6
2016,11,6
2016,11,6
2016,11,6
2016,11,6
2016,11,6
2016,11,6
2016,11,6
2016,11,6
2016,11,6
2016,11,6
2016,11,6
2016,11,6
2016,11,6
2016,11,6
2016,11,6
2016,11,6
2016,11,6
2016,11,6
2016,11,6
2016,11,6
2016,11,6
2016,11,6
2016,11,6
2016,11,6
2016,11,6
2016,11,6
2016,11,6
2016,11,6
2016,11,6
2016,11,6
2016,11,6
2016,11,6
2016,11,6
2016,11,6
2016,11,6
2016,11,6
2016,11,6
2016,11,6
2016,11,6
2016,11,6
2016,11,6
2016,11,6
2016,11,6
2016,11,6
2016,11,6
2016,11,6
2016,11,6
2016,11,6
2016,11,6
2016,11,6
2016,11,6
2016,11,6
2016,11,6
2016,11,6
2016,11,6
2016,11,6
2016,11,6
2016,11,6
2016,11,6
2016,11,6
2016,11,6
2016,11,6
2016,11,6
2016,11,6
2016,11,6
2016,11,6
2016,11,6
2016,11,6
2016,11,6
2016,11,6
2016,11,6
2016,11,6
2016,11,6
2016,11,6
2016,11,6
2016,11,6
2016,11,6
2016,11,6
2016,11,6
2016,11,6
2016,11,6
2016,11,6
2016,11,6
2016,11,6
2016,11,6
2016,11,6
2016,11,6
2016,11,6
2016,11,6
2016,11,6
2016,11,6
2016,11,6
2016,11,6
2016,11,6
2016,11,6
2016,11,6
2016,11,6
2016,11,6
2016,11,6
2016,11,6
2016,11,6
2016,11,6
2016,11,6
2016,11,6
2016,11,6
2016,11,6
2016,11,6
2016,11,6
2016,11,6
2016,11,6
2016,11,6
2016,11,6
2016,11,6
2016,11,6
2016,11,6
2016,11,6
2016,11,6
2016,11,6
2016,11,6
2016,11,6
2016,11,6
2016,11,6
2016,11,6
2016,11,6
2016,11,6
2016,11,6
2016,11,6
2016,11,6
2016,11,6
2016,11,6
2016,11,6
2016,11,6
2016,11,6
2016,11,6
2016,11,6
2016,11,6
2016,11,6
2016,11,6
2016,11,6
2016,11,6
2016,11,6
2016,11,6
2016,11,6
2016,11,6
2016,11,6
2016,11,6
2016,11,6
2016,11,6
2016,11,6
2016,11,6
2016,11,6
2016,11,6
2016,11,6
2016,11,6
2016,11,6
2016,11,6
2016,11,6
2016,11,6
2016,11,6
2016,11,6
2016,11,6
2016,11,6
2016,11,6
2016,11,6
2016,11,6
2016,11,6
2016,11,6
2016,11,6
2016,11,6
2016,11,6
2016,11,6
2016,11,6
2016,11,6
2016,11,6
2016,11,6
2016,11,6
2016,11,6
2016,11,6
2016,11,6
2016,11,6
2016,11,6
2016,11,6
2016,11,6
2016,11,6
2016,11,6
2016,11,6
2016,11,6
2016,11,6
2016,11,6
2016,11,6
2016,11,6
2016,11,6
2016,11,6
2016,11,6
2016,11,6
2016,11,6
2016,11,6
2016,11,6
2016,11,6
2016,11,6
2016,11,6
2016,11,6
2016,11,6
2016,11,6
2016,11,6
2016,11,6
2016,11,6
2016,11,6
2016,11,6
2016,11,6
2016,11,6
2016,11,6
2016,11,6
2016,11,6
2016,11,6
2016,11,6
2016,11,6
2016,11,6
2016,11,6
2016,11,6
2016,11,6
2016,11,6
2016,11,6
2016,11,6
2016,11,6
2016,11,6
2016,11,6
2016,11,6
2016,11,6
2016,11,6
2016,11,6
2016,11,6
2016,11,6
2016,11,6
2016,11,6
2016,11,6
2016,11,6
2016,11,6
2016,11,6
2016,11,6
2016,11,6
2016,11,6
2016,11,6
2016,11,6
2016,11,6
2016,11,6
2016,11,6
2016,11,6
2016,11,6
2016,11,6
2016,11,6
2016,11,6
2016,11,6
2016,11,6
2016,11,6
2016,11,6
2016,11,6
2016,11,6
2016,11,6
2016,11,6
2016,11,6
2016,11,6
2016,11,6
2016,11,6
2016,11,6
2016,11,6
2016,11,6
2016,11,6
2016,11,6
2016,11,6
2016,11,6
2016,11,6
2016,11,6
2016,11,6
2016,11,6
2016,11,6
2016,11,6
2016,11,6
2016,11,6
2016,11,6
2016,11,6
2016,11,6
2016,11,6
2016,11,6
2016,11,6
2016,11,6
2016,11,6
2016,11,6
2016,11,6
2016,11,6
2016,11,6
2016,11,6
2016,11,6
2016,11,6
2016,11,6
2016,11,6
2016,11,6
2016,11,6
2016,11,6
2016,11,6
2016,11,6
2016,11,6
2016,11,6
2016,11,6
2016,11,6
2016,11,6
2016,11,6
2016,11,6
2016,11,6
2016,11,6
2016,11,6
2016,11,6
2016,11,6
2016,11,6
2016,11,6
2016,11,6
2016,11,6
2016,11,6
2016,11,6
2016,11,6
2016,11,6
2016,11,6
2016,11,6
2016,11,6
2016,11,6
2016,11,6
2016,11,6
2016,11,6
2016,11,6
2016,11,6
2016,11,6
2016,11,6
2016,11,6
2016,11,6
2016,11,6
2016,11,6
2016,11,6
2016,11,6
2016,11,6
2016,11,6
2016,11,6
2016,11,6
2016,11,6
2016,11,6
2016,11,6
2016,11,6
2016,11,6
2016,11,6
2016,11,6
2016,11,6
2016,11,6
2016,11,6
2016,11,6
2016,11,6
2016,11,6
2016,11,6
2016,11,6
2016,11,6
2016,11,6
2016,11,6
2016,11,6
2016,11,6
2016,11,6
2016,11,6
2016,11,6
2016,11,6
2016,11,6
2016,11,6
2016,11,6
2016,11,6
2016,11,6
2016,11,6
2016,11,6
2016,11,6
2016,11,6
2016,11,6
2016,11,6
2016,11,6
2016,11,6
2016,11,6
2016,11,6
2016,11,6
2016,11,6
2016,11,6
2016,11,6
2016,11,6
2016,11,6
2016,11,6
2016,11,6
2016,11,6
2016,11,6
2016,11,6
2016,11,6
2016,11,6
2016,11,6
2016,11,6
2016,11,6
2016,11,6
2016,11,6
2016,11,6
2016,11,6
2016,11,6
2016,11,6
2016,11,6
2016,11,6
2016,11,6
2016,11,6
2016,11,6
2016,11,6
2016,11,6
2016,11,6
2016,11,6
2016,11,6
2016,11,6
2016,11,6
2016,11,6
2016,11,6
2016,11,6
2016,11,6
2016,11,6
2016,11,6
2016,11,6
2016,11,6
2016,11,6
2016,11,6
2016,11,6
2016,11,6
2016,11,6
2016,11,6
2016,11,6
2016,11,6
2016,11,6
2016,11,6
2016,11,6
2016,11,6
2016,11,6
2016,11,6
2016,11,6
2016,11,6
2016,11,6
2016,11,6
2016,11,6
2016,11,6
2016,11,6
2016,11,6
2016,11,6
2016,11,6
2016,11,6
2016,11,6
2016,11,6
2016,11,6
2016,11,6
2016,11,6
2016,11,6
2016,11,6
2016,11,6
2016,11,6
2016,11,6
2016,11,6
2016,11,6
2016,11,6
2016,11,6
2016,11,6
2016,11,6
2016,11,6
2016,11,6
2016,11,6
2016,11,6
2016,11,6
2016,11,6
2016,11,6
2016,11,6
2016,11,6
2016,11,6
2016,11,6
2016,11,6
2016,11,6
2016,11,6
2016,11,6
2016,11,6
2016,11,6
2016,11,6
2016,11,6
2016,11,6
2016,11,6
2016,11,6
2016,11,6
2016,11,6
2016,11,6
2016,11,6
2016,11,6
2016,11,6
2016,11,6
2016,11,6
2016,11,6
2016,11,6
2016,11,6
2016,11,6
2016,11,6
2016,11,6
2016,11,6
2016,11,6
2016,11,6
2016,11,6
2016,11,6
2016,11,6
2016,11,6
2016,11,6
2016,11,6
2016,11,6
2016,11,6
2016,11,6
2016,11,6
2016,11,6
2016,11,6
2016,11,6
2016,11,6
2016,11,6
2016,11,6
2016,11,6
2016,11,6
2016,11,6
2016,11,6
2016,11,6
2016,11,6
2016,11,6
2016,11,6
2016,11,6
2016,11,6
2016,11,6
2016,11,6
2016,11,6
2016,11,6
2016,11,6
2016,11,6
2016,11,6
2016,11,6
2016,11,6
2016,11,6
2016,11,6
2016,11,6
2016,11,6
2016,11,6
2016,11,6
2016,11,6
2016,11,6
2016,11,6
2016,11,6
2016,11,6
2016,11,6
2016,11,6
2016,11,6
2016,11,6
2016,11,6
2016,11,6
2016,11,6
2016,11,6
2016,11,6
2016,11,6
2016,11,6
2016,11,6
2016,11,6
2016,11,6
2016,11,6
2016,11,6
2016,11,6
2016,11,6
2016,11,6
2016,11,6
2016,11,6
2016,11,6
2016,11,6
2016,11,6
2016,11,6
2016,11,6
2016,11,6
2016,11,6
2016,11,6
2016,11,6
2016,11,6
2016,11,6
2016,11,6
2016,11,6
2016,11,6
2016,11,6
2016,11,6
2016,11,6
2016,11,6
2016,11,6
2016,11,6
2016,11,6
2016,11,6
2016,11,6
2016,11,6
2016,11,6
2016,11,6
2016,11,6
2016,11,6
2016,11,6
2016,11,6
2016,11,6
2016,11,6
2016,11,6
2016,11,6
2016,11,6
2016,11,6
2016,11,6
2016,11,6
2016,11,6
2016,11,6
2016,11,6
2016,11,6
2016,11,6
2016,11,6
2016,11,6
2016,11,6
2016,11,6
2016,11,6
2016,11,6
2016,11,6
2016,11,6
2016,11,6
2016,11,6
2016,11,6
2016,11,6
2016,11,6
2016,11,6
2016,11,6
2016,11,6
2016,11,6
2016,11,6
2016,11,6
2016,11,6
2016,11,6
2016,11,6
2016,11,6
2016,11,6
2016,11,6
2016,11,6
2016,11,6
2016,11,6
2016,11,6
2016,11,6
2016,11,6
2016,11,6
2016,11,6
2016,11,6
2016,11,6
2016,11,6
2016,11,6
2016,11,6
2016,11,6
2016,11,6
2016,11,6
2016,11,6
2016,11,6
2016,11,6
2016,11,6
2016,11,6
2016,11,6
2016,11,6
2016,11,6
2016,11,6
2016,11,6
2016,11,6
2016,11,6
2016,11,6
2016,11,6
2016,11,6
2016,11,6
2016,11,6
2016,11,6
2016,11,6
2016,11,6
2016,11,6
2016,11,6
2016,11,6
2016,11,6
2016,11,6
2016,11,6
2016,11,6
2016,11,6
2016,11,6
2016,11,6
2016,11,6
2016,11,6
2016,11,6
2016,11,6
2016,11,6
2016,11,6
2016,11,6
2016,11,6
2016,11,6
2016,11,6
2016,11,6
2016,11,6
2016,11,6
2016,11,6
2016,11,6
2016,11,6
2016,11,6
2016,11,6
2016,11,6
2016,11,6
2016,11,6
2016,11,6
2016,11,6
2016,11,6
2016,11,6
2016,11,6
2016,11,6
2016,11,6
2016,11,6
2016,11,6
2016,11,6
2016,11,6
2016,11,6
2016,11,6
2016,11,6
2016,11,6
2016,11,6
2016,11,6
2016,11,6
2016,11,6
2016,11,6
2016,11,6
2016,11,6
2016,11,6
2016,11,6
2016,11,6
2016,11,6
2016,11,6
2016,11,6
2016,11,6
2016,11,6
2016,11,6
2016,11,6
2016,11,6
2016,11,6
2016,11,6
2016,11,6
2016,11,6
2016,11,6
2016,11,6
2016,11,6
2016,11,6
2016,11,6
2016,11,6
2016,11,6
2016,11,6
2016,11,6
2016,11,6
2016,11,6
2016,11,6
2016,11,6
2016,11,6
2016,11,6
2016,11,6
2016,11,6
2016,11,6
2016,11,6
2016,11,6
2016,11,6
2016,11,6
2016,11,6
2016,11,6
2016,11,6
2016,11,6
2016,11,6
2016,11,6
2016,11,6
2016,11,6
2016,11,6
2016,11,6
2016,11,6
2016,11,6
2016,11,6
2016,11,6
2016,11,6
2016,11,6
2016,11,6
2016,11,6
2016,11,6
2016,11,6
2016,11,6
2016,11,6
2016,11,6
2016,11,6
2016,11,6
2016,11,6
2016,11,6
2016,11,6
2016,11,6
2016,11,6
2016,11,6
2016,11,6
2016,11,6
2016,11,6
2016,11,6
2016,11,6
2016,11,6
2016,11,6
2016,11,6
2016,11,6
2016,11,6
2016,11,6
2016,11,6
2016,11,6
2016,11,6
2016,11,6
2016,11,6
2016,11,6
2016,11,6
2016,11,6
2016,11,6
2016,11,6
2016,11,6
2016,11,6
2016,11,6
2016,11,6
2016,11,6
2016,11,6
2016,11,6
2016,11,6
2016,11,6
2016,11,6
2016,11,6
2016,11,6
2016,11,6
2016,11,6
2016,11,6
2016,11,6
2016,11,6
2016,11,6
2016,11,6
2016,11,6
2016,11,6
2016,11,6
2016,11,6
2016,11,6
2016,11,6
2016,11,6
2016,11,6
2016,11,6
2016,11,6
2016,11,6
2016,11,6
2016,11,6
2016,11,6
2016,11,6
2016,11,6
2016,11,6
2016,11,6
2016,11,6
2016,11,6
2016,11,6
2016,11,6
2016,11,6
2016,11,6
2016,11,6
2016,11,6
2016,11,6
2016,11,6
2016,11,6
2016,11,6
2016,11,6
2016,11,6
2016,11,6
2016,11,6
2016,11,6
2016,11,6
2016,11,6
2016,11,6
2016,11,6
2016,11,6
2016,11,6
2016,11,6
2016,11,6
2016,11,6
2016,11,6
2016,11,6
2016,11,6
2016,11,6
2016,11,6
2016,11,6
2016,11,6
2016,11,6
2016,11,6
2016,11,6
2016,11,6
2016,11,6
2016,11,6
2016,11,6
2016,11,6
2016,11,6
2016,11,6
2016,11,6
2016,11,6
2016,11,6
2016,11,6
2016,11,6
2016,11,6
2016,11,6
2016,11,6
2016,11,6
2016,11,6
2016,11,6
2016,11,6
2016,11,6
2016,11,6
2016,11,6
2016,11,6
2016,11,6
2016,11,6
2016,11,6
2016,11,6
2016,11,6
2016,11,6
2016,11,6
2016,11,6
2016,11,6
2016,11,6
2016,11,6
2016,11,6
2016,11,6
2016,11,6
2016,11,6
2016,11,6
2016,11,6
2016,11,6
2016,11,6
2016,11,6
2016,11,6
2016,11,6
2016,11,6
2016,11,6
2016,11,6
2016,11,6
2016,11,6
2016,11,6
2016,11,6
2016,11,6
2016,11,6
2016,11,6
2016,11,6
2016,11,6
2016,11,6
2016,11,6
2016,11,6
2016,11,6
2016,11,6
2016,11,6
2016,11,6
2016,11,6
2016,11,6
2016,11,6
2016,11,6
2016,11,6
2016,11,6
2016,11,6
2016,11,6
2016,11,6
2016,11,6
2016,11,6
2016,11,6
2016,11,6
2016,11,6
2016,11,6
2016,11,6
2016,11,6
2016,11,6
2016,11,6
2016,11,6
2016,11,6
2016,11,6
2016,11,6
2016,11,6
2016,11,6
2016,11,6
2016,11,6
2016,11,6
2016,11,6
2016,11,6
2016,11,6
2016,11,6
2016,11,6
2016,11,6
2016,11,6
2016,11,6
2016,11,6
2016,11,6
2016,11,6
2016,11,6
2016,11,6
2016,11,6
2016,11,6
2016,11,6
2016,11,6
2016,11,6
2016,11,6
2016,11,6
2016,11,6
2016,11,6
2016,11,6
2016,11,6
2016,11,6
2016,11,6
2016,11,6
2016,11,6
2016,11,6
2016,11,6
2016,11,6
2016,11,6
2016,11,6
2016,11,6
2016,11,6
2016,11,6
2016,11,6
2016,11,6
2016,11,6
2016,11,6
2016,11,6
2016,11,6
2016,11,6
2016,11,6
2016,11,6
2016,11,6
2016,11,6
2016,11,6
2016,11,6
2016,11,6
2016,11,6
2016,11,6
2016,11,6
2016,11,6
2016,11,6
2016,11,6
2016,11,6
2016,11,6
2016,11,6
2016,11,6
2016,11,6
2016,11,6
2016,11,6
2016,11,6
2016,11,6
2016,11,6
2016,11,6
2016,11,6
2016,11,6
2016,11,6
2016,11,6
2016,11,6
2016,11,6
2016,11,6
2016,11,6
2016,11,6
2016,11,6
2016,11,6
2016,11,6
2016,11,6
2016,11,6
2016,11,6
2016,11,6
2016,11,6
2016,11,6
2016,11,6
2016,11,6
2016,11,6
2016,11,6
2016,11,6
2016,11,6
2016,11,6
2016,11,6
2016,11,6
2016,11,6
2016,11,6
2016,11,6
2016,11,6
2016,11,6
2016,11,6
2016,11,6
2016,11,6
2016,11,6
2016,11,6
2016,11,6
2016,11,6
2016,11,6
2016,11,6
2016,11,6
2016,11,6
2016,11,6
2016,11,6
2016,11,6
2016,11,6
2016,11,6
2016,11,6
2016,11,6
2016,11,6
2016,11,6
2016,11,6
2016,11,6
2016,11,6
2016,11,6
2016,11,6
2016,11,6
2016,11,6
2016,11,6
2016,11,6
2016,11,6
2016,11,6
2016,11,6
2016,11,6
2016,11,6
2016,11,6
2016,11,6
2016,11,6
2016,11,6
2016,11,6
2016,11,6
2016,11,6
2016,11,6
2016,11,6
2016,11,6
2016,11,6
2016,11,6
2016,11,6
2016,11,6
2016,11,6
2016,11,6
2016,11,6
2016,11,6
2016,11,6
2016,11,6
2016,11,6
2016,11,6
2016,11,6
2016,11,6
2016,11,6
2016,11,6
2016,11,6
2016,11,6
2016,11,6
2016,11,6
2016,11,6
2016,11,6
2016,11,6
2016,11,6
2016,11,6
2016,11,6
2016,11,6
2016,11,6
2016,11,6
2016,11,6
2016,11,6
2016,11,6
2016,11,6
2016,11,6
2016,11,6
2016,11,6
2016,11,6
2016,11,6
2016,11,6
2016,11,6
2016,11,6
2016,11,6
2016,11,6
2016,11,6
2016,11,6
2016,11,6
2016,11,6
2016,11,6
2016,11,6
2016,11,6
2016,11,6
2016,11,6
2016,11,6
2016,11,6
2016,11,6
2016,11,6
2016,11,6
2016,11,6
2016,11,6
2016,11,6
2016,11,6
2016,11,6
2016,11,6
2016,11,6
2016,11,6
2016,11,6
2016,11,6
2016,11,6
2016,11,6
2016,11,6
2016,11,6
2016,11,6
2016,11,6
2016,11,6
2016,11,6
2016,11,6
2016,11,6
2016,11,6
2016,11,6
2016,11,6
2016,11,6
2016,11,6
2016,11,6
2016,11,6
2016,11,6
2016,11,6
2016,11,6
2016,11,6
2016,11,6
2016,11,6
2016,11,6
2016,11,6
2016,11,6
2016,11,6
2016,11,6
2016,11,6
2016,11,6
2016,11,6
2016,11,6
2016,11,6
2016,11,6
2016,11,6
2016,11,6
2016,11,6
2016,11,6
2016,11,6
2016,11,6
2016,11,6
2016,11,6
2016,11,6
2016,11,6
2016,11,6
2016,11,6
2016,11,6
2016,11,6
2016,11,6
2016,11,6
2016,11,6
2016,11,6
2016,11,6
2016,11,6
2016,11,6
2016,11,6
2016,11,6
2016,11,6
2016,11,6
2016,11,6
2016,11,6
2016,11,6
2016,11,6
2016,11,6
2016,11,6
2016,11,6
2016,11,6
2016,11,6
2016,11,6
2016,11,6
2016,11,6
2016,11,6
2016,11,6
2016,11,6
2016,11,6
2016,11,6
2016,11,6
2016,11,6
2016,11,6
2016,11,6
2016,11,6
2016,11,6
2016,11,6
2016,11,6
2016,11,6
2016,11,6
2016,11,6
2016,11,6
2016,11,6
2016,11,6
2016,11,6
2016,11,6
2016,11,6
2016,11,6
2016,11,6
2016,11,6
2016,11,6
2016,11,6
2016,11,6
2016,11,6
2016,11,6
2016,11,6
2016,11,6
2016,11,6
2016,11,6
2016,11,6
2016,11,6
2016,11,6
2016,11,6
2016,11,6
2016,11,6
2016,11,6
2016,11,6
2016,11,6
2016,11,6
2016,11,6
2016,11,6
2016,11,6
2016,11,6
2016,11,6
2016,11,6
2016,11,6
2016,11,6
2016,11,6
2016,11,6
2016,11,6
2016,11,6
2016,11,6
2016,11,6
2016,11,6
2016,11,6
2016,11,6
2016,11,6
2016,11,6
2016,11,6
2016,11,6
2016,11,6
2016,11,6
2016,11,6
2016,11,6
2016,11,6
2016,11,6
2016,11,6
2016,11,6
2016,11,6
2016,11,6
2016,11,6
2016,11,6
2016,11,6
2016,11,6
2016,11,6
2016,11,6
2016,11,6
2016,11,6
2016,11,6
2016,11,6
2016,11,6
2016,11,6
2016,11,6
2016,11,6
2016,11,6
2016,11,6
2016,11,6
2016,11,6
2016,11,6
2016,11,6
2016,11,6
2016,11,6
2016,11,6
2016,11,6
2016,11,6
2016,11,6
2016,11,6
2016,11,6
2016,11,6
2016,11,6
2016,11,6
2016,11,6
2016,11,6
2016,11,6
2016,11,6
2016,11,6
2016,11,6
2016,11,6
2016,11,6
2016,11,6
2016,11,6
2016,11,6
2016,11,6
2016,11,6
2016,11,6
2016,11,6
2016,11,6
2016,11,6
2016,11,6
2016,11,6
2016,11,6
2016,11,6
2016,11,6
2016,11,6
2016,11,6
2016,11,6
2016,11,6
2016,11,6
2016,11,6
2016,11,6
2016,11,6
2016,11,6
2016,11,6
2016,11,6
2016,11,6
2016,11,6
2016,11,6
2016,11,6
2016,11,6
2016,11,6
2016,11,6
2016,11,6
2016,11,6
2016,11,6
2016,11,6
2016,11,6
2016,11,6
2016,11,6
2016,11,6
2016,11,6
2016,11,6
2016,11,6
2016,11,6
2016,11,6
2016,11,6
2016,11,6
2016,11,6
2016,11,6
2016,11,6
2016,11,6
2016,11,6
2016,11,6
2016,11,6
2016,11,6
2016,11,6
2016,11,6
2016,11,6
2016,11,6
2016,11,6
2016,11,6
2016,11,6
2016,11,6
2016,11,6
2016,11,6
2016,11,6
2016,11,6
2016,11,6
2016,11,6
2016,11,6
2016,11,6
2016,11,6
2016,11,6
2016,11,6
2016,11,6
2016,11,6
2016,11,6
2016,11,6
2016,11,6
2016,11,6
2016,11,6
2016,11,6
2016,11,6
2016,11,6
2016,11,6
2016,11,6
2016,11,6
2016,11,6
2016,11,6
2016,11,6
2016,11,6
2016,11,6
2016,11,6
2016,11,6
2016,11,6
2016,11,6
2016,11,6
2016,11,6
2016,11,6
2016,11,6
2016,11,6
2016,11,6
2016,11,6
2016,11,6
2016,11,6
2016,11,6
2016,11,6
2016,11,6
2016,11,6
2016,11,6
2016,11,6
2016,11,6
2016,11,6
2016,11,6
2016,11,6
2016,11,6
2016,11,6
2016,11,6
2016,11,6
2016,11,6
2016,11,6
2016,11,6
2016,11,6
2016,11,6
2016,11,6
2016,11,6
2016,11,6
2016,11,6
2016,11,6
2016,11,6
2016,11,6
2016,11,6
2016,11,6
2016,11,6
2016,11,6
2016,11,6
2016,11,6
2016,11,6
2016,11,6
2016,11,6
2016,11,6
2016,11,6
2016,11,6
2016,11,6
2016,11,6
2016,11,6
2016,11,6
2016,11,6
2016,11,6
2016,11,6
2016,11,6
2016,11,6
2016,11,6
2016,11,6
2016,11,6
2016,11,6
2016,11,6
2016,11,6
2016,11,6
2016,11,6
2016,11,6
2016,11,6
2016,11,6
2016,11,6
2016,11,6
2016,11,6
2016,11,6
2016,11,6
2016,11,6
2016,11,6
2016,11,6
2016,11,6
2016,11,6
2016,11,6
2016,11,6
2016,11,6
2016,11,6
2016,11,6
2016,11,6
2016,11,6
2016,11,6
2016,11,6
2016,11,6
2016,11,6
2016,11,6
2016,11,6
2016,11,6
2016,11,6
2016,11,6
2016,11,6
2016,11,6
2016,11,6
2016,11,6
2016,11,6
2016,11,6
2016,11,6
2016,11,6
2016,11,6
2016,11,6
2016,11,6
2016,11,6
2016,11,6
2016,11,6
2016,11,6
2016,11,6
2016,11,6
2016,11,6
2016,11,6
2016,11,6
2016,11,6
2016,11,6
2016,11,6
2016,11,6
2016,11,6
2016,11,6
2016,11,6
2016,11,6
2016,11,6
2016,11,6
2016,11,6
2016,11,6
2016,11,6
2016,11,6
2016,11,6
2016,11,6
2016,11,6
2016,11,6
2016,11,6
2016,11,6
2016,11,6
2016,11,6
2016,11,6
2016,11,6
2016,11,6
2016,11,6
2016,11,6
2016,11,6
2016,11,6
2016,11,6
2016,11,6
2016,11,6
2016,11,6
2016,11,6
2016,11,6
2016,11,6
2016,11,6
2016,11,6
2016,11,6
2016,11,6
2016,11,6
2016,11,6
2016,11,6
2016,11,6
2016,11,6
2016,11,6
2016,11,6
2016,11,6
2016,11,6
2016,11,6
2016,11,6
2016,11,6
2016,11,6
2016,11,6
2016,11,6
2016,11,6
2016,11,6
2016,11,6
2016,11,6
2016,11,6
2016,11,6
2016,11,6
2016,11,6
2016,11,6
2016,11,6
2016,11,6
2016,11,6
2016,11,6
2016,11,6
2016,11,6
2016,11,6
2016,11,6
2016,11,6
2016,11,6
2016,11,6
2016,11,6
2016,11,6
2016,11,6
2016,11,6
2016,11,6
2016,11,6
2016,11,6
2016,11,6
2016,11,6
2016,11,6
2016,11,6
2016,11,6
2016,11,6
2016,11,6
2016,11,6
2016,11,6
2016,11,6
2016,11,6
2016,11,6
2016,11,6
2016,11,6
2016,11,6
2016,11,6
2016,11,6
2016,11,6
2016,11,6
2016,11,6
2016,11,6
2016,11,6
2016,11,6
2016,11,6
2016,11,6
2016,11,6
2016,11,6
2016,11,6
2016,11,6
2016,11,6
2016,11,6
2016,11,6
2016,11,6
2016,11,6
2016,11,6
2016,11,6
2016,11,6
2016,11,6
2016,11,6
2016,11,6
2016,11,6
2016,11,6
2016,11,6
2016,11,6
2016,11,6
2016,11,6
2016,11,6
2016,11,6
2016,11,6
2016,11,6
2016,11,6
2016,11,6
2016,11,6
2016,11,6
2016,11,6
2016,11,6
2016,11,6
2016,11,6
2016,11,6
2016,11,6
2016,11,6
2016,11,6
2016,11,6
2016,11,6
2016,11,6
2016,11,6
2016,11,6
2016,11,6
2016,11,6
2016,11,6
2016,11,6
2016,11,6
2016,11,6
2016,11,6
2016,11,6
2016,11,6
2016,11,6
2016,11,6
2016,11,6
2016,11,6
2016,11,6
2016,11,6
2016,11,6
2016,11,6
2016,11,6
2016,11,6
2016,11,6
2016,11,6
2016,11,6
2016,11,6
2016,11,6
2016,11,6
2016,11,6
2016,11,6
2016,11,6
2016,11,6
2016,11,6
2016,11,6
2016,11,6
2016,11,6
2016,11,6
2016,11,6
2016,11,6
2016,11,6
2016,11,6
2016,11,6
2016,11,6
2016,11,6
2016,11,6
2016,11,6
2016,11,6
2016,11,6
2016,11,6
2016,11,6
2016,11,6
2016,11,6
2016,11,6
2016,11,6
2016,11,6
2016,11,6
2016,11,6
2016,11,6
2016,11,6
2016,11,6
2016,11,6
2016,11,6
2016,11,6
2016,11,6
2016,11,6
2016,11,6
2016,11,6
2016,11,6
2016,11,6
2016,11,6
2016,11,6
2016,11,6
2016,11,6
2016,11,6
2016,11,6
2016,11,6
2016,11,6
2016,11,6
2016,11,6
2016,11,6
2016,11,6
2016,11,6
2016,11,6
2016,11,6
2016,11,6
2016,11,6
2016,11,6
2016,11,6
2016,11,6
2016,11,6
2016,11,6
2016,11,6
2016,11,6
2016,11,6
2016,11,6
2016,11,6
2016,11,6
2016,11,6
2016,11,6
2016,11,6
2016,11,6
2016,11,6
2016,11,6
2016,11,6
2016,11,6
2016,11,6
2016,11,6
2016,11,6
2016,11,6
2016,11,6
2016,11,6
2016,11,6
2016,11,6
2016,11,6
2016,11,6
2016,11,6
2016,11,6
2016,11,6
2016,11,6
2016,11,6
2016,11,6
2016,11,6
2016,11,6
2016,11,6
2016,11,6
2016,11,6
2016,11,6
2016,11,6
2016,11,6
2016,11,6
2016,11,6
2016,11,6
2016,11,6
2016,11,6
2016,11,6
2016,11,6
2016,11,6
2016,11,6
2016,11,6
2016,11,6
2016,11,6
2016,11,6
2016,11,6
2016,11,6
2016,11,6
2016,11,6
2016,11,6
2016,11,6
2016,11,6
2016,11,6
2016,11,6
2016,11,6
2016,11,6
2016,11,6
2016,11,6
2016,11,6
2016,11,6
2016,11,6
2016,11,6
2016,11,6
2016,11,6
2016,11,6
2016,11,6
2016,11,6
2016,11,6
2016,11,6
2016,11,6
2016,11,6
2016,11,6
2016,11,6
2016,11,6
2016,11,6
2016,11,6
2016,11,6
2016,11,6
2016,11,6
2016,11,6
2016,11,6
2016,11,6
2016,11,6
2016,11,6
2016,11,6
2016,11,6
2016,11,6
2016,11,6
2016,11,6
2016,11,6
2016,11,6
2016,11,6
2016,11,6
2016,11,6
2016,11,6
2016,11,6
2016,11,6
2016,11,6
2016,11,6
2016,11,6
2016,11,6
2016,11,6
2016,11,6
2016,11,6
2016,11,6
2016,11,6
2016,11,6
2016,11,6
2016,11,6
2016,11,6
2016,11,6
2016,11,6
2016,11,6
2016,11,6
2016,11,6
2016,11,6
2016,11,6
2016,11,6
2016,11,6
2016,11,6
2016,11,6
2016,11,6
2016,11,6
2016,11,6
2016,11,6
2016,11,6
2016,11,6
2016,11,6
2016,11,6
2016,11,6
2016,11,6
2016,11,6
2016,11,6
2016,11,6
2016,11,6
2016,11,6
2016,11,6
2016,11,6
2016,11,6
2016,11,6
2016,11,6
2016,11,6
2016,11,6
2016,11,6
2016,11,6
2016,11,6
2016,11,6
2016,11,6
2016,11,6
2016,11,6
2016,11,6
2016,11,6
2016,11,6
2016,11,6
2016,11,6
2016,11,6
2016,11,6
2016,11,6
2016,11,6
2016,11,6
2016,11,6
2016,11,6
2016,11,6
2016,11,6
2016,11,6
2016,11,6
2016,11,6
2016,11,6
2016,11,6
2016,11,6
2016,11,6
2016,11,6
2016,11,6
2016,11,6
2016,11,6
2016,11,6
2016,11,6
2016,11,6
2016,11,6
2016,11,6
2016,11,6
2016,11,6
2016,11,6
2016,11,6
2016,11,6
2016,11,6
2016,11,6
2016,11,6
2016,11,6
2016,11,6
2016,11,6
2016,11,6
2016,11,6
2016,11,6
2016,11,6
2016,11,6
2016,11,6
2016,11,6
2016,11,6
2016,11,6
2016,11,6
2016,11,6
2016,11,6
2016,11,6
2016,11,6
2016,11,6
2016,11,6
2016,11,6
2016,11,6
2016,11,6
2016,11,6
2016,11,6
2016,11,6
2016,11,6
2016,11,6
2016,11,6
2016,11,6
2016,11,6
2016,11,6
2016,11,6
2016,11,6
2016,11,6
2016,11,6
2016,11,6
2016,11,6
2016,11,6
2016,11,6
2016,11,6
2016,11,6
2016,11,6
2016,11,6
2016,11,6
2016,11,6
2016,11,6
2016,11,6
2016,11,6
2016,11,6
2016,11,6
2016,11,6
2016,11,6
2016,11,6
2016,11,6
2016,11,6
2016,11,6
2016,11,6
2016,11,6
2016,11,6
2016,11,6
2016,11,6
2016,11,6
2016,11,6
2016,11,6
2016,11,6
2016,11,6
2016,11,6
2016,11,6
2016,11,6
2016,11,6
2016,11,6
2016,11,6
2016,11,6
2016,11,6
2016,11,6
2016,11,6
2016,11,6
2016,11,6
2016,11,6
2016,11,6
2016,11,6
2016,11,6
2016,11,6
2016,11,6
2016,11,6
2016,11,6
2016,11,6
2016,11,6
2016,11,6
2016,11,6
2016,11,6
2016,11,6
2016,11,6
2016,11,6
2016,11,6
2016,11,6
2016,11,6
2016,11,6
2016,11,6
2016,11,6
2016,11,6
2016,11,6
2016,11,6
2016,11,6
2016,11,6
2016,11,6
2016,11,6
2016,11,6
2016,11,6
2016,11,6
2016,11,6
2016,11,6
2016,11,6
2016,11,6
2016,11,6
2016,11,6
2016,11,6
2016,11,6
2016,11,6
2016,11,6
2016,11,6
2016,11,6
2016,11,6
2016,11,6
2016,11,6
2016,11,6
2016,11,6
2016,11,6
2016,11,6
2016,11,6
2016,11,6
2016,11,6
2016,11,6
2016,11,6
2016,11,6
2016,11,6
2016,11,6
2016,11,6
2016,11,6
2016,11,6
2016,11,6
2016,11,6
2016,11,6
2016,11,6
2016,11,6
2016,11,6
2016,11,6
2016,11,6
2016,11,6
2016,11,6
2016,11,6
2016,11,6
2016,11,6
2016,11,6
2016,11,6
2016,11,6
2016,11,6
2016,11,6
2016,11,6
2016,11,6
2016,11,6
2016,11,6
2016,11,6
2016,11,6
2016,11,6
2016,11,6
2016,11,6
2016,11,6
2016,11,6
2016,11,6
2016,11,6
2016,11,6
2016,11,6
2016,11,6
2016,11,6
2016,11,6
2016,11,6
2016,11,6
2016,11,6
2016,11,6
2016,11,6
2016,11,6
2016,11,6
2016,11,6
2016,11,6
2016,11,6
2016,11,6
2016,11,6
2016,11,6
2016,11,6
2016,11,6
2016,11,6
2016,11,6
2016,11,6
2016,11,6
2016,11,6
2016,11,6
2016,11,6
2016,11,6
2016,11,6
2016,11,6
2016,11,6
2016,11,6
2016,11,6
2016,11,6
2016,11,6
2016,11,6
2016,11,6
2016,11,6
2016,11,6
2016,11,6
2016,11,6
2016,11,6
2016,11,6
2016,11,6
2016,11,6
2016,11,6
2016,11,6
2016,11,6
2016,11,6
2016,11,6
2016,11,6
2016,11,6
2016,11,6
2016,11,6
2016,11,6
2016,11,6
2016,11,6
2016,11,6
2016,11,6
2016,11,6
2016,11,6
2016,11,6
2016,11,6
2016,11,6
2016,11,6
2016,11,6
2016,11,6
2016,11,6
2016,11,6
2016,11,6
2016,11,6
2016,11,6
2016,11,6
2016,11,6
2016,11,6
2016,11,6
2016,11,6
2016,11,6
2016,11,6
2016,11,6
2016,11,6
2016,11,6
2016,11,6
2016,11,6
2016,11,6
2016,11,6
2016,11,6
2016,11,6
2016,11,6
2016,11,6
2016,11,6
2016,11,6
2016,11,6
2016,11,6
2016,11,6
2016,11,6
2016,11,6
2016,11,6
2016,11,6
2016,11,6
2016,11,6
2016,11,6
2016,11,6
2016,11,6
2016,11,6
2016,11,6
2016,11,6
2016,11,6
2016,11,6
2016,11,6
2016,11,6
2016,11,6
2016,11,6
2016,11,6
2016,11,6
2016,11,6
2016,11,6
2016,11,6
2016,11,6
2016,11,6
2016,11,6
2016,11,6
2016,11,6
2016,11,6
2016,11,6
2016,11,6
2016,11,6
2016,11,6
2016,11,6
2016,11,6
2016,11,6
2016,11,6
2016,11,6
2016,11,6
2016,11,6
2016,11,6
2016,11,6
2016,11,6
2016,11,6
2016,11,6
2016,11,6
2016,11,6
2016,11,6
2016,11,6
2016,11,6
2016,11,6
2016,11,6
2016,11,6
2016,11,6
2016,11,6
2016,11,6
2016,11,6
2016,11,6
2016,11,6
2016,11,6
2016,11,6
2016,11,6
2016,11,6
2016,11,6
2016,11,6
2016,11,6
2016,11,6
2016,11,6
2016,11,6
2016,11,6
2016,11,6
2016,11,6
2016,11,6
2016,11,6
2016,11,6
2016,11,6
2016,11,6
2016,11,6
2016,11,6
2016,11,6
2016,11,6
2016,11,6
2016,11,6
2016,11,6
2016,11,6
2016,11,6
2016,11,6
2016,11,6
2016,11,6
2016,11,6
2016,11,6
2016,11,6
2016,11,6
2016,11,6
2016,11,6
2016,11,6
2016,11,6
2016,11,6
2016,11,6
2016,11,6
2016,11,6
2016,11,6
2016,11,6
2016,11,6
2016,11,6
2016,11,6
2016,11,6
2016,11,6
2016,11,6
2016,11,6
2016,11,6
2016,11,6
2016,11,6
2016,11,6
2016,11,6
2016,11,6
2016,11,6
2016,11,6
2016,11,6
2016,11,6
2016,11,6
2016,11,6
2016,11,6
2016,11,6
2016,11,6
2016,11,6
2016,11,6
2016,11,6
2016,11,6
2016,11,6
2016,11,6
2016,11,6
2016,11,6
2016,11,6
2016,11,6
2016,11,6
2016,11,6
2016,11,6
2016,11,6
2016,11,6
2016,11,6
2016,11,6
2016,11,6
2016,11,6
2016,11,6
2016,11,6
2016,11,6
2016,11,6
2016,11,6
2016,11,6
2016,11,6
2016,11,6
2016,11,6
2016,11,6
2016,11,6
2016,11,6
2016,11,6
2016,11,6
2016,11,6
2016,11,6
2016,11,6
2016,11,6
2016,11,6
2016,11,6
2016,11,6
2016,11,6
2016,11,6
2016,11,6
2016,11,6
2016,11,6
2016,11,6
2016,11,6
2016,11,6
2016,11,6
2016,11,6
2016,11,6
2016,11,6
2016,11,6
2016,11,6
2016,11,6
2016,11,6
2016,11,6
2016,11,6
2016,11,6
2016,11,6
2016,11,6
2016,11,6
2016,11,6
2016,11,6
2016,11,6
2016,11,6
2016,11,6
2016,11,6
2016,11,6
2016,11,6
2016,11,6
2016,11,6
2016,11,6
2016,11,6
2016,11,6
2016,11,6
2016,11,6
2016,11,6
2016,11,6
2016,11,6
2016,11,6
2016,11,6
2016,11,6
2016,11,6
2016,11,6
2016,11,6
2016,11,6
2016,11,6
2016,11,6
2016,11,6
2016,11,6
2016,11,6
2016,11,6
2016,11,6
2016,11,6
2016,11,6
2016,11,6
2016,11,6
2016,11,6
2016,11,6
2016,11,6
2016,11,6
2016,11,6
2016,11,6
2016,11,6
2016,11,6
2016,11,6
2016,11,6
2016,11,6
2016,11,6
2016,11,6
2016,11,6
2016,11,6
2016,11,6
2016,11,6
2016,11,6
2016,11,6
2016,11,6
2016,11,6
2016,11,6
2016,11,6
2016,11,6
2016,11,6
2016,11,6
2016,11,6
2016,11,6
2016,11,6
2016,11,6
2016,11,6
2016,11,6
2016,11,6
2016,11,6
2016,11,6
2016,11,6
2016,11,6
2016,11,6
2016,11,6
2016,11,6
2016,11,6
2016,11,6
2016,11,6
2016,11,6
2016,11,6
2016,11,6
2016,11,6
2016,11,6
2016,11,6
2016,11,6
2016,11,6
2016,11,6
2016,11,6
2016,11,6
2016,11,6
2016,11,6
2016,11,6
2016,11,6
2016,11,6
2016,11,6
2016,11,6
2016,11,6
2016,11,6
2016,11,6
2016,11,6
2016,11,6
2016,11,6
2016,11,6
2016,11,6
2016,11,6
2016,11,6
2016,11,6
2016,11,6
2016,11,6
2016,11,6
2016,11,6
2016,11,6
2016,11,6
2016,11,6
2016,11,6
2016,11,6
2016,11,6
2016,11,6
2016,11,6
2016,11,6
2016,11,6
2016,11,6
2016,11,6
2016,11,6
2016,11,6
2016,11,6
2016,11,6
2016,11,6
2016,11,6
2016,11,6
2016,11,6
2016,11,6
2016,11,6
2016,11,6
2016,11,6
2016,11,6
2016,11,6
2016,11,6
2016,11,6
2016,11,6
2016,11,6
2016,11,6
2016,11,6
2016,11,6
2016,11,6
2016,11,6
2016,11,6
2016,11,6
2016,11,6
2016,11,6
2016,11,6
2016,11,6
2016,11,6
2016,11,6
2016,11,6
2016,11,6
2016,11,6
2016,11,6
2016,11,6
2016,11,6
2016,11,6
2016,11,6
2016,11,6
2016,11,6
2016,11,6
2016,11,6
2016,11,6
2016,11,6
2016,11,6
2016,11,6
2016,11,6
2016,11,6
2016,11,6
2016,11,6
2016,11,6
2016,11,6
2016,11,6
2016,11,6
2016,11,6
2016,11,6
2016,11,6
2016,11,6
2016,11,6
2016,11,6
2016,11,6
2016,11,6
2016,11,6
2016,11,6
2016,11,6
2016,11,6
2016,11,6
2016,11,6
2016,11,6
2016,11,6
2016,11,6
2016,11,6
2016,11,6
2016,11,6
2016,11,6
2016,11,6
2016,11,6
2016,11,6
2016,11,6
2016,11,6
2016,11,6
2016,11,6
2016,11,6
2016,11,6
2016,11,6
2016,11,6
2016,11,6
2016,11,6
2016,11,6
2016,11,6
2016,11,6
2016,11,6
2016,11,6
2016,11,6
2016,11,6
2016,11,6
2016,11,6
2016,11,6
2016,11,6
2016,11,6
2016,11,6
2016,11,6
2016,11,6
2016,11,6
2016,11,6
2016,11,6
2016,11,6
2016,11,6
2016,11,6
2016,11,6
2016,11,6
2016,11,6
2016,11,6
2016,11,6
2016,11,6
2016,11,6
2016,11,6
2016,11,6
2016,11,6
2016,11,6
2016,11,6
2016,11,6
2016,11,6
2016,11,6
2016,11,6
2016,11,6
2016,11,6
2016,11,6
2016,11,6
2016,11,6
2016,11,6
2016,11,6
2016,11,6
2016,11,6
2016,11,6
2016,11,6
2016,11,6
2016,11,6
2016,11,6
2016,11,6
2016,11,6
2016,11,6
2016,11,6
2016,11,6
2016,11,6
2016,11,6
2016,11,6
2016,11,6
2016,11,6
2016,11,6
2016,11,6
2016,11,6
2016,11,6
2016,11,6
2016,11,6
2016,11,6
2016,11,6
2016,11,6
2016,11,6
2016,11,6
2016,11,6
2016,11,6
2016,11,6
2016,11,6
2016,11,6
2016,11,6
2016,11,6
2016,11,6
2016,11,6
2016,11,6
2016,11,6
2016,11,6
2016,11,6
2016,11,6
2016,11,6
2016,11,6
2016,11,6
2016,11,6
2016,11,6
2016,11,6
2016,11,6
2016,11,6
2016,11,6
2016,11,6
2016,11,6
2016,11,6
2016,11,6
2016,11,6
2016,11,6
2016,11,6
2016,11,6
2016,11,6
2016,11,6
2016,11,6
2016,11,6
2016,11,6
2016,11,6
2016,11,6
2016,11,6
2016,11,6
2016,11,6
2016,11,6
2016,11,6
2016,11,6
2016,11,6
2016,11,6
2016,11,6
2016,11,6
2016,11,6
2016,11,6
2016,11,6
2016,11,6
2016,11,6
2016,11,6
2016,11,6
2016,11,6
2016,11,6
2016,11,6
2016,11,6
2016,11,6
2016,11,6
2016,11,6
2016,11,6
2016,11,6
2016,11,6
2016,11,6
2016,11,6
2016,11,6
2016,11,6
2016,11,6
2016,11,6
2016,11,6
2016,11,6
2016,11,6
2016,11,6
2016,11,6
2016,11,6
2016,11,6
2016,11,6
2016,11,6
2016,11,6
2016,11,6
2016,11,6
2016,11,6
2016,11,6
2016,11,6
2016,11,6
2016,11,6
2016,11,6
2016,11,6
2016,11,6
2016,11,6
2016,11,6
2016,11,6
2016,11,6
2016,11,6
2016,11,6
2016,11,6
2016,11,6
2016,11,6
2016,11,6
2016,11,6
2016,11,6
2016,11,6
2016,11,6
2016,11,6
2016,11,6
2016,11,6
2016,11,6
2016,11,6
2016,11,6
2016,11,6
2016,11,6
2016,11,6
2016,11,6
2016,11,6
2016,11,6
2016,11,6
2016,11,6
2016,11,6
2016,11,6
2016,11,6
2016,11,6
2016,11,6
2016,11,6
2016,11,6
2016,11,6
2016,11,6
2016,11,6
2016,11,6
2016,11,6
2016,11,6
2016,11,6
2016,11,6
2016,11,6
2016,11,6
2016,11,6
2016,11,6
2016,11,6
2016,11,6
2016,11,6
2016,11,6
2016,11,6
2016,11,6
2016,11,6
2016,11,6
2016,11,6
2016,11,6
2016,11,6
2016,11,6
2016,11,6
2016,11,6
2016,11,6
2016,11,6
2016,11,6
2016,11,6
2016,11,6
2016,11,6
2016,11,6
2016,11,6
2016,11,6
2016,11,6
2016,11,6
2016,11,6
2016,11,6
2016,11,6
2016,11,6
2016,11,6
2016,11,6
2016,11,6
2016,11,6
2016,11,6
2016,11,6
2016,11,6
2016,11,6
2016,11,6
2016,11,6
2016,11,6
2016,11,6
2016,11,6
2016,11,6
2016,11,6
2016,11,6
2016,11,6
2016,11,6
2016,11,6
2016,11,6
2016,11,6
2016,11,6
2016,11,6
2016,11,6
2016,11,6
2016,11,6
2016,11,6
2016,11,6
2016,11,6
2016,11,6
2016,11,6
2016,11,6
2016,11,6
2016,11,6
2016,11,6
2016,11,6
2016,11,6
2016,11,6
2016,11,6
2016,11,6
2016,11,6
2016,11,6
2016,11,6
2016,11,6
2016,11,6
2016,11,6
2016,11,6
2016,11,6
2016,11,6
2016,11,6
2016,11,6
2016,11,6
2016,11,6
2016,11,6
2016,11,6
2016,11,6
2016,11,6
2016,11,6
2016,11,6
2016,11,6
2016,11,6
2016,11,6
2016,11,6
2016,11,6
2016,11,6
2016,11,6
2016,11,6
2016,11,6
2016,11,6
2016,11,6
2016,11,6
2016,11,6
2016,11,6
2016,11,6
2016,11,6
2016,11,6
2016,11,6
2016,11,6
2016,11,6
2016,11,6
2016,11,6
2016,11,6
2016,11,6
2016,11,6
2016,11,6
2016,11,6
2016,11,6
2016,11,6
2016,11,6
2016,11,6
2016,11,6
2016,11,6
2016,11,6
2016,11,6
2016,11,6
2016,11,6
2016,11,6
2016,11,6
2016,11,6
2016,11,6
2016,11,6
2016,11,6
2016,11,6
2016,11,6
2016,11,6
2016,11,6
2016,11,6
2016,11,6
2016,11,6
2016,11,6
2016,11,6
2016,11,6
2016,11,6
2016,11,6
2016,11,6
2016,11,6
2016,11,6
2016,11,6
2016,11,6
2016,11,6
2016,11,6
2016,11,6
2016,11,6
2016,11,6
2016,11,6
2016,11,6
2016,11,6
2016,11,6
2016,11,6
2016,11,6
2016,11,6
2016,11,6
2016,11,6
2016,11,6
2016,11,6
2016,11,6
2016,11,6
2016,11,6
2016,11,6
2016,11,6
2016,11,6
2016,11,6
2016,11,6
2016,11,6
2016,11,6
2016,11,6
2016,11,6
2016,11,6
2016,11,6
2016,11,6
2016,11,6
2016,11,6
2016,11,6
2016,11,6
2016,11,6
2016,11,6
2016,11,6
2016,11,6
2016,11,6
2016,11,6
2016,11,6
2016,11,6
2016,11,6
2016,11,6
2016,11,6
2016,11,6
2016,11,6
2016,11,6
2016,11,6
2016,11,6
2016,11,6
2016,11,6
2016,11,6
2016,11,6
2016,11,6
2016,11,6
2016,11,6
2016,11,6
2016,11,6
2016,11,6
2016,11,6
2016,11,6
2016,11,6
2016,11,6
2016,11,6
2016,11,6
2016,11,6
2016,11,6
2016,11,6
2016,11,6
2016,11,6
2016,11,6
2016,11,6
2016,11,6
2016,11,6
2016,11,6
2016,11,6
2016,11,6
2016,11,6
2016,11,6
2016,11,6
2016,11,6
2016,11,6
2016,11,6
2016,11,6
2016,11,6
2016,11,6
2016,11,6
2016,11,6
2016,11,6
2016,11,6
2016,11,6
2016,11,6
2016,11,6
2016,11,6
2016,11,6
2016,11,6
2016,11,6
2016,11,6
2016,11,6
2016,11,6
2016,11,6
2016,11,6
2016,11,6
2016,11,6
2016,11,6
2016,11,6
2016,11,6
2016,11,6
2016,11,6
2016,11,6
2016,11,6
2016,11,6
2016,11,6
2016,11,6
2016,11,6
2016,11,6
2016,11,6
2016,11,6
2016,11,6
2016,11,6
2016,11,6
2016,11,6
2016,11,6
2016,11,6
2016,11,6
2016,11,6
2016,11,6
2016,11,6
2016,11,6
2016,11,6
2016,11,6
2016,11,6
2016,11,6
2016,11,6
2016,11,6
2016,11,6
2016,11,6
2016,11,6
2016,11,6
2016,11,6
2016,11,6
2016,11,6
2016,11,6
2016,11,6
2016,11,6
2016,11,6
2016,11,6
2016,11,6
2016,11,6
2016,11,6
2016,11,6
2016,11,6
2016,11,6
2016,11,6
2016,11,6
2016,11,6
2016,11,6
2016,11,6
2016,11,6
2016,11,6
2016,11,6
2016,11,6
2016,11,6
2016,11,6
2016,11,6
2016,11,6
2016,11,6
2016,11,6
2016,11,6
2016,11,6
2016,11,6
2016,11,6
2016,11,6
2016,11,6
2016,11,6
2016,11,6
2016,11,6
2016,11,6
2016,11,6
2016,11,6
2016,11,6
2016,11,6
2016,11,6
2016,11,6
2016,11,6
2016,11,6
2016,11,6
2016,11,6
2016,11,6
2016,11,6
2016,11,6
2016,11,6
2016,11,6
2016,11,6
2016,11,6
2016,11,6
2016,11,6
2016,11,6
2016,11,6
2016,11,6
2016,11,6
2016,11,6
2016,11,6
2016,11,6
2016,11,6
2016,11,6
2016,11,6
2016,11,6
2016,11,6
2016,11,6
2016,11,6
2016,11,6
2016,11,6
2016,11,6
2016,11,6
2016,11,6
2016,11,6
2016,11,6
2016,11,6
2016,11,6
2016,11,6
2016,11,6
2016,11,6
2016,11,6
2016,11,6
2016,11,6
2016,11,6
2016,11,6
2016,11,6
2016,11,6
2016,11,6
2016,11,6
2016,11,6
2016,11,6
2016,11,6
2016,11,6
2016,11,6
2016,11,6
2016,11,6
2016,11,6
2016,11,6
2016,11,6
2016,11,6
2016,11,6
2016,11,6
2016,11,6
2016,11,6
2016,11,6
2016,11,6
2016,11,6
2016,11,6
2016,11,6
2016,11,6
2016,11,6
2016,11,6
2016,11,6
2016,11,6
2016,11,6
2016,11,6
2016,11,6
2016,11,6
2016,11,6
2016,11,6
2016,11,6
2016,11,6
2016,11,6
2016,11,6
2016,11,6
2016,11,6
2016,11,6
2016,11,6
2016,11,6
2016,11,6
2016,11,6
2016,11,6
2016,11,6
2016,11,6
2016,11,6
2016,11,6
2016,11,6
2016,11,6
2016,11,6
2016,11,6
2016,11,6
2016,11,6
2016,11,6
2016,11,6
2016,11,6
2016,11,6
2016,11,6
2016,11,6
2016,11,6
2016,11,6
2016,11,6
2016,11,6
2016,11,6
2016,11,6
2016,11,6
2016,11,6
2016,11,6
2016,11,6
2016,11,6
2016,11,6
2016,11,6
2016,11,6
2016,11,6
2016,11,6
2016,11,6
2016,11,6
2016,11,6
2016,11,6
2016,11,6
2016,11,6
2016,11,6
2016,11,6
2016,11,6
2016,11,6
2016,11,6
2016,11,6
2016,11,6
2016,11,6
2016,11,6
2016,11,6
2016,11,6
2016,11,6
2016,11,6
2016,11,6
2016,11,6
2016,11,6
2016,11,6
2016,11,6
2016,11,6
2016,11,6
2016,11,6
2016,11,6
2016,11,6
2016,11,6
2016,11,6
2016,11,6
2016,11,6
2016,11,6
2016,11,6
2016,11,6
2016,11,6
2016,11,6
2016,11,6
2016,11,6
2016,11,6
2016,11,6
2016,11,6
2016,11,6
2016,11,6
2016,11,6
2016,11,6
2016,11,6
2016,11,6
2016,11,6
2016,11,6
2016,11,6
2016,11,6
2016,11,6
2016,11,6
2016,11,6
2016,11,6
2016,11,6
2016,11,6
2016,11,6
2016,11,6
2016,11,6
2016,11,6
2016,11,6
2016,11,6
2016,11,6
2016,11,6
2016,11,6
2016,11,6
2016,11,6
2016,11,6
2016,11,6
2016,11,6
2016,11,6
2016,11,6
2016,11,6
2016,11,6
2016,11,6
2016,11,6
2016,11,6
2016,11,6
2016,11,6
2016,11,6
2016,11,6
2016,11,6
2016,11,6
2016,11,6
2016,11,6
2016,11,6
2016,11,6
2016,11,6
2016,11,6
2016,11,6
2016,11,6
2016,11,6
2016,11,6
2016,11,6
2016,11,6
2016,11,6
2016,11,6
2016,11,6
2016,11,6
2016,11,6
2016,11,6
2016,11,6
2016,11,6
2016,11,6
2016,11,6
2016,11,6
2016,11,6
2016,11,6
2016,11,6
2016,11,6
2016,11,6
2016,11,6
2016,11,6
2016,11,6
2016,11,6
2016,11,6
2016,11,6
2016,11,6
2016,11,6
2016,11,6
2016,11,6
2016,11,6
2016,11,6
2016,11,6
2016,11,6
2016,11,6
2016,11,6
2016,11,6
2016,11,6
2016,11,6
2016,11,6
2016,11,6
2016,11,6
2016,11,6
2016,11,6
2016,11,6
2016,11,6
2016,11,6
2016,11,6
2016,11,6
2016,11,6
2016,11,6
2016,11,6
2016,11,6
2016,11,6
2016,11,6
2016,11,6
2016,11,6
2016,11,6
2016,11,6
2016,11,6
2016,11,6
2016,11,6
2016,11,6
2016,11,6
2016,11,6
2016,11,6
2016,11,6
2016,11,6
2016,11,6
2016,11,6
2016,11,6
2016,11,6
2016,11,6
2016,11,6
2016,11,6
2016,11,6
2016,11,6
2016,11,6
2016,11,6
2016,11,6
2016,11,6
2016,11,6
2016,11,6
2016,11,6
2016,11,6
2016,11,6
2016,11,6
2016,11,6
2016,11,6
2016,11,6
2016,11,6
2016,11,6
2016,11,6
2016,11,6
2016,11,6
2016,11,6
2016,11,6
2016,11,6
2016,11,6
2016,11,6
2016,11,6
2016,11,6
2016,11,6
2016,11,6
2016,11,6
2016,11,6
2016,11,6
2016,11,6
2016,11,6
2016,11,6
2016,11,6
2016,11,6
2016,11,6
2016,11,6
2016,11,6
2016,11,6
2016,11,6
2016,11,6
2016,11,6
2016,11,6
2016,11,6
2016,11,6
2016,11,6
2016,11,6
2016,11,6
2016,11,6
2016,11,6
2016,11,6
2016,11,6
2016,11,6
2016,11,6
2016,11,6
2016,11,6
2016,11,6
2016,11,6
2016,11,6
2016,11,6
2016,11,6
2016,11,6
2016,11,6
2016,11,6
2016,11,6
2016,11,6
2016,11,6
2016,11,6
2016,11,6
2016,11,6
2016,11,6
2016,11,6
2016,11,6
2016,11,6
2016,11,6
2016,11,6
2016,11,6
2016,11,6
2016,11,6
2016,11,6
2016,11,6
2016,11,6
2016,11,6
2016,11,6
2016,11,6
2016,11,6
2016,11,6
2016,11,6
2016,11,6
2016,11,6
2016,11,6
2016,11,6
2016,11,6
2016,11,6
2016,11,6
2016,11,6
2016,11,6
2016,11,6
2016,11,6
2016,11,6
2016,11,6
2016,11,6
2016,11,6
2016,11,6
2016,11,6
2016,11,6
2016,11,6
2016,11,6
2016,11,6
2016,11,6
2016,11,6
2016,11,6
2016,11,6
2016,11,6
2016,11,6
2016,11,6
2016,11,6
2016,11,6
2016,11,6
2016,11,6
2016,11,6
2016,11,6
2016,11,6
2016,11,6
2016,11,6
2016,11,6
2016,11,6
2016,11,6
2016,11,6
2016,11,6
2016,11,6
2016,11,6
2016,11,6
2016,11,6
2016,11,6
2016,11,6
2016,11,6
2016,11,6
2016,11,6
2016,11,6
2016,11,6
2016,11,6
2016,11,6
2016,11,6
2016,11,6
2016,11,6
2016,11,6
2016,11,6
2016,11,6
2016,11,6
2016,11,6
2016,11,6
2016,11,6
2016,11,6
2016,11,6
2016,11,6
2016,11,6
2016,11,6
2016,11,6
2016,11,6
2016,11,6
2016,11,6
2016,11,6
2016,11,6
2016,11,6
2016,11,6
2016,11,6
2016,11,6
2016,11,6
2016,11,6
2016,11,6
2016,11,6
2016,11,6
2016,11,6
2016,11,6
2016,11,6
2016,11,6
2016,11,6
2016,11,6
2016,11,6
2016,11,6
2016,11,6
2016,11,6
2016,11,6
2016,11,6
2016,11,6
2016,11,6
2016,11,6
2016,11,6
2016,11,6
2016,11,6
2016,11,6
2016,11,6
2016,11,6
2016,11,6
2016,11,6
2016,11,6
2016,11,6
2016,11,6
2016,11,6
2016,11,6
2016,11,6
2016,11,6
2016,11,6
2016,11,6
2016,11,6
2016,11,6
2016,11,6
2016,11,6
2016,11,6
2016,11,6
2016,11,6
2016,11,6
2016,11,6
2016,11,6
2016,11,6
2016,11,6
2016,11,6
2016,11,6
2016,11,6
2016,11,6
2016,11,6
2016,11,6
2016,11,6
2016,11,6
2016,11,6
2016,11,6
2016,11,6
2016,11,6
2016,11,6
2016,11,6
2016,11,6
2016,11,6
2016,11,6
2016,11,6
2016,11,6
2016,11,6
2016,11,6
2016,11,6
2016,11,6
2016,11,6
2016,11,6
2016,11,6
2016,11,6
2016,11,6
2016,11,6
2016,11,6
2016,11,6
2016,11,6
2016,11,6
2016,11,6
2016,11,6
2016,11,6
2016,11,6
2016,11,6
2016,11,6
2016,11,6
2016,11,6
2016,11,6
2016,11,6
2016,11,6
2016,11,6
2016,11,6
2016,11,6
2016,11,6
2016,11,6
2016,11,6
2016,11,6
2016,11,6
2016,11,6
2016,11,6
2016,11,6
2016,11,6
2016,11,6
2016,11,6
2016,11,6
2016,11,6
2016,11,6
2016,11,6
2016,11,6
2016,11,6
2016,11,6
2016,11,6
2016,11,6
2016,11,6
2016,11,6
2016,11,6
2016,11,6
2016,11,6
2016,11,6
2016,11,6
2016,11,6
2016,11,6
2016,11,6
2016,11,6
2016,11,6
2016,11,6
2016,11,6
2016,11,6
2016,11,6
2016,11,6
2016,11,6
2016,11,6
2016,11,6
2016,11,6
2016,11,6
2016,11,6
2016,11,6
2016,11,6
2016,11,6
2016,11,6
2016,11,6
2016,11,6
2016,11,6
2016,11,6
2016,11,6
2016,11,6
2016,11,6
2016,11,6
2016,11,6
2016,11,6
2016,11,6
2016,11,6
2016,11,6
2016,11,6
2016,11,6
2016,11,6
2016,11,6
2016,11,6
2016,11,6
2016,11,6
2016,11,6
2016,11,6
2016,11,6
2016,11,6
2016,11,6
2016,11,6
2016,11,6
2016,11,6
2016,11,6
2016,11,6
2016,11,6
2016,11,6
2016,11,6
2016,11,6
2016,11,6
2016,11,6
2016,11,6
2016,11,6
2016,11,6
2016,11,6
2016,11,6
2016,11,6
2016,11,6
2016,11,6
2016,11,6
2016,11,6
2016,11,6
2016,11,6
2016,11,6
2016,11,6
2016,11,6
2016,11,6
2016,11,6
2016,11,6
2016,11,6
2016,11,6
2016,11,6
2016,11,6
2016,11,6
2016,11,6
2016,11,6
2016,11,6
2016,11,6
2016,11,6
2016,11,6
2016,11,6
2016,11,6
2016,11,6
2016,11,6
2016,11,6
2016,11,6
2016,11,6
2016,11,6
2016,11,6
2016,11,6
2016,11,6
2016,11,6
2016,11,6
2016,11,6
2016,11,6
2016,11,6
2016,11,6
2016,11,6
2016,11,6
2016,11,6
2016,11,6
2016,11,6
2016,11,6
2016,11,6
2016,11,6
2016,11,6
2016,11,6
2016,11,6
2016,11,6
2016,11,6
2016,11,6
2016,11,6
2016,11,6
2016,11,6
2016,11,6
2016,11,6
2016,11,6
2016,11,6
2016,11,6
2016,11,6
2016,11,6
2016,11,6
2016,11,6
2016,11,6
2016,11,6
2016,11,6
2016,11,6
2016,11,6
2016,11,6
2016,11,6
2016,11,6
2016,11,6
2016,11,6
2016,11,6
2016,11,6
2016,11,6
2016,11,6
2016,11,6
2016,11,6
2016,11,6
2016,11,6
2016,11,6
2016,11,6
2016,11,6
2016,11,6
2016,11,6
2016,11,6
2016,11,6
2016,11,6
2016,11,6
2016,11,6
2016,11,6
2016,11,6
2016,11,6
2016,11,6
2016,11,6
2016,11,6
2016,11,6
2016,11,6
2016,11,6
2016,11,6
2016,11,6
2016,11,6
2016,11,6
2016,11,6
2016,11,6
2016,11,6
2016,11,6
2016,11,6
2016,11,6
2016,11,6
2016,11,6
2016,11,6
2016,11,6
2016,11,6
2016,11,6
2016,11,6
2016,11,6
2016,11,6
2016,11,6
2016,11,6
2016,11,6
2016,11,6
2016,11,6
2016,11,6
2016,11,6
2016,11,6
2016,11,6
2016,11,6
2016,11,6
2016,11,6
2016,11,6
2016,11,6
2016,11,6
2016,11,6
2016,11,6
2016,11,6
2016,11,6
2016,11,6
2016,11,6
2016,11,6
2016,11,6
2016,11,6
2016,11,6
2016,11,6
2016,11,6
2016,11,6
2016,11,6
2016,11,6
2016,11,6
2016,11,6
2016,11,6
2016,11,6
2016,11,6
2016,11,6
2016,11,6
2016,11,6
2016,11,6
2016,11,6
2016,11,6
2016,11,6
2016,11,6
2016,11,6
2016,11,6
2016,11,6
2016,11,6
2016,11,6
2016,11,6
2016,11,6
2016,11,6
2016,11,6
2016,11,6
2016,11,6
2016,11,6
2016,11,6
2016,11,6
2016,11,6
2016,11,6
2016,11,6
2016,11,6
2016,11,6
2016,11,6
2016,11,6
2016,11,6
2016,11,6
2016,11,6
2016,11,6
2016,11,6
2016,11,6
2016,11,6
2016,11,6
2016,11,6
2016,11,6
2016,11,6
2016,11,6
2016,11,6
2016,11,6
2016,11,6
2016,11,6
2016,11,6
2016,11,6
2016,11,6
2016,11,6
2016,11,6
2016,11,6
2016,11,6
2016,11,6
2016,11,6
2016,11,6
2016,11,6
2016,11,6
2016,11,6
2016,11,6
2016,11,6
2016,11,6
2016,11,6
2016,11,6
2016,11,6
2016,11,6
2016,11,6
2016,11,6
2016,11,6
2016,11,6
2016,11,6
2016,11,6
2016,11,6
2016,11,6
2016,11,6
2016,11,6
2016,11,6
2016,11,6
2016,11,6
2016,11,6
2016,11,6
2016,11,6
2016,11,6
2016,11,6
2016,11,6
2016,11,6
2016,11,6
2016,11,6
2016,11,6
2016,11,6
2016,11,6
2016,11,6
2016,11,6
2016,11,6
2016,11,6
2016,11,6
2016,11,6
2016,11,6
2016,11,6
2016,11,6
2016,11,6
2016,11,6
2016,11,6
2016,11,6
2016,11,6
2016,11,6
2016,11,6
2016,11,6
2016,11,6
2016,11,6
2016,11,6
2016,11,6
2016,11,6
2016,11,6
2016,11,6
2016,11,6
2016,11,6
2016,11,6
2016,11,6
2016,11,6
2016,11,6
2016,11,6
2016,11,6
2016,11,6
2016,11,6
2016,11,6
2016,11,6
2016,11,6
2016,11,6
2016,11,6
2016,11,6
2016,11,6
2016,11,6
2016,11,6
2016,11,6
2016,11,6
2016,11,6
2016,11,6
2016,11,6
2016,11,6
2016,11,6
2016,11,6
2016,11,6
2016,11,6
2016,11,6
2016,11,6
2016,11,6
2016,11,6
2016,11,6
2016,11,6
2016,11,6
2016,11,6
2016,11,6
2016,11,6
2016,11,6
2016,11,6
2016,11,6
2016,11,6
2016,11,6
2016,11,6
2016,11,6
2016,11,6
2016,11,6
2016,11,6
2016,11,6
2016,11,6
2016,11,6
2016,11,6
2016,11,6
2016,11,6
2016,11,6
2016,11,6
2016,11,6
2016,11,6
2016,11,6
2016,11,6
2016,11,6
2016,11,6
2016,11,6
2016,11,6
2016,11,6
2016,11,6
2016,11,6
2016,11,6
2016,11,6
2016,11,6
2016,11,6
2016,11,6
2016,11,6
2016,11,6
2016,11,6
2016,11,6
2016,11,6
2016,11,6
2016,11,6
2016,11,6
2016,11,6
2016,11,6
2016,11,6
2016,11,6
2016,11,6
2016,11,6
2016,11,6
2016,11,6
2016,11,6
2016,11,6
2016,11,6
2016,11,6
2016,11,6
2016,11,6
2016,11,6
2016,11,6
2016,11,6
2016,11,6
2016,11,6
2016,11,6
2016,11,6
2016,11,6
2016,11,6
2016,11,6
2016,11,6
2016,11,6
2016,11,6
2016,11,6
2016,11,6
2016,11,6
2016,11,6
2016,11,6
2016,11,6
2016,11,6
2016,11,6
2016,11,6
2016,11,6
2016,11,6
2016,11,6
2016,11,6
2016,11,6
2016,11,6
2016,11,6
2016,11,6
2016,11,6
2016,11,6
2016,11,6
2016,11,6
2016,11,6
2016,11,6
2016,11,6
2016,11,6
2016,11,6
2016,11,6
2016,11,6
2016,11,6
2016,11,6
2016,11,6
2016,11,6
2016,11,6
2016,11,6
2016,11,6
2016,11,6
2016,11,6
2016,11,6
2016,11,6
2016,11,6
2016,11,6
2016,11,6
2016,11,6
2016,11,6
2016,11,6
2016,11,6
2016,11,6
2016,11,6
2016,11,6
2016,11,6
2016,11,6
2016,11,6
2016,11,6
2016,11,6
2016,11,6
2016,11,6
2016,11,6
2016,11,6
2016,11,6
2016,11,6
2016,11,6
2016,11,6
2016,11,6
2016,11,6
2016,11,6
2016,11,6
2016,11,6
2016,11,6
2016,11,6
2016,11,6
2016,11,6
2016,11,6
2016,11,6
2016,11,6
2016,11,6
2016,11,6
2016,11,6
2016,11,6
2016,11,6
2016,11,6
2016,11,6
2016,11,6
2016,11,6
2016,11,6
2016,11,6
2016,11,6
2016,11,6
2016,11,6
2016,11,6
2016,11,6
2016,11,6
2016,11,6
2016,11,6
2016,11,6
2016,11,6
2016,11,6
2016,11,6
2016,11,6
2016,11,6
2016,11,6
2016,11,6
2016,11,6
2016,11,6
2016,11,6
2016,11,6
2016,11,6
2016,11,6
2016,11,6
2016,11,6
2016,11,6
2016,11,6
2016,11,6
2016,11,6
2016,11,6
2016,11,6
2016,11,6
2016,11,6
2016,11,6
2016,11,6
2016,11,6
2016,11,6
2016,11,6
2016,11,6
2016,11,6
2016,11,6
2016,11,6
2016,11,6
2016,11,6
2016,11,6
2016,11,6
2016,11,6
2016,11,6
2016,11,6
2016,11,6
2016,11,6
2016,11,6
2016,11,6
2016,11,6
2016,11,6
2016,11,6
2016,11,6
2016,11,6
2016,11,6
2016,11,6
2016,11,6
2016,11,6
2016,11,6
2016,11,6
2016,11,6
2016,11,6
2016,11,6
2016,11,6
2016,11,6
2016,11,6
2016,11,6
2016,11,6
2016,11,6
2016,11,6
2016,11,6
2016,11,6
2016,11,6
2016,11,6
2016,11,6
2016,11,6
2016,11,6
2016,11,6
2016,11,6
2016,11,6
2016,11,6
2016,11,6
2016,11,6
2016,11,6
2016,11,6
2016,11,6
2016,11,6
2016,11,6
2016,11,6
2016,11,6
2016,11,6
2016,11,6
2016,11,6
2016,11,6
2016,11,6
2016,11,6
2016,11,6
2016,11,6
2016,11,6
2016,11,6
2016,11,6
2016,11,6
2016,11,6
2016,11,6
2016,11,6
2016,11,6
2016,11,6
2016,11,6
2016,11,6
2016,11,6
2016,11,6
2016,11,6
2016,11,6
2016,11,6
2016,11,6
2016,11,6
2016,11,6
2016,11,6
2016,11,6
2016,11,6
2016,11,6
2016,11,6
2016,11,6
2016,11,6
2016,11,6
2016,11,6
2016,11,6
2016,11,6
2016,11,6
2016,11,6
2016,11,6
2016,11,6
2016,11,6
2016,11,6
2016,11,6
2016,11,6
2016,11,6
2016,11,6
2016,11,6
2016,11,6
2016,11,6
2016,11,6
2016,11,6
2016,11,6
2016,11,6
2016,11,6
2016,11,6
2016,11,6
2016,11,6
2016,11,6
2016,11,6
2016,11,6
2016,11,6
2016,11,6
2016,11,6
2016,11,6
2016,11,6
2016,11,6
2016,11,6
2016,11,6
2016,11,6
2016,11,6
2016,11,6
2016,11,6
2016,11,6
2016,11,6
2016,11,6
2016,11,6
2016,11,6
2016,11,6
2016,11,6
2016,11,6
2016,11,6
2016,11,6
2016,11,6
2016,11,6
2016,11,6
2016,11,6
2016,11,6
2016,11,6
2016,11,6
2016,11,6
2016,11,6
2016,11,6
2016,11,6
2016,11,6
2016,11,6
2016,11,6
2016,11,6
2016,11,6
2016,11,6
2016,11,6
2016,11,6
2016,11,6
2016,11,6
2016,11,6
2016,11,6
2016,11,6
2016,11,6
2016,11,6
2016,11,6
2016,11,6
2016,11,6
2016,11,6
2016,11,6
2016,11,6
2016,11,6
2016,11,6
2016,11,6
2016,11,6
2016,11,6
2016,11,6
2016,11,6
2016,11,6
2016,11,6
2016,11,6
2016,11,6
2016,11,6
2016,11,6
2016,11,6
2016,11,6
2016,11,6
2016,11,6
2016,11,6
2016,11,6
2016,11,6
2016,11,6
2016,11,6
2016,11,6
2016,11,6
2016,11,6
2016,11,6
2016,11,6
2016,11,6
2016,11,6
2016,11,6
2016,11,6
2016,11,6
2016,11,6
2016,11,6
2016,11,6
2016,11,6
2016,11,6
2016,11,6
2016,11,6
2016,11,6
2016,11,6
2016,11,6
2016,11,6
2016,11,6
2016,11,6
2016,11,6
2016,11,6
2016,11,6
2016,11,6
2016,11,6
2016,11,6
2016,11,6
2016,11,6
2016,11,6
2016,11,6
2016,11,6
2016,11,6
2016,11,6
2016,11,6
2016,11,6
2016,11,6
2016,11,6
2016,11,6
2016,11,6
2016,11,6
2016,11,6
2016,11,6
2016,11,6
2016,11,6
2016,11,6
2016,11,6
2016,11,6
2016,11,6
2016,11,6
2016,11,6
2016,11,6
2016,11,6
2016,11,6
2016,11,6
2016,11,6
2016,11,6
2016,11,6
2016,11,6
2016,11,6
2016,11,6
2016,11,6
2016,11,6
2016,11,6
2016,11,6
2016,11,6
2016,11,6
2016,11,6
2016,11,6
2016,11,6
2016,11,6
2016,11,6
2016,11,6
2016,11,6
2016,11,6
2016,11,6
2016,11,6
2016,11,6
2016,11,6
2016,11,6
2016,11,6
2016,11,6
2016,11,6
2016,11,6
2016,11,6
2016,11,6
2016,11,6
2016,11,6
2016,11,6
2016,11,6
2016,11,6
2016,11,6
2016,11,6
2016,11,6
2016,11,6
2016,11,6
2016,11,6
2016,11,6
2016,11,6
2016,11,6
2016,11,6
2016,11,6
2016,11,6
2016,11,6
2016,11,6
2016,11,6
2016,11,6
2016,11,6
2016,11,6
2016,11,6
2016,11,6
2016,11,6
2016,11,6
2016,11,6
2016,11,6
2016,11,6
2016,11,6
2016,11,6
2016,11,6
2016,11,6
2016,11,6
2016,11,6
2016,11,6
2016,11,6
2016,11,6
2016,11,6
2016,11,6
2016,11,6
2016,11,6
2016,11,6
2016,11,6
2016,11,6
2016,11,6
2016,11,6
2016,11,6
2016,11,6
2016,11,6
2016,11,6
2016,11,6
2016,11,6
2016,11,6
2016,11,6
2016,11,6
2016,11,6
2016,11,6
2016,11,6
2016,11,6
2016,11,6
2016,11,6
2016,11,6
2016,11,6
2016,11,6
2016,11,6
2016,11,6
2016,11,6
2016,11,6
2016,11,6
2016,11,6
2016,11,6
2016,11,6
2016,11,6
2016,11,6
2016,11,6
2016,11,6
2016,11,6
2016,11,6
2016,11,6
2016,11,6
2016,11,6
2016,11,6
2016,11,6
2016,11,6
2016,11,6
2016,11,6
2016,11,6
2016,11,6
2016,11,6
2016,11,6
2016,11,6
2016,11,6
2016,11,6
2016,11,6
2016,11,6
2016,11,6
2016,11,6
2016,11,6
2016,11,6
2016,11,6
2016,11,6
2016,11,6
2016,11,6
2016,11,6
2016,11,6
2016,11,6
2016,11,6
2016,11,6
2016,11,6
2016,11,6
2016,11,6
2016,11,6
2016,11,6
2016,11,6
2016,11,6
2016,11,6
2016,11,6
2016,11,6
2016,11,6
2016,11,6
2016,11,6
2016,11,6
2016,11,6
2016,11,6
2016,11,6
2016,11,6
2016,11,6
2016,11,6
2016,11,6
2016,11,6
2016,11,6
2016,11,6
2016,11,6
2016,11,6
2016,11,6
2016,11,6
2016,11,6
2016,11,6
2016,11,6
2016,11,6
2016,11,6
2016,11,6
2016,11,6
2016,11,6
2016,11,6
2016,11,6
2016,11,6
2016,11,6
2016,11,6
2016,11,6
2016,11,6
2016,11,6
2016,11,6
2016,11,6
2016,11,6
2016,11,6
2016,11,6
2016,11,6
2016,11,6
2016,11,6
2016,11,6
2016,11,6
2016,11,6
2016,11,6
2016,11,6
2016,11,6
2016,11,6
2016,11,6
2016,11,6
2016,11,6
2016,11,6
2016,11,6
2016,11,6
2016,11,6
2016,11,6
2016,11,6
2016,11,6
2016,11,6
2016,11,6
2016,11,6
2016,11,6
2016,11,6
2016,11,6
2016,11,6
2016,11,6
2016,11,6
2016,11,6
2016,11,6
2016,11,6
2016,11,6
2016,11,6
2016,11,6
2016,11,6
2016,11,6
2016,11,6
2016,11,6
2016,11,6
2016,11,6
2016,11,6
2016,11,6
2016,11,6
2016,11,6
2016,11,6
2016,11,6
2016,11,6
2016,11,6
2016,11,6
2016,11,6
2016,11,6
2016,11,6
2016,11,6
2016,11,6
2016,11,6
2016,11,6
2016,11,6
2016,11,6
2016,11,6
2016,11,6
2016,11,6
2016,11,6
2016,11,6
2016,11,6
2016,11,6
2016,11,6
2016,11,6
2016,11,6
2016,11,6
2016,11,6
2016,11,6
2016,11,6
2016,11,6
2016,11,6
2016,11,6
2016,11,6
2016,11,6
2016,11,6
2016,11,6
2016,11,6
2016,11,6
2016,11,6
2016,11,6
2016,11,6
2016,11,6
2016,11,6
2016,11,6
2016,11,6
2016,11,6
2016,11,6
2016,11,6
2016,11,6
2016,11,6
2016,11,6
2016,11,6
2016,11,6
2016,11,6
2016,11,6
2016,11,6
2016,11,6
2016,11,6
2016,11,6
2016,11,6
2016,11,6
2016,11,6
2016,11,6
2016,11,6
2016,11,6
2016,11,6
2016,11,6
2016,11,6
2016,11,6
2016,11,6
2016,11,6
2016,11,6
2016,11,6
2016,11,6
2016,11,6
2016,11,6
2016,11,6
2016,11,6
2016,11,6
2016,11,6
2016,11,6
2016,11,6
2016,11,6
2016,11,6
2016,11,6
2016,11,6
2016,11,6
2016,11,6
2016,11,6
2016,11,6
2016,11,6
2016,11,6
2016,11,6
2016,11,6
2016,11,6
2016,11,6
2016,11,6
2016,11,6
2016,11,6
2016,11,6
2016,11,6
2016,11,6
2016,11,6
2016,11,6
2016,11,6
2016,11,6
2016,11,6
2016,11,6
2016,11,6
2016,11,6
2016,11,6
2016,11,6
2016,11,6
2016,11,6
2016,11,6
2016,11,6
2016,11,6
2016,11,6
2016,11,6
2016,11,6
2016,11,6
2016,11,6
2016,11,6
2016,11,6
2016,11,6
2016,11,6
2016,11,6
2016,11,6
2016,11,6
2016,11,6
2016,11,6
2016,11,6
2016,11,6
2016,11,6
2016,11,6
2016,11,6
2016,11,6
2016,11,6
2016,11,6
2016,11,6
2016,11,6
2016,11,6
2016,11,6
2016,11,6
2016,11,6
2016,11,6
2016,11,6
2016,11,6
2016,11,6
2016,11,6
2016,11,6
2016,11,6
2016,11,6
2016,11,6
2016,11,6
2016,11,6
2016,11,6
2016,11,6
2016,11,6
2016,11,6
2016,11,6
2016,11,6
2016,11,6
2016,11,6
2016,11,6
2016,11,6
2016,11,6
2016,11,6
2016,11,6
2016,11,6
2016,11,6
2016,11,6
2016,11,6
2016,11,6
2016,11,6
2016,11,6
2016,11,6
2016,11,6
2016,11,6
2016,11,6
2016,11,6
2016,11,6
2016,11,6
2016,11,6
2016,11,6
2016,11,6
2016,11,6
2016,11,6
2016,11,6
2016,11,6
2016,11,6
2016,11,6
2016,11,6
2016,11,6
2016,11,6
2016,11,6
2016,11,6
2016,11,6
2016,11,6
2016,11,6
2016,11,6
2016,11,6
2016,11,6
2016,11,6
2016,11,6
2016,11,6
2016,11,6
2016,11,6
2016,11,6
2016,11,6
2016,11,6
2016,11,6
2016,11,6
2016,11,6
2016,11,6
2016,11,6
2016,11,6
2016,11,6
2016,11,6
2016,11,6
2016,11,6
2016,11,6
2016,11,6
2016,11,6
2016,11,6
2016,11,6
2016,11,6
2016,11,6
2016,11,6
2016,11,6
2016,11,6
2016,11,6
2016,11,6
2016,11,6
2016,11,6
2016,11,6
2016,11,6
2016,11,6
2016,11,6
2016,11,6
2016,11,6
2016,11,6
2016,11,6
2016,11,6
2016,11,6
2016,11,6
2016,11,6
2016,11,6
2016,11,6
2016,11,6
2016,11,6
2016,11,6
2016,11,6
2016,11,6
2016,11,6
2016,11,6
2016,11,6
2016,11,6
2016,11,6
2016,11,6
2016,11,6
2016,11,6
2016,11,6
2016,11,6
2016,11,6
2016,11,6
2016,11,6
2016,11,6
2016,11,6
2016,11,6
2016,11,6
2016,11,6
2016,11,6
2016,11,6
2016,11,6
2016,11,6
2016,11,6
2016,11,6
2016,11,6
2016,11,6
2016,11,6
2016,11,6
2016,11,6
2016,11,6
2016,11,6
2016,11,6
2016,11,6
2016,11,6
2016,11,6
2016,11,6
2016,11,6
2016,11,6
2016,11,6
2016,11,6
2016,11,6
2016,11,6
2016,11,6
2016,11,6
2016,11,6
2016,11,6
2016,11,6
2016,11,6
2016,11,6
2016,11,6
2016,11,6
2016,11,6
2016,11,6
2016,11,6
2016,11,6
2016,11,6
2016,11,6
2016,11,6
2016,11,6
2016,11,6
2016,11,6
2016,11,6
2016,11,6
2016,11,6
2016,11,6
2016,11,6
2016,11,6
2016,11,6
2016,11,6
2016,11,6
2016,11,6
2016,11,6
2016,11,6
2016,11,6
2016,11,6
2016,11,6
2016,11,6
2016,11,6
2016,11,6
2016,11,6
2016,11,6
2016,11,6
2016,11,6
2016,11,6
2016,11,6
2016,11,6
2016,11,6
2016,11,6
2016,11,6
2016,11,6
2016,11,6
2016,11,6
2016,11,6
2016,11,6
2016,11,6
2016,11,6
2016,11,6
2016,11,6
2016,11,6
2016,11,6
2016,11,6
2016,11,6
2016,11,6
2016,11,6
2016,11,6
2016,11,6
2016,11,6
2016,11,6
2016,11,6
2016,11,6
2016,11,6
2016,11,6
2016,11,6
2016,11,6
2016,11,6
2016,11,6
2016,11,6
2016,11,6
2016,11,6
2016,11,6
2016,11,6
2016,11,6
2016,11,6
2016,11,6
2016,11,6
2016,11,6
2016,11,6
2016,11,6
2016,11,6
2016,11,6
2016,11,6
2016,11,6
2016,11,6
2016,11,6
2016,11,6
2016,11,6
2016,11,6
2016,11,6
2016,11,6
2016,11,6
2016,11,6
2016,11,6
2016,11,6
2016,11,6
2016,11,6
2016,11,6
2016,11,6
2016,11,6
2016,11,6
2016,11,6
2016,11,6
2016,11,6
2016,11,6
2016,11,6
2016,11,6
2016,11,6
2016,11,6
2016,11,6
2016,11,6
2016,11,6
2016,11,6
2016,11,6
2016,11,6
2016,11,6
2016,11,6
2016,11,6
2016,11,6
2016,11,6
2016,11,6
2016,11,6
2016,11,6
2016,11,6
2016,11,6
2016,11,6
2016,11,6
2016,11,6
2016,11,6
2016,11,6
2016,11,6
2016,11,6
2016,11,6
2016,11,6
2016,11,6
2016,11,6
2016,11,6
2016,11,6
2016,11,6
2016,11,6
2016,11,6
2016,11,6
2016,11,6
2016,11,6
2016,11,6
2016,11,6
2016,11,6
2016,11,6
2016,11,6
2016,11,6
2016,11,6
2016,11,6
2016,11,6
2016,11,6
2016,11,6
2016,11,6
2016,11,6
2016,11,6
2016,11,6
2016,11,6
2016,11,6
2016,11,6
2016,11,6
2016,11,6
2016,11,6
2016,11,6
2016,11,6
2016,11,6
2016,11,6
2016,11,6
2016,11,6
2016,11,6
2016,11,6
2016,11,6
2016,11,6
2016,11,6
2016,11,6
2016,11,6
2016,11,6
2016,11,6
2016,11,6
2016,11,6
2016,11,6
2016,11,6
2016,11,6
2016,11,6
2016,11,6
2016,11,6
2016,11,6
2016,11,6
2016,11,6
2016,11,6
2016,11,6
2016,11,6
2016,11,6
2016,11,6
2016,11,6
2016,11,6
2016,11,6
2016,11,6
2016,11,6
2016,11,6
2016,11,6
2016,11,6
2016,11,6
2016,11,6
2016,11,6
2016,11,6
2016,11,6
2016,11,6
2016,11,6
2016,11,6
2016,11,6
2016,11,6
2016,11,6
2016,11,6
2016,11,6
2016,11,6
2016,11,6
2016,11,6
2016,11,6
2016,11,6
2016,11,6
2016,11,6
2016,11,6
2016,11,6
2016,11,6
2016,11,6
2016,11,6
2016,11,6
2016,11,6
2016,11,6
2016,11,6
2016,11,6
2016,11,6
2016,11,6
2016,11,6
2016,11,6
2016,11,6
2016,11,6
2016,11,6
2016,11,6
2016,11,6
2016,11,6
2016,11,6
2016,11,6
2016,11,6
2016,11,6
2016,11,6
2016,11,6
2016,11,6
2016,11,6
2016,11,6
2016,11,6
2016,11,6
2016,11,6
2016,11,6
2016,11,6
2016,11,6
2016,11,6
2016,11,6
2016,11,6
2016,11,6
2016,11,6
2016,11,6
2016,11,6
2016,11,6
2016,11,6
2016,11,6
2016,11,6
2016,11,6
2016,11,6
2016,11,6
2016,11,6
2016,11,6
2016,11,6
2016,11,6
2016,11,6
2016,11,6
2016,11,6
2016,11,6
2016,11,6
2016,11,6
2016,11,6
2016,11,6
2016,11,6
2016,11,6
2016,11,6
2016,11,6
2016,11,6
2016,11,6
2016,11,6
2016,11,6
2016,11,6
2016,11,6
2016,11,6
2016,11,6
2016,11,6
2016,11,6
2016,11,6
2016,11,6
2016,11,6
2016,11,6
2016,11,6
2016,11,6
2016,11,6
2016,11,6
2016,11,6
2016,11,6
2016,11,6
2016,11,6
2016,11,6
2016,11,6
2016,11,6
2016,11,6
2016,11,6
2016,11,6
2016,11,6
2016,11,6
2016,11,6
2016,11,6
2016,11,6
2016,11,6
2016,11,6
2016,11,6
2016,11,6
2016,11,6
2016,11,6
2016,11,6
2016,11,6
2016,11,6
2016,11,6
2016,11,6
2016,11,6
2016,11,6
2016,11,6
2016,11,6
2016,11,6
2016,11,6
2016,11,6
2016,11,6
2016,11,6
2016,11,6
2016,11,6
2016,11,6
2016,11,6
2016,11,6
2016,11,6
2016,11,6
2016,11,6
2016,11,6
2016,11,6
2016,11,6
2016,11,6
2016,11,6
2016,11,6
2016,11,6
2016,11,6
2016,11,6
2016,11,6
2016,11,6
2016,11,6
2016,11,6
2016,11,6
2016,11,6
2016,11,6
2016,11,6
2016,11,6
2016,11,6
2016,11,6
2016,11,6
2016,11,6
2016,11,6
2016,11,6
2016,11,6
2016,11,6
2016,11,6
2016,11,6
2016,11,6
2016,11,6
2016,11,6
2016,11,6
2016,11,6
2016,11,6
2016,11,6
2016,11,6
2016,11,6
2016,11,6
2016,11,6
2016,11,6
2016,11,6
2016,11,6
2016,11,6
2016,11,6
2016,11,6
2016,11,6
2016,11,6
2016,11,6
2016,11,6
2016,11,6
2016,11,6
2016,11,6
2016,11,6
2016,11,6
2016,11,6
2016,11,6
2016,11,6
2016,11,6
2016,11,6
2016,11,6
2016,11,6
2016,11,6
2016,11,6
2016,11,6
2016,11,6
2016,11,6
2016,11,6
2016,11,6
2016,11,6
2016,11,6
2016,11,6
2016,11,6
2016,11,6
2016,11,6
2016,11,6
2016,11,6
2016,11,6
2016,11,6
2016,11,6
2016,11,6
2016,11,6
2016,11,6
2016,11,6
2016,11,6
2016,11,6
2016,11,6
2016,11,6
2016,11,6
2016,11,6
2016,11,6
2016,11,6
2016,11,6
2016,11,6
2016,11,6
2016,11,6
2016,11,6
2016,11,6
2016,11,6
2016,11,6
2016,11,6
2016,11,6
2016,11,6
2016,11,6
2016,11,6
2016,11,6
2016,11,6
2016,11,6
2016,11,6
2016,11,6
2016,11,6
2016,11,6
2016,11,6
2016,11,6
2016,11,6
2016,11,6
2016,11,6
2016,11,6
2016,11,6
2016,11,6
2016,11,6
2016,11,6
2016,11,6
2016,11,6
2016,11,6
2016,11,6
2016,11,6
2016,11,6
2016,11,6
2016,11,6
2016,11,6
2016,11,6
2016,11,6
2016,11,6
2016,11,6
2016,11,6
2016,11,6
2016,11,6
2016,11,6
2016,11,6
2016,11,6
2016,11,6
2016,11,6
2016,11,6
2016,11,6
2016,11,6
2016,11,6
2016,11,6
2016,11,6
2016,11,6
2016,11,6
2016,11,6
2016,11,6
2016,11,6
2016,11,6
2016,11,6
2016,11,6
2016,11,6
2016,11,6
2016,11,6
2016,11,6
2016,11,6
2016,11,6
2016,11,6
2016,11,6
2016,11,6
2016,11,6
2016,11,6
2016,11,6
2016,11,6
2016,11,6
2016,11,6
2016,11,6
2016,11,6
2016,11,6
2016,11,6
2016,11,6
2016,11,6
2016,11,6
2016,11,6
2016,11,6
2016,11,6
2016,11,6
2016,11,6
2016,11,6
2016,11,6
2016,11,6
2016,11,6
2016,11,6
2016,11,6
2016,11,6
2016,11,6
2016,11,6
2016,11,6
2016,11,6
2016,11,6
2016,11,6
2016,11,6
2016,11,6
2016,11,6
2016,11,6
2016,11,6
2016,11,6
2016,11,6
2016,11,6
2016,11,6
2016,11,6
2016,11,6
2016,11,6
2016,11,6
2016,11,6
2016,11,6
2016,11,6
2016,11,6
2016,11,6
2016,11,6
2016,11,6
2016,11,6
2016,11,6
2016,11,6
2016,11,6
2016,11,6
2016,11,6
2016,11,6
2016,11,6
2016,11,6
2016,11,6
2016,11,6
2016,11,6
2016,11,6
2016,11,6
2016,11,6
2016,11,6
2016,11,6
2016,11,6
2016,11,6
2016,11,6
2016,11,6
2016,11,6
2016,11,6
2016,11,6
2016,11,6
2016,11,6
2016,11,6
2016,11,6
2016,11,6
2016,11,6
2016,11,6
2016,11,6
2016,11,6
2016,11,6
2016,11,6
2016,11,6
2016,11,6
2016,11,6
2016,11,6
2016,11,6
2016,11,6
2016,11,6
2016,11,6
2016,11,6
2016,11,6
2016,11,6
2016,11,6
2016,11,6
2016,11,6
2016,11,6
2016,11,6
2016,11,6
2016,11,6
2016,11,6
2016,11,6
2016,11,6
2016,11,6
2016,11,6
2016,11,6
2016,11,6
2016,11,6
2016,11,6
2016,11,6
2016,11,6
2016,11,6
2016,11,6
2016,11,6
2016,11,6
2016,11,6
2016,11,6
2016,11,6
2016,11,6
2016,11,6
2016,11,6
2016,11,6
2016,11,6
2016,11,6
2016,11,6
2016,11,6
2016,11,6
2016,11,6
2016,11,6
2016,11,6
2016,11,6
2016,11,6
2016,11,6
2016,11,6
2016,11,6
2016,11,6
2016,11,6
2016,11,6
2016,11,6
2016,11,6
2016,11,6
2016,11,6
2016,11,6
2016,11,6
2016,11,6
2016,11,6
2016,11,6
2016,11,6
2016,11,6
2016,11,6
2016,11,6
2016,11,6
2016,11,6
2016,11,6
2016,11,6
2016,11,6
2016,11,6
2016,11,6
2016,11,6
2016,11,6
2016,11,6
2016,11,6
2016,11,6
2016,11,6
2016,11,6
2016,11,6
2016,11,6
2016,11,6
2016,11,6
2016,11,6
2016,11,6
2016,11,6
2016,11,6
2016,11,6
2016,11,6
2016,11,6
2016,11,6
2016,11,6
2016,11,6
2016,11,6
2016,11,6
2016,11,6
2016,11,6
2016,11,6
2016,11,6
2016,11,6
2016,11,6
2016,11,6
2016,11,6
2016,11,6
2016,11,6
2016,11,6
2016,11,6
2016,11,6
2016,11,6
2016,11,6
2016,11,6
2016,11,6
2016,11,6
2016,11,6
2016,11,6
2016,11,6
2016,11,6
2016,11,6
2016,11,6
2016,11,6
2016,11,6
2016,11,6
2016,11,6
2016,11,6
2016,11,6
2016,11,6
2016,11,6
2016,11,6
2016,11,6
2016,11,6
2016,11,6
2016,11,6
2016,11,6
2016,11,6
2016,11,6
2016,11,6
2016,11,6
2016,11,6
2016,11,6
2016,11,6
2016,11,6
2016,11,6
2016,11,6
2016,11,6
2016,11,6
2016,11,6
2016,11,6
2016,11,6
2016,11,6
2016,11,6
2016,11,6
2016,11,6
2016,11,6
2016,11,6
2016,11,6
2016,11,6
2016,11,6
2016,11,6
2016,11,6
2016,11,6
2016,11,6
2016,11,6
2016,11,6
2016,11,6
2016,11,6
2016,11,6
2016,11,6
2016,11,6
2016,11,6
2016,11,6
2016,11,6
2016,11,6
2016,11,6
2016,11,6
2016,11,6
2016,11,6
2016,11,6
2016,11,6
2016,11,6
2016,11,6
2016,11,6
2016,11,6
2016,11,6
2016,11,6
2016,11,6
2016,11,6
2016,11,6
2016,11,6
2016,11,6
2016,11,6
2016,11,6
2016,11,6
2016,11,6
2016,11,6
2016,11,6
2016,11,6
2016,11,6
2016,11,6
2016,11,6
2016,11,6
2016,11,6
2016,11,6
2016,11,6
2016,11,6
2016,11,6
2016,11,6
2016,11,6
2016,11,6
2016,11,6
2016,11,6
2016,11,6
2016,11,6
2016,11,6
2016,11,6
2016,11,6
2016,11,6
2016,11,6
2016,11,6
2016,11,6
2016,11,6
2016,11,6
2016,11,6
2016,11,6
2016,11,6
2016,11,6
2016,11,6
2016,11,6
2016,11,6
2016,11,6
2016,11,6
2016,11,6
2016,11,6
2016,11,6
2016,11,6
2016,11,6
2016,11,6
2016,11,6
2016,11,6
2016,11,6
2016,11,6
2016,11,6
2016,11,6
2016,11,6
2016,11,6
2016,11,6
2016,11,6
2016,11,6
2016,11,6
2016,11,6
2016,11,6
2016,11,6
2016,11,6
2016,11,6
2016,11,6
2016,11,6
2016,11,6
2016,11,6
2016,11,6
2016,11,6
2016,11,6
2016,11,6
2016,11,6
2016,11,6
2016,11,6
2016,11,6
2016,11,6
2016,11,6
2016,11,6
2016,11,6
2016,11,6
2016,11,6
2016,11,6
2016,11,6
2016,11,6
2016,11,6
2016,11,6
2016,11,6
2016,11,6
2016,11,6
2016,11,6
2016,11,6
2016,11,6
2016,11,6
2016,11,6
2016,11,6
2016,11,6
2016,11,6
2016,11,6
2016,11,6
2016,11,6
2016,11,6
2016,11,6
2016,11,6
2016,11,6
2016,11,6
2016,11,6
2016,11,6
2016,11,6
2016,11,6
2016,11,6
2016,11,6
2016,11,6
2016,11,6
2016,11,6
2016,11,6
2016,11,6
2016,11,6
2016,11,6
2016,11,6
2016,11,6
2016,11,6
2016,11,6
2016,11,6
2016,11,6
2016,11,6
2016,11,6
2016,11,6
2016,11,6
2016,11,6
2016,11,6
2016,11,6
2016,11,6
2016,11,6
2016,11,6
2016,11,6
2016,11,6
2016,11,6
2016,11,6
2016,11,6
2016,11,6
2016,11,6
2016,11,6
2016,11,6
2016,11,6
2016,11,6
2016,11,6
2016,11,6
2016,11,6
2016,11,6
2016,11,6
2016,11,6
2016,11,6
2016,11,6
2016,11,6
2016,11,6
2016,11,6
2016,11,6
2016,11,6
2016,11,6
2016,11,6
2016,11,6
2016,11,6
2016,11,6
2016,11,6
2016,11,6
2016,11,6
2016,11,6
2016,11,6
2016,11,6
2016,11,6
2016,11,6
2016,11,6
2016,11,6
2016,11,6
2016,11,6
2016,11,6
2016,11,6
2016,11,6
2016,11,6
2016,11,6
2016,11,6
2016,11,6
2016,11,6
2016,11,6
2016,11,6
2016,11,6
2016,11,6
2016,11,6
2016,11,6
2016,11,6
2016,11,6
2016,11,6
2016,11,6
2016,11,6
2016,11,6
2016,11,6
2016,11,6
2016,11,6
2016,11,6
2016,11,6
2016,11,6
2016,11,6
2016,11,6
2016,11,6
2016,11,6
2016,11,6
2016,11,6
2016,11,6
2016,11,6
2016,11,6
2016,11,6
2016,11,6
2016,11,6
2016,11,6
2016,11,6
2016,11,6
2016,11,6
2016,11,6
2016,11,6
2016,11,6
2016,11,6
2016,11,6
2016,11,6
2016,11,6
2016,11,6
2016,11,6
2016,11,6
2016,11,6
2016,11,6
2016,11,6
2016,11,6
2016,11,6
2016,11,6
2016,11,6
2016,11,6
2016,11,6
2016,11,6
2016,11,6
2016,11,6
2016,11,6
2016,11,6
2016,11,6
2016,11,6
2016,11,6
2016,11,6
2016,11,6
2016,11,6
2016,11,6
2016,11,6
2016,11,6
2016,11,6
2016,11,6
2016,11,6
2016,11,6
2016,11,6
2016,11,6
2016,11,6
2016,11,6
2016,11,6
2016,11,6
2016,11,6
2016,11,6
2016,11,6
2016,11,6
2016,11,6
2016,11,6
2016,11,6
2016,11,6
2016,11,6
2016,11,6
2016,11,6
2016,11,6
2016,11,6
2016,11,6
2016,11,6
2016,11,6
2016,11,6
2016,11,6
2016,11,6
2016,11,6
2016,11,6
2016,11,6
2016,11,6
2016,11,6
2016,11,6
2016,11,6
2016,11,6
2016,11,6
2016,11,6
2016,11,6
2016,11,6
2016,11,6
2016,11,6
2016,11,6
2016,11,6
2016,11,6
2016,11,6
2016,11,6
2016,11,6
2016,11,6
2016,11,6
2016,11,6
2016,11,6
2016,11,6
2016,11,6
2016,11,6
2016,11,6
2016,11,6
2016,11,6
2016,11,6
2016,11,6
2016,11,6
2016,11,6
2016,11,6
2016,11,6
2016,11,6
2016,11,6
2016,11,6
2016,11,6
2016,11,6
2016,11,6
2016,11,6
2016,11,6
2016,11,6
2016,11,6
2016,11,6
2016,11,6
2016,11,6
2016,11,6
2016,11,6
2016,11,6
2016,11,6
2016,11,6
2016,11,6
2016,11,6
2016,11,6
2016,11,6
2016,11,6
2016,11,6
2016,11,6
2016,11,6
2016,11,6
2016,11,6
2016,11,6
2016,11,6
2016,11,6
2016,11,6
2016,11,6
2016,11,6
2016,11,6
2016,11,6
2016,11,6
2016,11,6
2016,11,6
2016,11,6
2016,11,6
2016,11,6
2016,11,6
2016,11,6
2016,11,6
2016,11,6
2016,11,6
2016,11,6
2016,11,6
2016,11,6
2016,11,6
2016,11,6
2016,11,6
2016,11,6
2016,11,6
2016,11,6
2016,11,6
2016,11,6
2016,11,6
2016,11,6
2016,11,6
2016,11,6
2016,11,6
2016,11,6
2016,11,6
2016,11,6
2016,11,6
2016,11,6
2016,11,6
2016,11,6
2016,11,6
2016,11,6
2016,11,6
2016,11,6
2016,11,6
2016,11,6
2016,11,6
2016,11,6
2016,11,6
2016,11,6
2016,11,6
2016,11,6
2016,11,6
2016,11,6
2016,11,6
2016,11,6
2016,11,6
2016,11,6
2016,11,6
2016,11,6
2016,11,6
2016,11,6
2016,11,6
2016,11,6
2016,11,6
2016,11,6
2016,11,6
2016,11,6
2016,11,6
2016,11,6
2016,11,6
2016,11,6
2016,11,6
2016,11,6
2016,11,6
2016,11,6
2016,11,6
2016,11,6
2016,11,6
2016,11,6
2016,11,6
2016,11,6
2016,11,6
2016,11,6
2016,11,6
2016,11,6
2016,11,6
2016,11,6
2016,11,6
2016,11,6
2016,11,6
2016,11,6
2016,11,6
2016,11,6
2016,11,6
2016,11,6
2016,11,6
2016,11,6
2016,11,6
2016,11,6
2016,11,6
2016,11,6
2016,11,6
2016,11,6
2016,11,6
2016,11,6
2016,11,6
2016,11,6
2016,11,6
2016,11,6
2016,11,6
2016,11,6
2016,11,6
2016,11,6
2016,11,6
2016,11,6
2016,11,6
2016,11,6
2016,11,6
2016,11,6
2016,11,6
2016,11,6
2016,11,6
2016,11,6
2016,11,6
2016,11,6
2016,11,6
2016,11,6
2016,11,6
2016,11,6
2016,11,6
2016,11,6
2016,11,6
2016,11,6
2016,11,6
2016,11,6
2016,11,6
2016,11,6
2016,11,6
2016,11,6
2016,11,6
2016,11,6
2016,11,6
2016,11,6
2016,11,6
2016,11,6
2016,11,6
2016,11,6
2016,11,6
2016,11,6
2016,11,6
2016,11,6
2016,11,6
2016,11,6
2016,11,6
2016,11,6
2016,11,6
2016,11,6
2016,11,6
2016,11,6
2016,11,6
2016,11,6
2016,11,6
2016,11,6
2016,11,6
2016,11,6
2016,11,6
2016,11,6
2016,11,6
2016,11,6
2016,11,6
2016,11,6
2016,11,6
2016,11,6
2016,11,6
2016,11,6
2016,11,6
2016,11,6
2016,11,6
2016,11,6
2016,11,6
2016,11,6
2016,11,6
2016,11,6
2016,11,6
2016,11,6
2016,11,6
2016,11,6
2016,11,6
2016,11,6
2016,11,6
2016,11,6
2016,11,6
2016,11,6
2016,11,6
2016,11,6
2016,11,6
2016,11,6
2016,11,6
2016,11,6
2016,11,6
2016,11,6
2016,11,6
2016,11,6
2016,11,6
2016,11,6
2016,11,6
2016,11,6
2016,11,6
2016,11,6
2016,11,6
2016,11,6
2016,11,6
2016,11,6
2016,11,6
2016,11,6
2016,11,6
2016,11,6
2016,11,6
2016,11,6
2016,11,6
2016,11,6
2016,11,6
2016,11,6
2016,11,6
2016,11,6
2016,11,6
2016,11,6
2016,11,6
2016,11,6
2016,11,6
2016,11,6
2016,11,6
2016,11,6
2016,11,6
2016,11,6
2016,11,6
2016,11,6
2016,11,6
2016,11,6
2016,11,6
2016,11,6
2016,11,6
2016,11,6
2016,11,6
2016,11,6
2016,11,6
2016,11,6
2016,11,6
2016,11,6
2016,11,6
2016,11,6
2016,11,6
2016,11,6
2016,11,6
2016,11,6
2016,11,6
2016,11,6
2016,11,6
2016,11,6
2016,11,6
2016,11,6
2016,11,6
2016,11,6
2016,11,6
2016,11,6
2016,11,6
2016,11,6
2016,11,6
2016,11,6
2016,11,6
2016,11,6
2016,11,6
2016,11,6
2016,11,6
2016,11,6
2016,11,6
2016,11,6
2016,11,6
2016,11,6
2016,11,6
2016,11,6
2016,11,6
2016,11,6
2016,11,6
2016,11,6
2016,11,6
2016,11,6
2016,11,6
2016,11,6
2016,11,6
2016,11,6
2016,11,6
2016,11,6
2016,11,6
2016,11,6
2016,11,6
2016,11,6
2016,11,6
2016,11,6
2016,11,6
2016,11,6
2016,11,6
2016,11,6
2016,11,6
2016,11,6
2016,11,6
2016,11,6
2016,11,6
2016,11,6
2016,11,6
2016,11,6
2016,11,6
2016,11,6
2016,11,6
2016,11,6
2016,11,6
2016,11,6
2016,11,6
2016,11,6
2016,11,6
2016,11,6
2016,11,6
2016,11,6
2016,11,6
2016,11,6
2016,11,6
2016,11,6
2016,11,6
2016,11,6
2016,11,6
2016,11,6
2016,11,6
2016,11,6
2016,11,6
2016,11,6
2016,11,6
2016,11,6
2016,11,6
2016,11,6
2016,11,6
2016,11,6
2016,11,6
2016,11,6
2016,11,6
2016,11,6
2016,11,6
2016,11,6
2016,11,6
2016,11,6
2016,11,6
2016,11,6
2016,11,6
2016,11,6
2016,11,6
2016,11,6
2016,11,6
2016,11,6
2016,11,6
2016,11,6
2016,11,6
2016,11,6
2016,11,6
2016,11,6
2016,11,6
2016,11,6
2016,11,6
2016,11,6
2016,11,6
2016,11,6
2016,11,6
2016,11,6
2016,11,6
2016,11,6
2016,11,6
2016,11,6
2016,11,6
2016,11,6
2016,11,6
2016,11,6
2016,11,6
2016,11,6
2016,11,6
2016,11,6
2016,11,6
2016,11,6
2016,11,6
2016,11,6
2016,11,6
2016,11,6
2016,11,6
2016,11,6
2016,11,6
2016,11,6
2016,11,6
2016,11,6
2016,11,6
2016,11,6
2016,11,6
2016,11,6
2016,11,6
2016,11,6
2016,11,6
2016,11,6
2016,11,6
2016,11,6
2016,11,6
2016,11,6
2016,11,6
2016,11,6
2016,11,6
2016,11,6
2016,11,6
2016,11,6
2016,11,6
2016,11,6
2016,11,6
2016,11,6
2016,11,6
2016,11,6
2016,11,6
2016,11,6
2016,11,6
2016,11,6
2016,11,6
2016,11,6
2016,11,6
2016,11,6
2016,11,6
2016,11,6
2016,11,6
2016,11,6
2016,11,6
2016,11,6
2016,11,6
2016,11,6
2016,11,6
2016,11,6
2016,11,6
2016,11,6
2016,11,6
2016,11,6
2016,11,6
2016,11,6
2016,11,6
2016,11,6
2016,11,6
2016,11,6
2016,11,6
2016,11,6
2016,11,6
2016,11,6
2016,11,6
2016,11,6
2016,11,6
2016,11,6
2016,11,6
2016,11,6
2016,11,6
2016,11,6
2016,11,6
2016,11,6
2016,11,6
2016,11,6
2016,11,6
2016,11,6
2016,11,6
2016,11,6
2016,11,6
2016,11,6
2016,11,6
2016,11,6
2016,11,6
2016,11,6
2016,11,6
2016,11,6
2016,11,6
2016,11,6
2016,11,6
2016,11,6
2016,11,6
2016,11,6
2016,11,6
2016,11,6
2016,11,6
2016,11,6
2016,11,6
2016,11,6
2016,11,6
2016,11,6
2016,11,6
2016,11,6
2016,11,6
2016,11,6
2016,11,6
2016,11,6
2016,11,6
2016,11,6
2016,11,6
2016,11,6
2016,11,6
2016,11,6
2016,11,6
2016,11,6
2016,11,6
2016,11,6
2016,11,6
2016,11,6
2016,11,6
2016,11,6
2016,11,6
2016,11,6
2016,11,6
2016,11,6
2016,11,6
2016,11,6
2016,11,6
2016,11,6
2016,11,6
2016,11,6
2016,11,6
2016,11,6
2016,11,6
2016,11,6
2016,11,6
2016,11,6
2016,11,6
2016,11,6
2016,11,6
2016,11,6
2016,11,6
2016,11,6
2016,11,6
2016,11,6
2016,11,6
2016,11,6
2016,11,6
2016,11,6
2016,11,6
2016,11,6
2016,11,6
2016,11,6
2016,11,6
2016,11,6
2016,11,6
2016,11,6
2016,11,6
2016,11,6
2016,11,6
2016,11,6
2016,11,6
2016,11,6
2016,11,6
2016,11,6
2016,11,6
2016,11,6
2016,11,6
2016,11,6
2016,11,6
2016,11,6
2016,11,6
2016,11,6
2016,11,6
2016,11,6
2016,11,6
2016,11,6
2016,11,6
2016,11,6
2016,11,6
2016,11,6
2016,11,6
2016,11,6
2016,11,6
2016,11,6
2016,11,6
2016,11,6
2016,11,6
2016,11,6
2016,11,6
2016,11,6
2016,11,6
2016,11,6
2016,11,6
2016,11,6
2016,11,6
2016,11,6
2016,11,6
2016,11,6
2016,11,6
2016,11,6
2016,11,6
2016,11,6
2016,11,6
2016,11,6
2016,11,6
2016,11,6
2016,11,6
2016,11,6
2016,11,6
2016,11,6
2016,11,6
2016,11,6
2016,11,6
2016,11,6
2016,11,6
2016,11,6
2016,11,6
2016,11,6
2016,11,6
2016,11,6
2016,11,6
2016,11,6
2016,11,6
2016,11,6
2016,11,6
2016,11,6
2016,11,6
2016,11,6
2016,11,6
2016,11,6
2016,11,6
2016,11,6
2016,11,6
2016,11,6
2016,11,6
2016,11,6
2016,11,6
2016,11,6
2016,11,6
2016,11,6
2016,11,6
2016,11,6
2016,11,6
2016,11,6
2016,11,6
2016,11,6
2016,11,6
2016,11,6
2016,11,6
2016,11,6
2016,11,6
2016,11,6
2016,11,6
2016,11,6
2016,11,6
2016,11,6
2016,11,6
2016,11,6
2016,11,6
2016,11,6
2016,11,6
2016,11,6
2016,11,6
2016,11,6
2016,11,6
2016,11,6
2016,11,6
2016,11,6
2016,11,6
2016,11,6
2016,11,6
2016,11,6
2016,11,6
2016,11,6
2016,11,6
2016,11,6
2016,11,6
2016,11,6
2016,11,6
2016,11,6
2016,11,6
2016,11,6
2016,11,6
2016,11,6
2016,11,6
2016,11,6
2016,11,6
2016,11,6
2016,11,6
2016,11,6
2016,11,6
2016,11,6
2016,11,6
2016,11,6
2016,11,6
2016,11,6
2016,11,6
2016,11,6
2016,11,6
2016,11,6
2016,11,6
2016,11,6
2016,11,6
2016,11,6
2016,11,6
2016,11,6
2016,11,6
2016,11,6
2016,11,6
2016,11,6
2016,11,6
2016,11,6
2016,11,6
2016,11,6
2016,11,6
2016,11,6
2016,11,6
2016,11,6
2016,11,6
2016,11,6
2016,11,6
2016,11,6
2016,11,6
2016,11,6
2016,11,6
2016,11,6
2016,11,6
2016,11,6
2016,11,6
2016,11,6
2016,11,6
2016,11,6
2016,11,6
2016,11,6
2016,11,6
2016,11,6
2016,11,6
2016,11,6
2016,11,6
2016,11,6
2016,11,6
2016,11,6
2016,11,6
2016,11,6
2016,11,6
2016,11,6
2016,11,6
2016,11,6
2016,11,6
2016,11,6
2016,11,6
2016,11,6
2016,11,6
2016,11,6
2016,11,6
2016,11,6
2016,11,6
2016,11,6
2016,11,6
2016,11,6
2016,11,6
2016,11,6
2016,11,6
2016,11,6
2016,11,6
2016,11,6
2016,11,6
2016,11,6
2016,11,6
2016,11,6
2016,11,6
2016,11,6
2016,11,6
2016,11,6
2016,11,6
2016,11,6
2016,11,6
2016,11,6
2016,11,6
2016,11,6
2016,11,6
2016,11,6
2016,11,6
2016,11,6
2016,11,6
2016,11,6
2016,11,6
2016,11,6
2016,11,6
2016,11,6
2016,11,6
2016,11,6
2016,11,6
2016,11,6
2016,11,6
2016,11,6
2016,11,6
2016,11,6
2016,11,6
2016,11,6
2016,11,6
2016,11,6
2016,11,6
2016,11,6
2016,11,6
2016,11,6
2016,11,6
2016,11,6
2016,11,6
2016,11,6
2016,11,6
2016,11,6
2016,11,6
2016,11,6
2016,11,6
2016,11,6
2016,11,6
2016,11,6
2016,11,6
2016,11,6
2016,11,6
2016,11,6
2016,11,6
2016,11,6
2016,11,6
2016,11,6
2016,11,6
2016,11,6
2016,11,6
2016,11,6
2016,11,6
2016,11,6
2016,11,6
2016,11,6
2016,11,6
2016,11,6
2016,11,6
2016,11,6
2016,11,6
2016,11,6
2016,11,6
2016,11,6
2016,11,6
2016,11,6
2016,11,6
2016,11,6
2016,11,6
2016,11,6
2016,11,6
2016,11,6
2016,11,6
2016,11,6
2016,11,6
2016,11,6
2016,11,6
2016,11,6
2016,11,6
2016,11,6
2016,11,6
2016,11,6
2016,11,6
2016,11,6
2016,11,6
2016,11,6
2016,11,6
2016,11,6
2016,11,6
2016,11,6
2016,11,6
2016,11,6
2016,11,6
2016,11,6
2016,11,6
2016,11,6
2016,11,6
2016,11,6
2016,11,6
2016,11,6
2016,11,6
2016,11,6
2016,11,6
2016,11,6
2016,11,6
2016,11,6
2016,11,6
2016,11,6
2016,11,6
2016,11,6
2016,11,6
2016,11,6
2016,11,6
2016,11,6
2016,11,6
2016,11,6
2016,11,6
2016,11,6
2016,11,6
2016,11,6
2016,11,6
2016,11,6
2016,11,6
2016,11,6
2016,11,6
2016,11,6
2016,11,6
2016,11,6
2016,11,6
2016,11,6
2016,11,6
2016,11,6
2016,11,6
2016,11,6
2016,11,6
2016,11,6
2016,11,6
2016,11,6
2016,11,6
2016,11,6
2016,11,6
2016,11,6
2016,11,6
2016,11,6
2016,11,6
2016,11,6
2016,11,6
2016,11,6
2016,11,6
2016,11,6
2016,11,6
2016,11,6
2016,11,6
2016,11,6
2016,11,6
2016,11,6
2016,11,6
2016,11,6
2016,11,6
2016,11,6
2016,11,6
2016,11,6
2016,11,6
2016,11,6
2016,11,6
2016,11,6
2016,11,6
2016,11,6
2016,11,6
2016,11,6
2016,11,6
2016,11,6
2016,11,6
2016,11,6
2016,11,6
2016,11,6
2016,11,6
2016,11,6
2016,11,6
2016,11,6
2016,11,6
2016,11,6
2016,11,6
2016,11,6
2016,11,6
2016,11,6
2016,11,6
2016,11,6
2016,11,6
2016,11,6
2016,11,6
2016,11,6
2016,11,6
2016,11,6
2016,11,6
2016,11,6
2016,11,6
2016,11,6
2016,11,6
2016,11,6
2016,11,6
2016,11,6
2016,11,6
2016,11,6
2016,11,6
2016,11,6
2016,11,6
2016,11,6
2016,11,6
2016,11,6
2016,11,6
2016,11,6
2016,11,6
2016,11,6
2016,11,6
2016,11,6
2016,11,6
2016,11,6
2016,11,6
2016,11,6
2016,11,6
2016,11,6
2016,11,6
2016,11,6
2016,11,6
2016,11,6
2016,11,6
2016,11,6
2016,11,6
2016,11,6
2016,11,6
2016,11,6
2016,11,6
2016,11,6
2016,11,6
2016,11,6
2016,11,6
2016,11,6
2016,11,6
2016,11,6
2016,11,6
2016,11,6
2016,11,6
2016,11,6
2016,11,6
2016,11,6
2016,11,6
2016,11,6
2016,11,6
2016,11,6
2016,11,6
2016,11,6
2016,11,6
2016,11,6
2016,11,6
2016,11,6
2016,11,6
2016,11,6
2016,11,6
2016,11,6
2016,11,6
2016,11,6
2016,11,6
2016,11,6
2016,11,6
2016,11,6
2016,11,6
2016,11,6
2016,11,6
2016,11,6
2016,11,6
2016,11,6
2016,11,6
2016,11,6
2016,11,6
2016,11,6
2016,11,6
2016,11,6
2016,11,6
2016,11,6
2016,11,6
2016,11,6
2016,11,6
2016,11,6
2016,11,6
2016,11,6
2016,11,6
2016,11,6
2016,11,6
2016,11,6
2016,11,6
2016,11,6
2016,11,6
2016,11,6
2016,11,6
2016,11,6
2016,11,6
2016,11,6
2016,11,6
2016,11,6
2016,11,6
2016,11,6
2016,11,6
2016,11,6
2016,11,6
2016,11,6
2016,11,6
2016,11,6
2016,11,6
2016,11,6
2016,11,6
2016,11,6
2016,11,6
2016,11,6
2016,11,6
2016,11,6
2016,11,6
2016,11,6
2016,11,6
2016,11,6
2016,11,6
2016,11,6
2016,11,6
2016,11,6
2016,11,6
2016,11,6
2016,11,6
2016,11,6
2016,11,6
2016,11,6
2016,11,6
2016,11,6
2016,11,6
2016,11,6
2016,11,6
2016,11,6
2016,11,6
2016,11,6
2016,11,6
2016,11,6
2016,11,6
2016,11,6
2016,11,6
2016,11,6
2016,11,6
2016,11,6
2016,11,6
2016,11,6
2016,11,6
2016,11,6
2016,11,6
2016,11,6
2016,11,6
2016,11,6
2016,11,6
2016,11,6
2016,11,6
2016,11,6
2016,11,6
2016,11,6
2016,11,6
2016,11,6
2016,11,6
2016,11,6
2016,11,6
2016,11,6
2016,11,6
2016,11,6
2016,11,6
2016,11,6
2016,11,6
2016,11,6
2016,11,6
2016,11,6
2016,11,6
2016,11,6
2016,11,6
2016,11,6
2016,11,6
2016,11,6
2016,11,6
2016,11,6
2016,11,6
2016,11,6
2016,11,6
2016,11,6
2016,11,6
2016,11,6
2016,11,6
2016,11,6
2016,11,6
2016,11,6
2016,11,6
2016,11,6
2016,11,6
2016,11,6
2016,11,6
2016,11,6
2016,11,6
2016,11,6
2016,11,6
2016,11,6
2016,11,6
2016,11,6
2016,11,6
2016,11,6
2016,11,6
2016,11,6
2016,11,6
2016,11,6
2016,11,6
2016,11,6
2016,11,6
2016,11,6
2016,11,6
2016,11,6
2016,11,6
2016,11,6
2016,11,6
2016,11,6
2016,11,6
2016,11,6
2016,11,6
2016,11,6
2016,11,6
2016,11,6
2016,11,6
2016,11,6
2016,11,6
2016,11,6
2016,11,6
2016,11,6
2016,11,6
2016,11,6
2016,11,6
2016,11,6
2016,11,6
2016,11,6
2016,11,6
2016,11,6
2016,11,6
2016,11,6
2016,11,6
2016,11,6
2016,11,6
2016,11,6
2016,11,6
2016,11,6
2016,11,6
2016,11,6
2016,11,6
2016,11,6
2016,11,6
2016,11,6
2016,11,6
2016,11,6
2016,11,6
2016,11,6
2016,11,6
2016,11,6
2016,11,6
2016,11,6
2016,11,6
2016,11,6
2016,11,6
2016,11,6
2016,11,6
2016,11,6
2016,11,6
2016,11,6
2016,11,6
2016,11,6
2016,11,6
2016,11,6
2016,11,6
2016,11,6
2016,11,6
2016,11,6
2016,11,6
2016,11,6
2016,11,6
2016,11,6
2016,11,6
2016,11,6
2016,11,6
2016,11,6
2016,11,6
2016,11,6
2016,11,6
2016,11,6
2016,11,6
2016,11,6
2016,11,6
2016,11,6
2016,11,6
2016,11,6
2016,11,6
2016,11,6
2016,11,6
2016,11,6
2016,11,6
2016,11,6
2016,11,6
2016,11,6
2016,11,6
2016,11,6
2016,11,6
2016,11,6
2016,11,6
2016,11,6
2016,11,6
2016,11,6
2016,11,6
2016,11,6
2016,11,6
2016,11,6
2016,11,6
2016,11,6
2016,11,6
2016,11,6
2016,11,6
2016,11,6
2016,11,6
2016,11,6
2016,11,6
2016,11,6
2016,11,6
2016,11,6
2016,11,6
2016,11,6
2016,11,6
2016,11,6
2016,11,6
2016,11,6
2016,11,6
2016,11,6
2016,11,6
2016,11,6
2016,11,6
2016,11,6
2016,11,6
2016,11,6
2016,11,6
2016,11,6
2016,11,6
2016,11,6
2016,11,6
2016,11,6
2016,11,6
2016,11,6
2016,11,6
2016,11,6
2016,11,6
2016,11,6
2016,11,6
2016,11,6
2016,11,6
2016,11,6
2016,11,6
2016,11,6
2016,11,6
2016,11,6
2016,11,6
2016,11,6
2016,11,6
2016,11,6
2016,11,6
2016,11,6
2016,11,6
2016,11,6
2016,11,6
2016,11,6
2016,11,6
2016,11,6
2016,11,6
2016,11,6
2016,11,6
2016,11,6
2016,11,6
2016,11,6
2016,11,6
2016,11,6
2016,11,6
2016,11,6
2016,11,6
2016,11,6
2016,11,6
2016,11,6
2016,11,6
2016,11,6
2016,11,6
2016,11,6
2016,11,6
2016,11,6
2016,11,6
2016,11,6
2016,11,6
2016,11,6
2016,11,6
2016,11,6
2016,11,6
2016,11,6
2016,11,6
2016,11,6
2016,11,6
2016,11,6
2016,11,6
2016,11,6
2016,11,6
2016,11,6
2016,11,6
2016,11,6
2016,11,6
2016,11,6
2016,11,6
2016,11,6
2016,11,6
2016,11,6
2016,11,6
2016,11,6
2016,11,6
2016,11,6
2016,11,6
2016,11,6
2016,11,6
2016,11,6
2016,11,6
2016,11,6
2016,11,6
2016,11,6
2016,11,6
2016,11,6
2016,11,6
2016,11,6
2016,11,6
2016,11,6
2016,11,6
2016,11,6
2016,11,6
2016,11,6
2016,11,6
2016,11,6
2016,11,6
2016,11,6
2016,11,6
2016,11,6
2016,11,6
2016,11,6
2016,11,6
2016,11,6
2016,11,6
2016,11,6
2016,11,6
2016,11,6
2016,11,6
2016,11,6
2016,11,6
2016,11,6
2016,11,6
2016,11,6
2016,11,6
2016,11,6
2016,11,6
2016,11,6
2016,11,6
2016,11,6
2016,11,6
2016,11,6
2016,11,6
2016,11,6
2016,11,6
2016,11,6
2016,11,6
2016,11,6
2016,11,6
2016,11,6
2016,11,6
2016,11,6
2016,11,6
2016,11,6
2016,11,6
2016,11,6
2016,11,6
2016,11,6
2016,11,6
2016,11,6
2016,11,6
2016,11,6
2016,11,6
2016,11,6
2016,11,6
2016,11,6
2016,11,6
2016,11,6
2016,11,6
2016,11,6
2016,11,6
2016,11,6
2016,11,6
2016,11,6
2016,11,6
2016,11,6
2016,11,6
2016,11,6
2016,11,6
2016,11,6
2016,11,6
2016,11,6
2016,11,6
2016,11,6
2016,11,6
2016,11,6
2016,11,6
2016,11,6
2016,11,6
2016,11,6
2016,11,6
2016,11,6
2016,11,6
2016,11,6
2016,11,6
2016,11,6
2016,11,6
2016,11,6
2016,11,6
2016,11,6
2016,11,6
2016,11,6
2016,11,6
2016,11,6
2016,11,6
2016,11,6
2016,11,6
2016,11,6
2016,11,6
2016,11,6
2016,11,6
2016,11,6
2016,11,6
2016,11,6
2016,11,6
2016,11,6
2016,11,6
2016,11,6
2016,11,6
2016,11,6
2016,11,6
2016,11,6
2016,11,6
2016,11,6
2016,11,6
2016,11,6
2016,11,6
2016,11,6
2016,11,6
2016,11,6
2016,11,6
2016,11,6
2016,11,6
2016,11,6
2016,11,6
2016,11,6
2016,11,6
2016,11,6
2016,11,6
2016,11,6
2016,11,6
2016,11,6
2016,11,6
2016,11,6
2016,11,6
2016,11,6
2016,11,6
2016,11,6
2016,11,6
2016,11,6
2016,11,6
2016,11,6
2016,11,6
2016,11,6
2016,11,6
2016,11,6
2016,11,6
2016,11,6
2016,11,6
2016,11,6
2016,11,6
2016,11,6
2016,11,6
2016,11,6
2016,11,6
2016,11,6
2016,11,6
2016,11,6
2016,11,6
2016,11,6
2016,11,6
2016,11,6
2016,11,6
2016,11,6
2016,11,6
2016,11,6
2016,11,6
2016,11,6
2016,11,6
2016,11,6
2016,11,6
2016,11,6
2016,11,6
2016,11,6
2016,11,6
2016,11,6
2016,11,6
2016,11,6
2016,11,6
2016,11,6
2016,11,6
2016,11,6
2016,11,6
2016,11,6
2016,11,6
2016,11,6
2016,11,6
2016,11,6
2016,11,6
2016,11,6
2016,11,6
2016,11,6
2016,11,6
2016,11,6
2016,11,6
2016,11,6
2016,11,6
2016,11,6
2016,11,6
2016,11,6
2016,11,6
2016,11,6
2016,11,6
2016,11,6
2016,11,6
2016,11,6
2016,11,6
2016,11,6
2016,11,6
2016,11,6
2016,11,6
2016,11,6
2016,11,6
2016,11,6
2016,11,6
2016,11,6
2016,11,6
2016,11,6
2016,11,6
2016,11,6
2016,11,6
2016,11,6
2016,11,6
2016,11,6
2016,11,6
2016,11,6
2016,11,6
2016,11,6
2016,11,6
2016,11,6
2016,11,6
2016,11,6
2016,11,6
2016,11,6
2016,11,6
2016,11,6
2016,11,6
2016,11,6
2016,11,6
2016,11,6
2016,11,6
2016,11,6
2016,11,6
2016,11,6
2016,11,6
2016,11,6
2016,11,6
2016,11,6
2016,11,6
2016,11,6
2016,11,6
2016,11,6
2016,11,6
2016,11,6
2016,11,6
2016,11,6
2016,11,6
2016,11,6
2016,11,6
2016,11,6
2016,11,6
2016,11,6
2016,11,6
2016,11,6
2016,11,6
2016,11,6
2016,11,6
2016,11,6
2016,11,6
2016,11,6
2016,11,6
2016,11,6
2016,11,6
2016,11,6
2016,11,6
2016,11,6
2016,11,6
2016,11,6
2016,11,6
2016,11,6
2016,11,6
2016,11,6
2016,11,6
2016,11,6
2016,11,6
2016,11,6
2016,11,6
2016,11,6
2016,11,6
2016,11,6
2016,11,6
2016,11,6
2016,11,6
2016,11,6
2016,11,6
2016,11,6
2016,11,6
2016,11,6
2016,11,6
2016,11,6
2016,11,6
2016,11,6
2016,11,6
2016,11,6
2016,11,6
2016,11,6
2016,11,6
2016,11,6
2016,11,6
2016,11,6
2016,11,6
2016,11,6
2016,11,6
2016,11,6
2016,11,6
2016,11,6
2016,11,6
2016,11,6
2016,11,6
2016,11,6
2016,11,6
2016,11,6
2016,11,6
2016,11,6
2016,11,6
2016,11,6
2016,11,6
2016,11,6
2016,11,6
2016,11,6
2016,11,6
2016,11,6
2016,11,6
2016,11,6
2016,11,6
2016,11,6
2016,11,6
2016,11,6
2016,11,6
2016,11,6
2016,11,6
2016,11,6
2016,11,6
2016,11,6
2016,11,6
2016,11,6
2016,11,6
2016,11,6
2016,11,6
2016,11,6
2016,11,6
2016,11,6
2016,11,6
2016,11,6
2016,11,6
2016,11,6
2016,11,6
2016,11,6
2016,11,6
2016,11,6
2016,11,6
2016,11,6
2016,11,6
2016,11,6
2016,11,6
2016,11,6
2016,11,6
2016,11,6
2016,11,6
2016,11,6
2016,11,6
2016,11,6
2016,11,6
2016,11,6
2016,11,6
2016,11,6
2016,11,6
2016,11,6
2016,11,6
2016,11,6
2016,11,6
2016,11,6
2016,11,6
2016,11,6
2016,11,6
2016,11,6
2016,11,6
2016,11,6
2016,11,6
2016,11,6
2016,11,6
2016,11,6
2016,11,6
2016,11,6
2016,11,6
2016,11,6
2016,11,6
2016,11,6
2016,11,6
2016,11,6
2016,11,6
2016,11,6
2016,11,6
2016,11,6
2016,11,6
2016,11,6
2016,11,6
2016,11,6
2016,11,6
2016,11,6
2016,11,6
2016,11,6
2016,11,6
2016,11,6
2016,11,6
2016,11,6
2016,11,6
2016,11,6
2016,11,6
2016,11,6
2016,11,6
2016,11,6
2016,11,6
2016,11,6
2016,11,6
2016,11,6
2016,11,6
2016,11,6
2016,11,6
2016,11,6
2016,11,6
2016,11,6
2016,11,6
2016,11,6
2016,11,6
2016,11,6
2016,11,6
2016,11,6
2016,11,6
2016,11,6
2016,11,6
2016,11,6
2016,11,6
2016,11,6
2016,11,6
2016,11,6
2016,11,6
2016,11,6
2016,11,6
2016,11,6
2016,11,6
2016,11,6
2016,11,6
2016,11,6
2016,11,6
2016,11,6
2016,11,6
2016,11,6
2016,11,6
2016,11,6
2016,11,6
2016,11,6
2016,11,6
2016,11,6
2016,11,6
2016,11,6
2016,11,6
2016,11,6
2016,11,6
2016,11,6
2016,11,6
2016,11,6
2016,11,6
2016,11,6
2016,11,6
2016,11,6
2016,11,6
2016,11,6
2016,11,6
2016,11,6
2016,11,6
2016,11,6
2016,11,6
2016,11,6
2016,11,6
2016,11,6
2016,11,6
2016,11,6
2016,11,6
2016,11,6
2016,11,6
2016,11,6
2016,11,6
2016,11,6
2016,11,6
2016,11,6
2016,11,6
2016,11,6
2016,11,6
2016,11,6
2016,11,6
2016,11,6
2016,11,6
2016,11,6
2016,11,6
2016,11,6
2016,11,6
2016,11,6
2016,11,6
2016,11,6
2016,11,6
2016,11,6
2016,11,6
2016,11,6
2016,11,6
2016,11,6
2016,11,6
2016,11,6
2016,11,6
2016,11,6
2016,11,6
2016,11,6
2016,11,6
2016,11,6
2016,11,6
2016,11,6
2016,11,6
2016,11,6
2016,11,6
2016,11,6
2016,11,6
2016,11,6
2016,11,6
2016,11,6
2016,11,6
2016,11,6
2016,11,6
2016,11,6
2016,11,6
2016,11,6
2016,11,6
2016,11,6
2016,11,6
2016,11,6
2016,11,6
2016,11,6
2016,11,6
2016,11,6
2016,11,6
2016,11,6
2016,11,6
2016,11,6
2016,11,6
2016,11,6
2016,11,6
2016,11,6
2016,11,6
2016,11,6
2016,11,6
2016,11,6
2016,11,6
2016,11,6
2016,11,6
2016,11,6
2016,11,6
2016,11,6
2016,11,6
2016,11,6
2016,11,6
2016,11,6
2016,11,6
2016,11,6
2016,11,6
2016,11,6
2016,11,6
2016,11,6
2016,11,6
2016,11,6
2016,11,6
2016,11,6
2016,11,6
2016,11,6
2016,11,6
2016,11,6
2016,11,6
2016,11,6
2016,11,6
2016,11,6
2016,11,6
2016,11,6
2016,11,6
2016,11,6
2016,11,6
2016,11,6
2016,11,6
2016,11,6
2016,11,6
2016,11,6
2016,11,6
2016,11,6
2016,11,6
2016,11,6
2016,11,6
2016,11,6
2016,11,6
2016,11,6
2016,11,6
2016,11,6
2016,11,6
2016,11,6
2016,11,6
2016,11,6
2016,11,6
2016,11,6
2016,11,6
2016,11,6
2016,11,6
2016,11,6
2016,11,6
2016,11,6
2016,11,6
2016,11,6
2016,11,6
2016,11,6
2016,11,6
2016,11,6
2016,11,6
2016,11,6
2016,11,6
2016,11,6
2016,11,6
2016,11,6
2016,11,6
2016,11,6
2016,11,6
2016,11,6
2016,11,6
2016,11,6
2016,11,6
2016,11,6
2016,11,6
2016,11,6
2016,11,6
2016,11,6
2016,11,6
2016,11,6
2016,11,6
2016,11,6
2016,11,6
2016,11,6
2016,11,6
2016,11,6
2016,11,6
2016,11,6
2016,11,6
2016,11,6
2016,11,6
2016,11,6
2016,11,6
2016,11,6
2016,11,6
2016,11,6
2016,11,6
2016,11,6
2016,11,6
2016,11,6
2016,11,6
2016,11,6
2016,11,6
2016,11,6
2016,11,6
2016,11,6
2016,11,6
2016,11,6
2016,11,6
2016,11,6
2016,11,6
2016,11,6
2016,11,6
2016,11,6
2016,11,6
2016,11,6
2016,11,6
2016,11,6
2016,11,6
2016,11,6
2016,11,6
2016,11,6
2016,11,6
2016,11,6
2016,11,6
2016,11,6
2016,11,6
2016,11,6
2016,11,6
2016,11,6
2016,11,6
2016,11,6
2016,11,6
2016,11,6
2016,11,6
2016,11,6
2016,11,6
2016,11,6
2016,11,6
2016,11,6
2016,11,6
2016,11,6
2016,11,6
2016,11,6
2016,11,6
2016,11,6
2016,11,6
2016,11,6
2016,11,6
2016,11,6
2016,11,6
2016,11,6
2016,11,6
2016,11,6
2016,11,6
2016,11,6
2016,11,6
2016,11,6
2016,11,6
2016,11,6
2016,11,6
2016,11,6
2016,11,6
2016,11,6
2016,11,6
2016,11,6
2016,11,6
2016,11,6
2016,11,6
2016,11,6
2016,11,6
2016,11,6
2016,11,6
2016,11,6
2016,11,6
2016,11,6
2016,11,6
2016,11,6
2016,11,6
2016,11,6
2016,11,6
2016,11,6
2016,11,6
2016,11,6
2016,11,6
2016,11,6
2016,11,6
2016,11,6
2016,11,6
2016,11,6
2016,11,6
2016,11,6
2016,11,6
2016,11,6
2016,11,6
2016,11,6
2016,11,6
2016,11,6
2016,11,6
2016,11,6
2016,11,6
2016,11,6
2016,11,6
2016,11,6
2016,11,6
2016,11,6
2016,11,6
2016,11,6
2016,11,6
2016,11,6
2016,11,6
2016,11,6
2016,11,6
2016,11,6
2016,11,6
2016,11,6
2016,11,6
2016,11,6
2016,11,6
2016,11,6
2016,11,6
2016,11,6
2016,11,6
2016,11,6
2016,11,6
2016,11,6
2016,11,6
2016,11,6
2016,11,6
2016,11,6
2016,11,6
2016,11,6
2016,11,6
2016,11,6
2016,11,6
2016,11,6
2016,11,6
2016,11,6
2016,11,6
2016,11,6
2016,11,6
2016,11,6
2016,11,6
2016,11,6
2016,11,6
2016,11,6
2016,11,6
2016,11,6
2016,11,6
2016,11,6
2016,11,6
2016,11,6
2016,11,6
2016,11,6
2016,11,6
2016,11,6
2016,11,6
2016,11,6
2016,11,6
2016,11,6
2016,11,6
2016,11,6
2016,11,6
2016,11,6
2016,11,6
2016,11,6
2016,11,6
2016,11,6
2016,11,6
2016,11,6
2016,11,6
2016,11,6
2016,11,6
2016,11,6
2016,11,6
2016,11,6
2016,11,6
2016,11,6
2016,11,6
2016,11,6
2016,11,6
2016,11,6
2016,11,6
2016,11,6
2016,11,6
2016,11,6
2016,11,6
2016,11,6
2016,11,6
2016,11,6
2016,11,6
2016,11,6
2016,11,6
2016,11,6
2016,11,6
2016,11,6
2016,11,6
2016,11,6
2016,11,6
2016,11,6
2016,11,6
2016,11,6
2016,11,6
2016,11,6
2016,11,6
2016,11,6
2016,11,6
2016,11,6
2016,11,6
2016,11,6
2016,11,6
2016,11,6
2016,11,6
2016,11,6
2016,11,6
2016,11,6
2016,11,6
2016,11,6
2016,11,6
2016,11,6
2016,11,6
2016,11,6
2016,11,6
2016,11,6
2016,11,6
2016,11,6
2016,11,6
2016,11,6
2016,11,6
2016,11,6
2016,11,6
2016,11,6
2016,11,6
2016,11,6
2016,11,6
2016,11,6
2016,11,6
2016,11,6
2016,11,6
2016,11,6
2016,11,6
2016,11,6
2016,11,6
2016,11,6
2016,11,6
2016,11,6
2016,11,6
2016,11,6
2016,11,6
2016,11,6
2016,11,6
2016,11,6
2016,11,6
2016,11,6
2016,11,6
2016,11,6
2016,11,6
2016,11,6
2016,11,6
2016,11,6
2016,11,6
2016,11,6
2016,11,6
2016,11,6
2016,11,6
2016,11,6
2016,11,6
2016,11,6
2016,11,6
2016,11,6
2016,11,6
2016,11,6
2016,11,6
2016,11,6
2016,11,6
2016,11,6
2016,11,6
2016,11,6
2016,11,6
2016,11,6
2016,11,6
2016,11,6
2016,11,6
2016,11,6
2016,11,6
2016,11,6
2016,11,6
2016,11,6
2016,11,6
2016,11,6
2016,11,6
2016,11,6
2016,11,6
2016,11,6
2016,11,6
2016,11,6
2016,11,6
2016,11,6
2016,11,6
2016,11,6
2016,11,6
2016,11,6
2016,11,6
2016,11,6
2016,11,6
2016,11,6
2016,11,6
2016,11,6
2016,11,6
2016,11,6
2016,11,6
2016,11,6
2016,11,6
2016,11,6
2016,11,6
2016,11,6
2016,11,6
2016,11,6
2016,11,6
2016,11,6
2016,11,6
2016,11,6
2016,11,6
2016,11,6
2016,11,6
2016,11,6
2016,11,6
2016,11,6
2016,11,6
2016,11,6
2016,11,6
2016,11,6
2016,11,6
2016,11,6
2016,11,6
2016,11,6
2016,11,6
2016,11,6
2016,11,6
2016,11,6
2016,11,6
2016,11,6
2016,11,6
2016,11,6
2016,11,6
2016,11,6
2016,11,6
2016,11,6
2016,11,6
2016,11,6
2016,11,6
2016,11,6
2016,11,6
2016,11,6
2016,11,6
2016,11,6
2016,11,6
2016,11,6
2016,11,6
2016,11,6
2016,11,6
2016,11,6
2016,11,6
2016,11,6
2016,11,6
2016,11,6
2016,11,6
2016,11,6
2016,11,6
2016,11,6
2016,11,6
2016,11,6
2016,11,6
2016,11,6
2016,11,6
2016,11,6
2016,11,6
2016,11,6
2016,11,6
2016,11,6
2016,11,6
2016,11,6
2016,11,6
2016,11,6
2016,11,6
2016,11,6
2016,11,6
2016,11,6
2016,11,6
2016,11,6
2016,11,6
2016,11,6
2016,11,6
2016,11,6
2016,11,6
2016,11,6
2016,11,6
2016,11,6
2016,11,6
2016,11,6
2016,11,6
2016,11,6
2016,11,6
2016,11,6
2016,11,6
2016,11,6
2016,11,6
2016,11,6
2016,11,6
2016,11,6
2016,11,6
2016,11,6
2016,11,6
2016,11,6
2016,11,6
2016,11,6
2016,11,6
2016,11,6
2016,11,6
2016,11,6
2016,11,6
2016,11,6
2016,11,6
2016,11,6
2016,11,6
2016,11,6
2016,11,6
2016,11,6
2016,11,6
2016,11,6
2016,11,6
2016,11,6
2016,11,6
2016,11,6
2016,11,6
2016,11,6
2016,11,6
2016,11,6
2016,11,6
2016,11,6
2016,11,6
2016,11,6
2016,11,6
2016,11,6
2016,11,6
2016,11,6
2016,11,6
2016,11,6
2016,11,6
2016,11,6
2016,11,6
2016,11,6
2016,11,6
2016,11,6
2016,11,6
2016,11,6
2016,11,6
2016,11,6
2016,11,6
2016,11,6
2016,11,6
2016,11,6
2016,11,6
2016,11,6
2016,11,6
2016,11,6
2016,11,6
2016,11,6
2016,11,6
2016,11,6
2016,11,6
2016,11,6
2016,11,6
2016,11,6
2016,11,6
2016,11,6
2016,11,6
2016,11,6
2016,11,6
2016,11,6
2016,11,6
2016,11,6
2016,11,6
2016,11,6
2016,11,6
2016,11,6
2016,11,6
2016,11,6
2016,11,6
2016,11,6
2016,11,6
2016,11,6
2016,11,6
2016,11,6
2016,11,6
2016,11,6
2016,11,6
2016,11,6
2016,11,6
2016,11,6
2016,11,6
2016,11,6
2016,11,6
2016,11,6
2016,11,6
2016,11,6
2016,11,6
2016,11,6
2016,11,6
2016,11,6
2016,11,6
2016,11,6
2016,11,6
2016,11,6
2016,11,6
2016,11,6
2016,11,6
2016,11,6
2016,11,6
2016,11,6
2016,11,6
2016,11,6
2016,11,6
2016,11,6
2016,11,6
2016,11,6
2016,11,6
2016,11,6
2016,11,6
2016,11,6
2016,11,6
2016,11,6
2016,11,6
2016,11,6
2016,11,6
2016,11,6
2016,11,6
2016,11,6
2016,11,6
2016,11,6
2016,11,6
2016,11,6
2016,11,6
2016,11,6
2016,11,6
2016,11,6
2016,11,6
2016,11,6
2016,11,6
2016,11,6
2016,11,6
2016,11,6
2016,11,6
2016,11,6
2016,11,6
2016,11,6
2016,11,6
2016,11,6
2016,11,6
2016,11,6
2016,11,6
2016,11,6
2016,11,6
2016,11,6
2016,11,6
2016,11,6
2016,11,6
2016,11,6
2016,11,6
2016,11,6
2016,11,6
2016,11,6
2016,11,6
2016,11,6
2016,11,6
2016,11,6
2016,11,6
2016,11,6
2016,11,6
2016,11,6
2016,11,6
2016,11,6
2016,11,6
2016,11,6
2016,11,6
2016,11,6
2016,11,6
2016,11,6
2016,11,6
2016,11,6
2016,11,6
2016,11,6
2016,11,6
2016,11,6
2016,11,6
2016,11,6
2016,11,6
2016,11,6
2016,11,6
2016,11,6
2016,11,6
2016,11,6
2016,11,6
2016,11,6
2016,11,6
2016,11,6
2016,11,6
2016,11,6
2016,11,6
2016,11,6
2016,11,6
2016,11,6
2016,11,6
2016,11,6
2016,11,6
2016,11,6
2016,11,6
2016,11,6
2016,11,6
2016,11,6
2016,11,6
2016,11,6
2016,11,6
2016,11,6
2016,11,6
2016,11,6
2016,11,6
2016,11,6
2016,11,6
2016,11,6
2016,11,6
2016,11,6
2016,11,6
2016,11,6
2016,11,6
2016,11,6
2016,11,6
2016,11,6
2016,11,6
2016,11,6
2016,11,6
2016,11,6
2016,11,6
2016,11,6
2016,11,6
2016,11,6
2016,11,6
2016,11,6
2016,11,6
2016,11,6
2016,11,6
2016,11,6
2016,11,6
2016,11,6
2016,11,6
2016,11,6
2016,11,6
2016,11,6
2016,11,6
2016,11,6
2016,11,6
2016,11,6
2016,11,6
2016,11,6
2016,11,6
2016,11,6
2016,11,6
2016,11,6
2016,11,6
2016,11,6
2016,11,6
2016,11,6
2016,11,6
2016,11,6
2016,11,6
2016,11,6
2016,11,6
2016,11,6
2016,11,6
2016,11,6
2016,11,6
2016,11,6
2016,11,6
2016,11,6
2016,11,6
2016,11,6
2016,11,6
2016,11,6
2016,11,6
2016,11,6
2016,11,6
2016,11,6
2016,11,6
2016,11,6
2016,11,6
2016,11,6
2016,11,6
2016,11,6
2016,11,6
2016,11,6
2016,11,6
2016,11,6
2016,11,6
2016,11,6
2016,11,6
2016,11,6
2016,11,6
2016,11,6
2016,11,6
2016,11,6
2016,11,6
2016,11,6
2016,11,6
2016,11,6
2016,11,6
2016,11,6
2016,11,6
2016,11,6
2016,11,6
2016,11,6
2016,11,6
2016,11,6
2016,11,6
2016,11,6
2016,11,6
2016,11,6
2016,11,6
2016,11,6
2016,11,6
2016,11,6
2016,11,6
2016,11,6
2016,11,6
2016,11,6
2016,11,6
2016,11,6
2016,11,6
2016,11,6
2016,11,6
2016,11,6
2016,11,6
2016,11,6
2016,11,6
2016,11,6
2016,11,6
2016,11,6
2016,11,6
2016,11,6
2016,11,6
2016,11,6
2016,11,6
2016,11,6
2016,11,6
2016,11,6
2016,11,6
2016,11,6
2016,11,6
2016,11,6
2016,11,6
2016,11,6
2016,11,6
2016,11,6
2016,11,6
2016,11,6
2016,11,6
2016,11,6
2016,11,6
2016,11,6
2016,11,6
2016,11,6
2016,11,6
2016,11,6
2016,11,6
2016,11,6
2016,11,6
2016,11,6
2016,11,6
2016,11,6
2016,11,6
2016,11,6
2016,11,6
2016,11,6
2016,11,6
2016,11,6
2016,11,6
2016,11,6
2016,11,6
2016,11,6
2016,11,6
2016,11,6
2016,11,6
2016,11,6
2016,11,6
2016,11,6
2016,11,6
2016,11,6
2016,11,6
2016,11,6
2016,11,6
2016,11,6
2016,11,6
2016,11,6
2016,11,6
2016,11,6
2016,11,6
2016,11,6
2016,11,6
2016,11,6
2016,11,6
2016,11,6
2016,11,6
2016,11,6
2016,11,6
2016,11,6
2016,11,6
2016,11,6
2016,11,6
2016,11,6
2016,11,6
2016,11,6
2016,11,6
2016,11,6
2016,11,6
2016,11,6
2016,11,6
2016,11,6
2016,11,6
2016,11,6
2016,11,6
2016,11,6
2016,11,6
2016,11,6
2016,11,6
2016,11,6
2016,11,6
2016,11,6
2016,11,6
2016,11,6
2016,11,6
2016,11,6
2016,11,6
2016,11,6
2016,11,6
2016,11,6
2016,11,6
2016,11,6
2016,11,6
2016,11,6
2016,11,6
2016,11,6
2016,11,6
2016,11,6
2016,11,6
2016,11,6
2016,11,6
2016,11,6
2016,11,6
2016,11,6
2016,11,6
2016,11,6
2016,11,6
2016,11,6
2016,11,6
2016,11,6
2016,11,6
2016,11,6
2016,11,6
2016,11,6
2016,11,6
2016,11,6
2016,11,6
2016,11,6
2016,11,6
2016,11,6
2016,11,6
2016,11,6
2016,11,6
2016,11,6
2016,11,6
2016,11,6
2016,11,6
2016,11,6
2016,11,6
2016,11,6
2016,11,6
2016,11,6
2016,11,6
2016,11,6
2016,11,6
2016,11,6
2016,11,6
2016,11,6
2016,11,6
2016,11,6
2016,11,6
2016,11,6
2016,11,6
2016,11,6
2016,11,6
2016,11,6
2016,11,6
2016,11,6
2016,11,6
2016,11,6
2016,11,6
2016,11,6
2016,11,6
2016,11,6
2016,11,6
2016,11,6
2016,11,6
2016,11,6
2016,11,6
2016,11,6
2016,11,6
2016,11,6
2016,11,6
2016,11,6
2016,11,6
2016,11,6
2016,11,6
2016,11,6
2016,11,6
2016,11,6
2016,11,6
2016,11,6
2016,11,6
2016,11,6
2016,11,6
2016,11,6
2016,11,6
2016,11,6
2016,11,6
2016,11,6
2016,11,6
2016,11,6
2016,11,6
2016,11,6
2016,11,6
2016,11,6
2016,11,6
2016,11,6
2016,11,6
2016,11,6
2016,11,6
2016,11,6
2016,11,6
2016,11,6
2016,11,6
2016,11,6
2016,11,6
2016,11,6
2016,11,6
2016,11,6
2016,11,6
2016,11,6
2016,11,6
2016,11,6
2016,11,6
2016,11,6
2016,11,6
2016,11,6
2016,11,6
2016,11,6
2016,11,6
2016,11,6
2016,11,6
2016,11,6
2016,11,6
2016,11,6
2016,11,6
2016,11,6
2016,11,6
2016,11,6
2016,11,6
2016,11,6
2016,11,6
2016,11,6
2016,11,6
2016,11,6
2016,11,6
2016,11,6
2016,11,6
2016,11,6
2016,11,6
2016,11,6
2016,11,6
2016,11,6
2016,11,6
2016,11,6
2016,11,6
2016,11,6
2016,11,6
2016,11,6
2016,11,6
2016,11,6
2016,11,6
2016,11,6
2016,11,6
2016,11,6
2016,11,6
2016,11,6
2016,11,6
2016,11,6
2016,11,6
2016,11,6
2016,11,6
2016,11,6
2016,11,6
2016,11,6
2016,11,6
2016,11,6
2016,11,6
2016,11,6
2016,11,6
2016,11,6
2016,11,6
2016,11,6
2016,11,6
2016,11,6
2016,11,6
2016,11,6
2016,11,6
2016,11,6
2016,11,6
2016,11,6
2016,11,6
2016,11,6
2016,11,6
2016,11,6
2016,11,6
2016,11,6
2016,11,6
2016,11,6
2016,11,6
2016,11,6
2016,11,6
2016,11,6
2016,11,6
2016,11,6
2016,11,6
2016,11,6
2016,11,6
2016,11,6
2016,11,6
2016,11,6
2016,11,6
2016,11,6
2016,11,6
2016,11,6
2016,11,6
2016,11,6
2016,11,6
2016,11,6
2016,11,6
2016,11,6
2016,11,6
2016,11,6
2016,11,6
2016,11,6
2016,11,6
2016,11,6
2016,11,6
2016,11,6
2016,11,6
2016,11,6
2016,11,6
2016,11,6
2016,11,6
2016,11,6
2016,11,6
2016,11,6
2016,11,6
2016,11,6
2016,11,6
2016,11,6
2016,11,6
2016,11,6
2016,11,6
2016,11,6
2016,11,6
2016,11,6
2016,11,6
2016,11,6
2016,11,6
2016,11,6
2016,11,6
2016,11,6
2016,11,6
2016,11,6
2016,11,6
2016,11,6
2016,11,6
2016,11,6
2016,11,6
2016,11,6
2016,11,6
2016,11,6
2016,11,6
2016,11,6
2016,11,6
2016,11,6
2016,11,6
2016,11,6
2016,11,6
2016,11,6
2016,11,6
2016,11,6
2016,11,6
2016,11,6
2016,11,6
2016,11,6
2016,11,6
2016,11,6
2016,11,6
2016,11,6
2016,11,6
2016,11,6
2016,11,6
2016,11,6
2016,11,6
2016,11,6
2016,11,6
2016,11,6
2016,11,6
2016,11,6
2016,11,6
2016,11,6
2016,11,6
2016,11,6
2016,11,6
2016,11,6
2016,11,6
2016,11,6
2016,11,6
2016,11,6
2016,11,6
2016,11,6
2016,11,6
2016,11,6
2016,11,6
2016,11,6
2016,11,6
2016,11,6
2016,11,6
2016,11,6
2016,11,6
2016,11,6
2016,11,6
2016,11,6
2016,11,6
2016,11,6
2016,11,6
2016,11,6
2016,11,6
2016,11,6
2016,11,6
2016,11,6
2016,11,6
2016,11,6
2016,11,6
2016,11,6
2016,11,6
2016,11,6
2016,11,6
2016,11,6
2016,11,6
2016,11,6
2016,11,6
2016,11,6
2016,11,6
2016,11,6
2016,11,6
2016,11,6
2016,11,6
2016,11,6
2016,11,6
2016,11,6
2016,11,6
2016,11,6
2016,11,6
2016,11,6
2016,11,6
2016,11,6
2016,11,6
2016,11,6
2016,11,6
2016,11,6
2016,11,6
2016,11,6
2016,11,6
2016,11,6
2016,11,6
2016,11,6
2016,11,6
2016,11,6
2016,11,6
2016,11,6
2016,11,6
2016,11,6
2016,11,6
2016,11,6
2016,11,6
2016,11,6
2016,11,6
2016,11,6
2016,11,6
2016,11,6
2016,11,6
2016,11,6
2016,11,6
2016,11,6
2016,11,6
2016,11,6
2016,11,6
2016,11,6
2016,11,6
2016,11,6
2016,11,6
2016,11,6
2016,11,6
2016,11,6
2016,11,6
2016,11,6
2016,11,6
2016,11,6
2016,11,6
2016,11,6
2016,11,6
2016,11,6
2016,11,6
2016,11,6
2016,11,6
2016,11,6
2016,11,6
2016,11,6
2016,11,6
2016,11,6
2016,11,6
2016,11,6
2016,11,6
2016,11,6
2016,11,6
2016,11,6
2016,11,6
2016,11,6
2016,11,6
2016,11,6
2016,11,6
2016,11,6
2016,11,6
2016,11,6
2016,11,6
2016,11,6
2016,11,6
2016,11,6
2016,11,6
2016,11,6
2016,11,6
2016,11,6
2016,11,6
2016,11,6
2016,11,6
2016,11,6
2016,11,6
2016,11,6
2016,11,6
2016,11,6
2016,11,6
2016,11,6
2016,11,6
2016,11,6
2016,11,6
2016,11,6
2016,11,6
2016,11,6
2016,11,6
2016,11,6
2016,11,6
2016,11,6
2016,11,6
2016,11,6
2016,11,6
2016,11,6
2016,11,6
2016,11,6
2016,11,6
2016,11,6
2016,11,6
2016,11,6
2016,11,6
2016,11,6
2016,11,6
2016,11,6
2016,11,6
2016,11,6
2016,11,6
2016,11,6
2016,11,6
2016,11,6
2016,11,6
2016,11,6
2016,11,6
2016,11,6
2016,11,6
2016,11,6
2016,11,6
2016,11,6
2016,11,6
2016,11,6
2016,11,6
2016,11,6
2016,11,6
2016,11,6
2016,11,6
2016,11,6
2016,11,6
2016,11,6
2016,11,6
2016,11,6
2016,11,6
2016,11,6
2016,11,6
2016,11,6
2016,11,6
2016,11,6
2016,11,6
2016,11,6
2016,11,6
2016,11,6
2016,11,6
2016,11,6
2016,11,6
2016,11,6
2016,11,6
2016,11,6
2016,11,6
2016,11,6
2016,11,6
2016,11,6
2016,11,6
2016,11,6
2016,11,6
2016,11,6
2016,11,6
2016,11,6
2016,11,6
2016,11,6
2016,11,6
2016,11,6
2016,11,6
2016,11,6
2016,11,6
2016,11,6
2016,11,6
2016,11,6
2016,11,6
2016,11,6
2016,11,6
2016,11,6
2016,11,6
2016,11,6
2016,11,6
2016,11,6
2016,11,6
2016,11,6
2016,11,6
2016,11,6
2016,11,6
2016,11,6
2016,11,6
2016,11,6
2016,11,6
2016,11,6
2016,11,6
2016,11,6
2016,11,6
2016,11,6
2016,11,6
2016,11,6
2016,11,6
2016,11,6
2016,11,6
2016,11,6
2016,11,6
2016,11,6
2016,11,6
2016,11,6
2016,11,6
2016,11,6
2016,11,6
2016,11,6
2016,11,6
2016,11,6
2016,11,6
2016,11,6
2016,11,6
2016,11,6
2016,11,6
2016,11,6
2016,11,6
2016,11,6
2016,11,6
2016,11,6
2016,11,6
2016,11,6
2016,11,6
2016,11,6
2016,11,6
2016,11,6
2016,11,6
2016,11,6
2016,11,6
2016,11,6
2016,11,6
2016,11,6
2016,11,6
2016,11,6
2016,11,6
2016,11,6
2016,11,6
2016,11,6
2016,11,6
2016,11,6
2016,11,6
2016,11,6
2016,11,6
2016,11,6
2016,11,6
2016,11,6
2016,11,6
2016,11,6
2016,11,6
2016,11,6
2016,11,6
2016,11,6
2016,11,6
2016,11,6
2016,11,6
2016,11,6
2016,11,6
2016,11,6
2016,11,6
2016,11,6
2016,11,6
2016,11,6
2016,11,6
2016,11,6
2016,11,6
2016,11,6
2016,11,6
2016,11,6
2016,11,6
2016,11,6
2016,11,6
2016,11,6
2016,11,6
2016,11,6
2016,11,6
2016,11,6
2016,11,6
2016,11,6
2016,11,6
2016,11,6
2016,11,6
2016,11,6
2016,11,6
2016,11,6
2016,11,6
2016,11,6
2016,11,6
2016,11,6
2016,11,6
2016,11,6
2016,11,6
2016,11,6
2016,11,6
2016,11,6
2016,11,6
2016,11,6
2016,11,6
2016,11,6
2016,11,6
2016,11,6
2016,11,6
2016,11,6
2016,11,6
2016,11,6
2016,11,6
2016,11,6
2016,11,6
2016,11,6
2016,11,6
2016,11,6
2016,11,6
2016,11,6
2016,11,6
2016,11,6
2016,11,6
2016,11,6
2016,11,6
2016,11,6
2016,11,6
2016,11,6
2016,11,6
2016,11,6
2016,11,6
2016,11,6
2016,11,6
2016,11,6
2016,11,6
2016,11,6
2016,11,6
2016,11,6
2016,11,6
2016,11,6
2016,11,6
2016,11,6
2016,11,6
2016,11,6
2016,11,6
2016,11,6
2016,11,6
2016,11,6
2016,11,6
2016,11,6
2016,11,6
2016,11,6
2016,11,6
2016,11,6
2016,11,6
2016,11,6
2016,11,6
2016,11,6
2016,11,6
2016,11,6
2016,11,6
2016,11,6
2016,11,6
2016,11,6
2016,11,6
2016,11,6
2016,11,6
2016,11,6
2016,11,6
2016,11,6
2016,11,6
2016,11,6
2016,11,6
2016,11,6
2016,11,6
2016,11,6
2016,11,6
2016,11,6
2016,11,6
2016,11,6
2016,11,6
2016,11,6
2016,11,6
2016,11,6
2016,11,6
2016,11,6
2016,11,6
2016,11,6
2016,11,6
2016,11,6
2016,11,6
2016,11,6
2016,11,6
2016,11,6
2016,11,6
2016,11,6
2016,11,6
2016,11,6
2016,11,6
2016,11,6
2016,11,6
2016,11,6
2016,11,6
2016,11,6
2016,11,6
2016,11,6
2016,11,6
2016,11,6
2016,11,6
2016,11,6
2016,11,6
2016,11,6
2016,11,6
2016,11,6
2016,11,6
2016,11,6
2016,11,6
2016,11,6
2016,11,6
2016,11,6
2016,11,6
2016,11,6
2016,11,6
2016,11,6
2016,11,6
2016,11,6
2016,11,6
2016,11,6
2016,11,6
2016,11,6
2016,11,6
2016,11,6
2016,11,6
2016,11,6
2016,11,6
2016,11,6
2016,11,6
2016,11,6
2016,11,6
2016,11,6
2016,11,6
2016,11,6
2016,11,6
2016,11,6
2016,11,6
2016,11,6
2016,11,6
2016,11,6
2016,11,6
2016,11,6
2016,11,6
2016,11,6
2016,11,6
2016,11,6
2016,11,6
2016,11,6
2016,11,6
2016,11,6
2016,11,6
2016,11,6
2016,11,6
2016,11,6
2016,11,6
2016,11,6
2016,11,6
2016,11,6
2016,11,6
2016,11,6
2016,11,6
2016,11,6
2016,11,6
2016,11,6
2016,11,6
2016,11,6
2016,11,6
2016,11,6
2016,11,6
2016,11,6
2016,11,6
2016,11,6
2016,11,6
2016,11,6
2016,11,6
2016,11,6
2016,11,6
2016,11,6
2016,11,6
2016,11,6
2016,11,6
2016,11,6
2016,11,6
2016,11,6
2016,11,6
2016,11,6
2016,11,6
2016,11,6
2016,11,6
2016,11,6
2016,11,6
2016,11,6
2016,11,6
2016,11,6
2016,11,6
2016,11,6
2016,11,6
2016,11,6
2016,11,6
2016,11,6
2016,11,6
2016,11,6
2016,11,6
2016,11,6
2016,11,6
2016,11,6
2016,11,6
2016,11,6
2016,11,6
2016,11,6
2016,11,6
2016,11,6
2016,11,6
2016,11,6
2016,11,6
2016,11,6
2016,11,6
2016,11,6
2016,11,6
2016,11,6
2016,11,6
2016,11,6
2016,11,6
2016,11,6
2016,11,6
2016,11,6
2016,11,6
2016,11,6
2016,11,6
2016,11,6
2016,11,6
2016,11,6
2016,11,6
2016,11,6
2016,11,6
2016,11,6
2016,11,6
2016,11,6
2016,11,6
2016,11,6
2016,11,6
2016,11,6
2016,11,6
2016,11,6
2016,11,6
2016,11,6
2016,11,6
2016,11,6
2016,11,6
2016,11,6
2016,11,6
2016,11,6
2016,11,6
2016,11,6
2016,11,6
2016,11,6
2016,11,6
2016,11,6
2016,11,6
2016,11,6
2016,11,6
2016,11,6
2016,11,6
2016,11,6
2016,11,6
2016,11,6
2016,11,6
2016,11,6
2016,11,6
2016,11,6
2016,11,6
2016,11,6
2016,11,6
2016,11,6
2016,11,6
2016,11,6
2016,11,6
2016,11,6
2016,11,6
2016,11,6
2016,11,6
2016,11,6
2016,11,6
2016,11,6
2016,11,6
2016,11,6
2016,11,6
2016,11,6
2016,11,6
2016,11,6
2016,11,6
2016,11,6
2016,11,6
2016,11,6
2016,11,6
2016,11,6
2016,11,6
2016,11,6
2016,11,6
2016,11,6
2016,11,6
2016,11,6
2016,11,6
2016,11,6
2016,11,6
2016,11,6
2016,11,6
2016,11,6
2016,11,6
2016,11,6
2016,11,6
2016,11,6
2016,11,6
2016,11,6
2016,11,6
2016,11,6
2016,11,6
2016,11,6
2016,11,6
2016,11,6
2016,11,6
2016,11,6
2016,11,6
2016,11,6
2016,11,6
2016,11,6
2016,11,6
2016,11,6
2016,11,6
2016,11,6
2016,11,6
2016,11,6
2016,11,6
2016,11,6
2016,11,6
2016,11,6
2016,11,6
2016,11,6
2016,11,6
2016,11,6
2016,11,6
2016,11,6
2016,11,6
2016,11,6
2016,11,6
2016,11,6
2016,11,6
2016,11,6
2016,11,6
2016,11,6
2016,11,6
2016,11,6
2016,11,6
2016,11,6
2016,11,6
2016,11,6
2016,11,6
2016,11,6
2016,11,6
2016,11,6
2016,11,6
2016,11,6
2016,11,6
2016,11,6
2016,11,6
2016,11,6
2016,11,6
2016,11,6
2016,11,6
2016,11,6
2016,11,6
2016,11,6
2016,11,6
2016,11,6
2016,11,6
2016,11,6
2016,11,6
2016,11,6
2016,11,6
2016,11,6
2016,11,6
2016,11,6
2016,11,6
2016,11,6
2016,11,6
2016,11,6
2016,11,6
2016,11,6
2016,11,6
2016,11,6
2016,11,6
2016,11,6
2016,11,6
2016,11,6
2016,11,6
2016,11,6
2016,11,6
2016,11,6
2016,11,6
2016,11,6
2016,11,6
2016,11,6
2016,11,6
2016,11,6
2016,11,6
2016,11,6
2016,11,6
2016,11,6
2016,11,6
2016,11,6
2016,11,6
2016,11,6
2016,11,6
2016,11,6
2016,11,6
2016,11,6
2016,11,6
2016,11,6
2016,11,6
2016,11,6
2016,11,6
2016,11,6
2016,11,6
2016,11,6
2016,11,6
2016,11,6
2016,11,6
2016,11,6
2016,11,6
2016,11,6
2016,11,6
2016,11,6
2016,11,6
2016,11,6
2016,11,6
2016,11,6
2016,11,6
2016,11,6
2016,11,6
2016,11,6
2016,11,6
2016,11,6
2016,11,6
2016,11,6
2016,11,6
2016,11,6
2016,11,6
2016,11,6
2016,11,6
2016,11,6
2016,11,6
2016,11,6
2016,11,6
2016,11,6
2016,11,6
2016,11,6
2016,11,6
2016,11,6
2016,11,6
2016,11,6
2016,11,6
2016,11,6
2016,11,6
2016,11,6
2016,11,6
2016,11,6
2016,11,6
2016,11,6
2016,11,6
2016,11,6
2016,11,6
2016,11,6
2016,11,6
2016,11,6
2016,11,6
2016,11,6
2016,11,6
2016,11,6
2016,11,6
2016,11,6
2016,11,6
2016,11,6
2016,11,6
2016,11,6
2016,11,6
2016,11,6
2016,11,6
2016,11,6
2016,11,6
2016,11,6
2016,11,6
2016,11,6
2016,11,6
2016,11,6
2016,11,6
2016,11,6
2016,11,6
2016,11,6
2016,11,6
2016,11,6
2016,11,6
2016,11,6
2016,11,6
2016,11,6
2016,11,6
2016,11,6
2016,11,6
2016,11,6
2016,11,6
2016,11,6
2016,11,6
2016,11,6
2016,11,6
2016,11,6
2016,11,6
2016,11,6
2016,11,6
2016,11,6
2016,11,6
2016,11,6
2016,11,6
2016,11,6
2016,11,6
2016,11,6
2016,11,6
2016,11,6
2016,11,6
2016,11,6
2016,11,6
2016,11,6
2016,11,6
2016,11,6
2016,11,6
2016,11,6
2016,11,6
2016,11,6
2016,11,6
2016,11,6
2016,11,6
2016,11,6
2016,11,6
2016,11,6
2016,11,6
2016,11,6
2016,11,6
2016,11,6
2016,11,6
2016,11,6
2016,11,6
2016,11,6
2016,11,6
2016,11,6
2016,11,6
2016,11,6
2016,11,6
2016,11,6
2016,11,6
2016,11,6
2016,11,6
2016,11,6
2016,11,6
2016,11,6
2016,11,6
2016,11,6
2016,11,6
2016,11,6
2016,11,6
2016,11,6
2016,11,6
2016,11,6
2016,11,6
2016,11,6
2016,11,6
2016,11,6
2016,11,6
2016,11,6
2016,11,6
2016,11,6
2016,11,6
2016,11,6
2016,11,6
2016,11,6
2016,11,6
2016,11,6
2016,11,6
2016,11,6
2016,11,6
2016,11,6
2016,11,6
2016,11,6
2016,11,6
2016,11,6
2016,11,6
2016,11,6
2016,11,6
2016,11,6
2016,11,6
2016,11,6
2016,11,6
2016,11,6
2016,11,6
2016,11,6
2016,11,6
2016,11,6
2016,11,6
2016,11,6
2016,11,6
2016,11,6
2016,11,6
2016,11,6
2016,11,6
2016,11,6
2016,11,6
2016,11,6
2016,11,6
2016,11,6
2016,11,6
2016,11,6
2016,11,6
2016,11,6
2016,11,6
2016,11,6
2016,11,6
2016,11,6
2016,11,6
2016,11,6
2016,11,6
2016,11,6
2016,11,6
2016,11,6
2016,11,6
2016,11,6
2016,11,6
2016,11,6
2016,11,6
2016,11,6
2016,11,6
2016,11,6
2016,11,6
2016,11,6
2016,11,6
2016,11,6
2016,11,6
2016,11,6
2016,11,6
2016,11,6
2016,11,6
2016,11,6
2016,11,6
2016,11,6
2016,11,6
2016,11,6
2016,11,6
2016,11,6
2016,11,6
2016,11,6
2016,11,6
2016,11,6
2016,11,6
2016,11,6
2016,11,6
2016,11,6
2016,11,6
2016,11,6
2016,11,6
2016,11,6
2016,11,6
2016,11,6
2016,11,6
2016,11,6
2016,11,6
2016,11,6
2016,11,6
2016,11,6
2016,11,6
2016,11,6
2016,11,6
2016,11,6
2016,11,6
2016,11,6
2016,11,6
2016,11,6
2016,11,6
2016,11,6
2016,11,6
2016,11,6
2016,11,6
2016,11,6
2016,11,6
2016,11,6
2016,11,6
2016,11,6
2016,11,6
2016,11,6
2016,11,6
2016,11,6
2016,11,6
2016,11,6
2016,11,6
2016,11,6
2016,11,6
2016,11,6
2016,11,6
2016,11,6
2016,11,6
2016,11,6
2016,11,6
2016,11,6
2016,11,6
2016,11,6
2016,11,6
2016,11,6
2016,11,6
2016,11,6
2016,11,6
2016,11,6
2016,11,6
2016,11,6
2016,11,6
2016,11,6
2016,11,6
2016,11,6
2016,11,6
2016,11,6
2016,11,6
2016,11,6
2016,11,6
2016,11,6
2016,11,6
2016,11,6
2016,11,6
2016,11,6
2016,11,6
2016,11,6
2016,11,6
2016,11,6
2016,11,6
2016,11,6
2016,11,6
2016,11,6
2016,11,6
2016,11,6
2016,11,6
2016,11,6
2016,11,6
2016,11,6
2016,11,6
2016,11,6
2016,11,6
2016,11,6
2016,11,6
2016,11,6
2016,11,6
2016,11,6
2016,11,6
2016,11,6
2016,11,6
2016,11,6
2016,11,6
2016,11,6
2016,11,6
2016,11,6
2016,11,6
2016,11,6
2016,11,6
2016,11,6
2016,11,6
2016,11,6
2016,11,6
2016,11,6
2016,11,6
2016,11,6
2016,11,6
2016,11,6
2016,11,6
2016,11,6
2016,11,6
2016,11,6
2016,11,6
2016,11,6
2016,11,6
2016,11,6
2016,11,6
2016,11,6
2016,11,6
2016,11,6
2016,11,6
2016,11,6
2016,11,6
2016,11,6
2016,11,6
2016,11,6
2016,11,6
2016,11,6
2016,11,6
2016,11,6
2016,11,6
2016,11,6
2016,11,6
2016,11,6
2016,11,6
2016,11,6
2016,11,6
2016,11,6
2016,11,6
2016,11,6
2016,11,6
2016,11,6
2016,11,6
2016,11,6
2016,11,6
2016,11,6
2016,11,6
2016,11,6
2016,11,6
2016,11,6
2016,11,6
2016,11,6
2016,11,6
2016,11,6
2016,11,6
2016,11,6
2016,11,6
2016,11,6
2016,11,6
2016,11,6
2016,11,6
2016,11,6
2016,11,6
2016,11,6
2016,11,6
2016,11,6
2016,11,6
2016,11,6
2016,11,6
2016,11,6
2016,11,6
2016,11,6
2016,11,6
2016,11,6
2016,11,6
2016,11,6
2016,11,6
2016,11,6
2016,11,6
2016,11,6
2016,11,6
2016,11,6
2016,11,6
2016,11,6
2016,11,6
2016,11,6
2016,11,6
2016,11,6
2016,11,6
2016,11,6
2016,11,6
2016,11,6
2016,11,6
2016,11,6
2016,11,6
2016,11,6
2016,11,6
2016,11,6
2016,11,6
2016,11,6
2016,11,6
2016,11,6
2016,11,6
2016,11,6
2016,11,6
2016,11,6
2016,11,6
2016,11,6
2016,11,6
2016,11,6
2016,11,6
2016,11,6
2016,11,6
2016,11,6
2016,11,6
2016,11,6
2016,11,6
2016,11,6
2016,11,6
2016,11,6
2016,11,6
2016,11,6
2016,11,6
2016,11,6
2016,11,6
2016,11,6
2016,11,6
2016,11,6
2016,11,6
2016,11,6
2016,11,6
2016,11,6
2016,11,6
2016,11,6
2016,11,6
2016,11,6
2016,11,6
2016,11,6
2016,11,6
2016,11,6
2016,11,6
2016,11,6
2016,11,6
2016,11,6
2016,11,6
2016,11,6
2016,11,6
2016,11,6
2016,11,6
2016,11,6
2016,11,6
2016,11,6
2016,11,6
2016,11,6
2016,11,6
2016,11,6
2016,11,6
2016,11,6
2016,11,6
2016,11,6
2016,11,6
2016,11,6
2016,11,6
2016,11,6
2016,11,6
2016,11,6
2016,11,6
2016,11,6
2016,11,6
2016,11,6
2016,11,6
2016,11,6
2016,11,6
2016,11,6
2016,11,6
2016,11,6
2016,11,6
2016,11,6
2016,11,6
2016,11,6
2016,11,6
2016,11,6
2016,11,6
2016,11,6
2016,11,6
2016,11,6
2016,11,6
2016,11,6
2016,11,6
2016,11,6
2016,11,6
2016,11,6
2016,11,6
2016,11,6
2016,11,6
2016,11,6
2016,11,6
2016,11,6
2016,11,6
2016,11,6
2016,11,6
2016,11,6
2016,11,6
2016,11,6
2016,11,6
2016,11,6
2016,11,6
2016,11,6
2016,11,6
2016,11,6
2016,11,6
2016,11,6
2016,11,6
2016,11,6
2016,11,6
2016,11,6
2016,11,6
2016,11,6
2016,11,6
2016,11,6
2016,11,6
2016,11,6
2016,11,6
2016,11,6
2016,11,6
2016,11,6
2016,11,6
2016,11,6
2016,11,6
2016,11,6
2016,11,6
2016,11,6
2016,11,6
2016,11,6
2016,11,6
2016,11,6
2016,11,6
2016,11,6
2016,11,6
2016,11,6
2016,11,6
2016,11,6
2016,11,6
2016,11,6
2016,11,6
2016,11,6
2016,11,6
2016,11,6
2016,11,6
2016,11,6
2016,11,6
2016,11,6
2016,11,6
2016,11,6
2016,11,6
2016,11,6
2016,11,6
2016,11,6
2016,11,6
2016,11,6
2016,11,6
2016,11,6
2016,11,6
2016,11,6
2016,11,6
2016,11,6
2016,11,6
2016,11,6
2016,11,6
2016,11,6
2016,11,6
2016,11,6
2016,11,6
2016,11,6
2016,11,6
2016,11,6
2016,11,6
2016,11,6
2016,11,6
2016,11,6
2016,11,6
2016,11,6
2016,11,6
2016,11,6
2016,11,6
2016,11,6
2016,11,6
2016,11,6
2016,11,6
2016,11,6
2016,11,6
2016,11,6
2016,11,6
2016,11,6
2016,11,6
2016,11,6
2016,11,6
2016,11,6
2016,11,6
2016,11,6
2016,11,6
2016,11,6
2016,11,6
2016,11,6
2016,11,6
2016,11,6
2016,11,6
2016,11,6
2016,11,6
2016,11,6
2016,11,6
2016,11,6
2016,11,6
2016,11,6
2016,11,6
2016,11,6
2016,11,6
2016,11,6
2016,11,6
2016,11,6
2016,11,6
2016,11,6
2016,11,6
2016,11,6
2016,11,6
2016,11,6
2016,11,6
2016,11,6
2016,11,6
2016,11,6
2016,11,6
2016,11,6
2016,11,6
2016,11,6
2016,11,6
2016,11,6
2016,11,6
2016,11,6
2016,11,6
2016,11,6
2016,11,6
2016,11,6
2016,11,6
2016,11,6
2016,11,6
2016,11,6
2016,11,6
2016,11,6
2016,11,6
2016,11,6
2016,11,6
2016,11,6
2016,11,6
2016,11,6
2016,11,6
2016,11,6
2016,11,6
2016,11,6
2016,11,6
2016,11,6
2016,11,6
2016,11,6
2016,11,6
2016,11,6
2016,11,6
2016,11,6
2016,11,6
2016,11,6
2016,11,6
2016,11,6
2016,11,6
2016,11,6
2016,11,6
2016,11,6
2016,11,6
2016,11,6
2016,11,6
2016,11,6
2016,11,6
2016,11,6
2016,11,6
2016,11,6
2016,11,6
2016,11,6
2016,11,6
2016,11,6
2016,11,6
2016,11,6
2016,11,6
2016,11,6
2016,11,6
2016,11,6
2016,11,6
2016,11,6
2016,11,6
2016,11,6
2016,11,6
2016,11,6
2016,11,6
2016,11,6
2016,11,6
2016,11,6
2016,11,6
2016,11,6
2016,11,6
2016,11,6
2016,11,6
2016,11,6
2016,11,6
2016,11,6
2016,11,6
2016,11,6
2016,11,6
2016,11,6
2016,11,6
2016,11,6
2016,11,6
2016,11,6
2016,11,6
2016,11,6
2016,11,6
2016,11,6
2016,11,6
2016,11,6
2016,11,6
2016,11,6
2016,11,6
2016,11,6
2016,11,6
2016,11,6
2016,11,6
2016,11,6
2016,11,6
2016,11,6
2016,11,6
2016,11,6
2016,11,6
2016,11,6
2016,11,6
2016,11,6
2016,11,6
2016,11,6
2016,11,6
2016,11,6
2016,11,6
2016,11,6
2016,11,6
2016,11,6
2016,11,6
2016,11,6
2016,11,6
2016,11,6
2016,11,6
2016,11,6
2016,11,6
2016,11,6
2016,11,6
2016,11,6
2016,11,6
2016,11,6
2016,11,6
2016,11,6
2016,11,6
2016,11,6
2016,11,6
2016,11,6
2016,11,6
2016,11,6
2016,11,6
2016,11,6
2016,11,6
2016,11,6
2016,11,6
2016,11,6
2016,11,6
2016,11,6
2016,11,6
2016,11,6
2016,11,6
2016,11,6
2016,11,6
2016,11,6
2016,11,6
2016,11,6
2016,11,6
2016,11,6
2016,11,6
2016,11,6
2016,11,6
2016,11,6
2016,11,6
2016,11,6
2016,11,6
2016,11,6
2016,11,6
2016,11,6
2016,11,6
2016,11,6
2016,11,6
2016,11,6
2016,11,6
2016,11,6
2016,11,6
2016,11,6
2016,11,6
2016,11,6
2016,11,6
2016,11,6
2016,11,6
2016,11,6
2016,11,6
2016,11,6
2016,11,6
2016,11,6
2016,11,6
2016,11,6
2016,11,6
2016,11,6
2016,11,6
2016,11,6
2016,11,6
2016,11,6
2016,11,6
2016,11,6
2016,11,6
2016,11,6
2016,11,6
2016,11,6
2016,11,6
2016,11,6
2016,11,6
2016,11,6
2016,11,6
2016,11,6
2016,11,6
2016,11,6
2016,11,6
2016,11,6
2016,11,6
2016,11,6
2016,11,6
2016,11,6
2016,11,6
2016,11,6
2016,11,6
2016,11,6
2016,11,6
2016,11,6
2016,11,6
2016,11,6
2016,11,6
2016,11,6
2016,11,6
2016,11,6
2016,11,6
2016,11,6
2016,11,6
2016,11,6
2016,11,6
2016,11,6
2016,11,6
2016,11,6
2016,11,6
2016,11,6
2016,11,6
2016,11,6
2016,11,6
2016,11,6
2016,11,6
2016,11,6
2016,11,6
2016,11,6
2016,11,6
2016,11,6
2016,11,6
2016,11,6
2016,11,6
2016,11,6
2016,11,6
2016,11,6
2016,11,6
2016,11,6
2016,11,6
2016,11,6
2016,11,6
2016,11,6
2016,11,6
2016,11,6
2016,11,6
2016,11,6
2016,11,6
2016,11,6
2016,11,6
2016,11,6
2016,11,6
2016,11,6
2016,11,6
2016,11,6
2016,11,6
2016,11,6
2016,11,6
2016,11,6
2016,11,6
2016,11,6
2016,11,6
2016,11,6
2016,11,6
2016,11,6
2016,11,6
2016,11,6
2016,11,6
2016,11,6
2016,11,6
2016,11,6
2016,11,6
2016,11,6
2016,11,6
2016,11,6
2016,11,6
2016,11,6
2016,11,6
2016,11,6
2016,11,6
2016,11,6
2016,11,6
2016,11,6
2016,11,6
2016,11,6
2016,11,6
2016,11,6
2016,11,6
2016,11,6
2016,11,6
2016,11,6
2016,11,6
2016,11,6
2016,11,6
2016,11,6
2016,11,6
2016,11,6
2016,11,6
2016,11,6
2016,11,6
2016,11,6
2016,11,6
2016,11,6
2016,11,6
2016,11,6
2016,11,6
2016,11,6
2016,11,6
2016,11,6
2016,11,6
2016,11,6
2016,11,6
2016,11,6
2016,11,6
2016,11,6
2016,11,6
2016,11,6
2016,11,6
2016,11,6
2016,11,6
2016,11,6
2016,11,6
2016,11,6
2016,11,6
2016,11,6
2016,11,6
2016,11,6
2016,11,6
2016,11,6
2016,11,6
2016,11,6
2016,11,6
2016,11,6
2016,11,6
2016,11,6
2016,11,6
2016,11,6
2016,11,6
2016,11,6
2016,11,6
2016,11,6
2016,11,6
2016,11,6
2016,11,6
2016,11,6
2016,11,6
2016,11,6
2016,11,6
2016,11,6
2016,11,6
2016,11,6
2016,11,6
2016,11,6
2016,11,6
2016,11,6
2016,11,6
2016,11,6
2016,11,6
2016,11,6
2016,11,6
2016,11,6
2016,11,6
2016,11,6
2016,11,6
2016,11,6
2016,11,6
2016,11,6
2016,11,6
2016,11,6
2016,11,6
2016,11,6
2016,11,6
2016,11,6
2016,11,6
2016,11,6
2016,11,6
2016,11,6
2016,11,6
2016,11,6
2016,11,6
2016,11,6
2016,11,6
2016,11,6
2016,11,6
2016,11,6
2016,11,6
2016,11,6
2016,11,6
2016,11,6
2016,11,6
2016,11,6
2016,11,6
2016,11,6
2016,11,6
2016,11,6
2016,11,6
2016,11,6
2016,11,6
2016,11,6
2016,11,6
2016,11,6
2016,11,6
2016,11,6
2016,11,6
2016,11,6
2016,11,6
2016,11,6
2016,11,6
2016,11,6
2016,11,6
2016,11,6
2016,11,6
2016,11,6
2016,11,6
2016,11,6
2016,11,6
2016,11,6
2016,11,6
2016,11,6
2016,11,6
2016,11,6
2016,11,6
2016,11,6
2016,11,6
2016,11,6
2016,11,6
2016,11,6
2016,11,6
2016,11,6
2016,11,6
2016,11,6
2016,11,6
2016,11,6
2016,11,6
2016,11,6
2016,11,6
2016,11,6
2016,11,6
2016,11,6
2016,11,6
2016,11,6
2016,11,6
2016,11,6
2016,11,6
2016,11,6
2016,11,6
2016,11,6
2016,11,6
2016,11,6
2016,11,6
2016,11,6
2016,11,6
2016,11,6
2016,11,6
2016,11,6
2016,11,6
2016,11,6
2016,11,6
2016,11,6
2016,11,6
2016,11,6
2016,11,6
2016,11,6
2016,11,6
2016,11,6
2016,11,6
2016,11,6
2016,11,6
2016,11,6
2016,11,6
2016,11,6
2016,11,6
2016,11,6
2016,11,6
2016,11,6
2016,11,6
2016,11,6
2016,11,6
2016,11,6
2016,11,6
2016,11,6
2016,11,6
2016,11,6
2016,11,6
2016,11,6
2016,11,6
2016,11,6
2016,11,6
2016,11,6
2016,11,6
2016,11,6
2016,11,6
2016,11,6
2016,11,6
2016,11,6
2016,11,6
2016,11,6
2016,11,6
2016,11,6
2016,11,6
2016,11,6
2016,11,6
2016,11,6
2016,11,6
2016,11,6
2016,11,6
2016,11,6
2016,11,6
2016,11,6
2016,11,6
2016,11,6
2016,11,6
2016,11,6
2016,11,6
2016,11,6
2016,11,6
2016,11,6
2016,11,6
2016,11,6
2016,11,6
2016,11,6
2016,11,6
2016,11,6
2016,11,6
2016,11,6
2016,11,6
2016,11,6
2016,11,6
2016,11,6
2016,11,6
2016,11,6
2016,11,6
2016,11,6
2016,11,6
2016,11,6
2016,11,6
2016,11,6
2016,11,6
2016,11,6
2016,11,6
2016,11,6
2016,11,6
2016,11,6
2016,11,6
2016,11,6
2016,11,6
2016,11,6
2016,11,6
2016,11,6
2016,11,6
2016,11,6
2016,11,6
2016,11,6
2016,11,6
2016,11,6
2016,11,6
2016,11,6
2016,11,6
2016,11,6
2016,11,6
2016,11,6
2016,11,6
2016,11,6
2016,11,6
2016,11,6
2016,11,6
2016,11,6
2016,11,6
2016,11,6
2016,11,6
2016,11,6
2016,11,6
2016,11,6
2016,11,6
2016,11,6
2016,11,6
2016,11,6
2016,11,6
2016,11,6
2016,11,6
2016,11,6
2016,11,6
2016,11,6
2016,11,6
2016,11,6
2016,11,6
2016,11,6
2016,11,6
2016,11,6
2016,11,6
2016,11,6
2016,11,6
2016,11,6
2016,11,6
2016,11,6
2016,11,6
2016,11,6
2016,11,6
2016,11,6
2016,11,6
2016,11,6
2016,11,6
2016,11,6
2016,11,6
2016,11,6
2016,11,6
2016,11,6
2016,11,6
2016,11,6
2016,11,6
2016,11,6
2016,11,6
2016,11,6
2016,11,6
2016,11,6
2016,11,6
2016,11,6
2016,11,6
2016,11,6
2016,11,6
2016,11,6
2016,11,6
2016,11,6
2016,11,6
2016,11,6
2016,11,6
2016,11,6
2016,11,6
2016,11,6
2016,11,6
2016,11,6
2016,11,6
2016,11,6
2016,11,6
2016,11,6
2016,11,6
2016,11,6
2016,11,6
2016,11,6
2016,11,6
2016,11,6
2016,11,6
2016,11,6
2016,11,6
2016,11,6
2016,11,6
2016,11,6
2016,11,6
2016,11,6
2016,11,6
2016,11,6
2016,11,6
2016,11,6
2016,11,6
2016,11,6
2016,11,6
2016,11,6
2016,11,6
2016,11,6
2016,11,6
2016,11,6
2016,11,6
2016,11,6
2016,11,6
2016,11,6
2016,11,6
2016,11,6
2016,11,6
2016,11,6
2016,11,6
2016,11,6
2016,11,6
2016,11,6
2016,11,6
2016,11,6
2016,11,6
2016,11,6
2016,11,6
2016,11,6
2016,11,6
2016,11,6
2016,11,6
2016,11,6
2016,11,6
2016,11,6
2016,11,6
2016,11,6
2016,11,6
2016,11,6
2016,11,6
2016,11,6
2016,11,6
2016,11,6
2016,11,6
2016,11,6
2016,11,6
2016,11,6
2016,11,6
2016,11,6
2016,11,6
2016,11,6
2016,11,6
2016,11,6
2016,11,6
2016,11,6
2016,11,6
2016,11,6
2016,11,6
2016,11,6
2016,11,6
2016,11,6
2016,11,6
2016,11,6
2016,11,6
2016,11,6
2016,11,6
2016,11,6
2016,11,6
2016,11,6
2016,11,6
2016,11,6
2016,11,6
2016,11,6
2016,11,6
2016,11,6
2016,11,6
2016,11,6
2016,11,6
2016,11,6
2016,11,6
2016,11,6
2016,11,6
2016,11,6
2016,11,6
2016,11,6
2016,11,6
2016,11,6
2016,11,6
2016,11,6
2016,11,6
2016,11,6
2016,11,6
2016,11,6
2016,11,6
2016,11,6
2016,11,6
2016,11,6
2016,11,6
2016,11,6
2016,11,6
2016,11,6
2016,11,6
2016,11,6
2016,11,6
2016,11,6
2016,11,6
2016,11,6
2016,11,6
2016,11,6
2016,11,6
2016,11,6
2016,11,6
2016,11,6
2016,11,6
2016,11,6
2016,11,6
2016,11,6
2016,11,6
2016,11,6
2016,11,6
2016,11,6
2016,11,6
2016,11,6
2016,11,6
2016,11,6
2016,11,6
2016,11,6
2016,11,6
2016,11,6
2016,11,6
2016,11,6
2016,11,6
2016,11,6
2016,11,6
2016,11,6
2016,11,6
2016,11,6
2016,11,6
2016,11,6
2016,11,6
2016,11,6
2016,11,6
2016,11,6
2016,11,6
2016,11,6
2016,11,6
2016,11,6
2016,11,6
2016,11,6
2016,11,6
2016,11,6
2016,11,6
2016,11,6
2016,11,6
2016,11,6
2016,11,6
2016,11,6
2016,11,6
2016,11,6
2016,11,6
2016,11,6
2016,11,6
2016,11,6
2016,11,6
2016,11,6
2016,11,6
2016,11,6
2016,11,6
2016,11,6
2016,11,6
2016,11,6
2016,11,6
2016,11,6
2016,11,6
2016,11,6
2016,11,6
2016,11,6
2016,11,6
2016,11,6
2016,11,6
2016,11,6
2016,11,6
2016,11,6
2016,11,6
2016,11,6
2016,11,6
2016,11,6
2016,11,6
2016,11,6
2016,11,6
2016,11,6
2016,11,6
2016,11,6
2016,11,6
2016,11,6
2016,11,6
2016,11,6
2016,11,6
2016,11,6
2016,11,6
2016,11,6
2016,11,6
2016,11,6
2016,11,6
2016,11,6
2016,11,6
2016,11,6
2016,11,6
2016,11,6
2016,11,6
2016,11,6
2016,11,6
2016,11,6
2016,11,6
2016,11,6
2016,11,6
2016,11,6
2016,11,6
2016,11,6
2016,11,6
2016,11,6
2016,11,6
2016,11,6
2016,11,6
2016,11,6
2016,11,6
2016,11,6
2016,11,6
2016,11,6
2016,11,6
2016,11,6
2016,11,6
2016,11,6
2016,11,6
2016,11,6
2016,11,6
2016,11,6
2016,11,6
2016,11,6
2016,11,6
2016,11,6
2016,11,6
2016,11,6
2016,11,6
2016,11,6
2016,11,6
2016,11,6
2016,11,6
2016,11,6
2016,11,6
2016,11,6
2016,11,6
2016,11,6
2016,11,6
2016,11,6
2016,11,6
2016,11,6
2016,11,6
2016,11,6
2016,11,6
2016,11,6
2016,11,6
2016,11,6
2016,11,6
2016,11,6
2016,11,6
2016,11,6
2016,11,6
2016,11,6
2016,11,6
2016,11,6
2016,11,6
2016,11,6
2016,11,6
2016,11,6
2016,11,6
2016,11,6
2016,11,6
2016,11,6
2016,11,6
2016,11,6
2016,11,6
2016,11,6
2016,11,6
2016,11,6
2016,11,6
2016,11,6
2016,11,6
2016,11,6
2016,11,6
2016,11,6
2016,11,6
2016,11,6
2016,11,6
2016,11,6
2016,11,6
2016,11,6
2016,11,6
2016,11,6
2016,11,6
2016,11,6
2016,11,6
2016,11,6
2016,11,6
2016,11,6
2016,11,6
2016,11,6
2016,11,6
2016,11,6
2016,11,6
2016,11,6
2016,11,6
2016,11,6
2016,11,6
2016,11,6
2016,11,6
2016,11,6
2016,11,6
2016,11,6
2016,11,6
2016,11,6
2016,11,6
2016,11,6
2016,11,6
2016,11,6
2016,11,6
2016,11,6
2016,11,6
2016,11,6
2016,11,6
2016,11,6
2016,11,6
2016,11,6
2016,11,6
2016,11,6
2016,11,6
2016,11,6
2016,11,6
2016,11,6
2016,11,6
2016,11,6
2016,11,6
2016,11,6
2016,11,6
2016,11,6
2016,11,6
2016,11,6
2016,11,6
2016,11,6
2016,11,6
2016,11,6
2016,11,6
2016,11,6
2016,11,6
2016,11,6
2016,11,6
2016,11,6
2016,11,6
2016,11,6
2016,11,6
2016,11,6
2016,11,6
2016,11,6
2016,11,6
2016,11,6
2016,11,6
2016,11,6
2016,11,6
2016,11,6
2016,11,6
2016,11,6
2016,11,6
2016,11,6
2016,11,6
2016,11,6
2016,11,6
2016,11,6
2016,11,6
2016,11,6
2016,11,6
2016,11,6
2016,11,6
2016,11,6
2016,11,6
2016,11,6
2016,11,6
2016,11,6
2016,11,6
2016,11,6
2016,11,6
2016,11,6
2016,11,6
2016,11,6
2016,11,6
2016,11,6
2016,11,6
2016,11,6
2016,11,6
2016,11,6
2016,11,6
2016,11,6
2016,11,6
2016,11,6
2016,11,6
2016,11,6
2016,11,6
2016,11,6
2016,11,6
2016,11,6
2016,11,6
2016,11,6
2016,11,6
2016,11,6
2016,11,6
2016,11,6
2016,11,6
2016,11,6
2016,11,6
2016,11,6
2016,11,6
2016,11,6
2016,11,6
2016,11,6
2016,11,6
2016,11,6
2016,11,6
2016,11,6
2016,11,6
2016,11,6
2016,11,6
2016,11,6
2016,11,6
2016,11,6
2016,11,6
2016,11,6
2016,11,6
2016,11,6
2016,11,6
2016,11,6
2016,11,6
2016,11,6
2016,11,6
2016,11,6
2016,11,6
2016,11,6
2016,11,6
2016,11,6
2016,11,6
2016,11,6
2016,11,6
2016,11,6
2016,11,6
2016,11,6
2016,11,6
2016,11,6
2016,11,6
2016,11,6
2016,11,6
2016,11,6
2016,11,6
2016,11,6
2016,11,6
2016,11,6
2016,11,6
2016,11,6
2016,11,6
2016,11,6
2016,11,6
2016,11,6
2016,11,6
2016,11,6
2016,11,6
2016,11,6
2016,11,6
2016,11,6
2016,11,6
2016,11,6
2016,11,6
2016,11,6
2016,11,6
2016,11,6
2016,11,6
2016,11,6
2016,11,6
2016,11,6
2016,11,6
2016,11,6
2016,11,6
2016,11,6
2016,11,6
2016,11,6
2016,11,6
2016,11,6
2016,11,6
2016,11,6
2016,11,6
2016,11,6
2016,11,6
2016,11,6
2016,11,6
2016,11,6
2016,11,6
2016,11,6
2016,11,6
2016,11,6
2016,11,6
2016,11,6
2016,11,6
2016,11,6
2016,11,6
2016,11,6
2016,11,6
2016,11,6
2016,11,6
2016,11,6
2016,11,6
2016,11,6
2016,11,6
2016,11,6
2016,11,6
2016,11,6
2016,11,6
2016,11,6
2016,11,6
2016,11,6
2016,11,6
2016,11,6
2016,11,6
2016,11,6
2016,11,6
2016,11,6
2016,11,6
2016,11,6
2016,11,6
2016,11,6
2016,11,6
2016,11,6
2016,11,6
2016,11,6
2016,11,6
2016,11,6
2016,11,6
2016,11,6
2016,11,6
2016,11,6
2016,11,6
2016,11,6
2016,11,6
2016,11,6
2016,11,6
2016,11,6
2016,11,6
2016,11,6
2016,11,6
2016,11,6
2016,11,6
2016,11,6
2016,11,6
2016,11,6
2016,11,6
2016,11,6
2016,11,6
2016,11,6
2016,11,6
2016,11,6
2016,11,6
2016,11,6
2016,11,6
2016,11,6
2016,11,6
2016,11,6
2016,11,6
2016,11,6
2016,11,6
2016,11,6
2016,11,6
2016,11,6
2016,11,6
2016,11,6
2016,11,6
2016,11,6
2016,11,6
2016,11,6
2016,11,6
2016,11,6
2016,11,6
2016,11,6
2016,11,6
2016,11,6
2016,11,6
2016,11,6
2016,11,6
2016,11,6
2016,11,6
2016,11,6
2016,11,6
2016,11,6
2016,11,6
2016,11,6
2016,11,6
2016,11,6
2016,11,6
2016,11,6
2016,11,6
2016,11,6
2016,11,6
2016,11,6
2016,11,6
2016,11,6
2016,11,6
2016,11,6
2016,11,6
2016,11,6
2016,11,6
2016,11,6
2016,11,6
2016,11,6
2016,11,6
2016,11,6
2016,11,6
2016,11,6
2016,11,6
2016,11,6
2016,11,6
2016,11,6
2016,11,6
2016,11,6
2016,11,6
2016,11,6
2016,11,6
2016,11,6
2016,11,6
2016,11,6
2016,11,6
2016,11,6
2016,11,6
2016,11,6
2016,11,6
2016,11,6
2016,11,6
2016,11,6
2016,11,6
2016,11,6
2016,11,6
2016,11,6
2016,11,6
2016,11,6
2016,11,6
2016,11,6
2016,11,6
2016,11,6
2016,11,6
2016,11,6
2016,11,6
2016,11,6
2016,11,6
2016,11,6
2016,11,6
2016,11,6
2016,11,6
2016,11,6
2016,11,6
2016,11,6
2016,11,6
2016,11,6
2016,11,6
2016,11,6
2016,11,6
2016,11,6
2016,11,6
2016,11,6
2016,11,6
2016,11,6
2016,11,6
2016,11,6
2016,11,6
2016,11,6
2016,11,6
2016,11,6
2016,11,6
2016,11,6
2016,11,6
2016,11,6
2016,11,6
2016,11,6
2016,11,6
2016,11,6
2016,11,6
2016,11,6
2016,11,6
2016,11,6
2016,11,6
2016,11,6
2016,11,6
2016,11,6
2016,11,6
2016,11,6
2016,11,6
2016,11,6
2016,11,6
2016,11,6
2016,11,6
2016,11,6
2016,11,6
2016,11,6
2016,11,6
2016,11,6
2016,11,6
2016,11,6
2016,11,6
2016,11,6
2016,11,6
2016,11,6
2016,11,6
2016,11,6
2016,11,6
2016,11,6
2016,11,6
2016,11,6
2016,11,6
2016,11,6
2016,11,6
2016,11,6
2016,11,6
2016,11,6
2016,11,6
2016,11,6
2016,11,6
2016,11,6
2016,11,6
2016,11,6
2016,11,6
2016,11,6
2016,11,6
2016,11,6
2016,11,6
2016,11,6
2016,11,6
2016,11,6
2016,11,6
2016,11,6
2016,11,6
2016,11,6
2016,11,6
2016,11,6
2016,11,6
2016,11,6
2016,11,6
2016,11,6
2016,11,6
2016,11,6
2016,11,6
2016,11,6
2016,11,6
2016,11,6
2016,11,6
2016,11,6
2016,11,6
2016,11,6
2016,11,6
2016,11,6
2016,11,6
2016,11,6
2016,11,6
2016,11,6
2016,11,6
2016,11,6
2016,11,6
2016,11,6
2016,11,6
2016,11,6
2016,11,6
2016,11,6
2016,11,6
2016,11,6
2016,11,6
2016,11,6
2016,11,6
2016,11,6
2016,11,6
2016,11,6
2016,11,6
2016,11,6
2016,11,6
2016,11,6
2016,11,6
2016,11,6
2016,11,6
2016,11,6
2016,11,6
2016,11,6
2016,11,6
2016,11,6
2016,11,6
2016,11,6
2016,11,6
2016,11,6
2016,11,6
2016,11,6
2016,11,6
2016,11,6
2016,11,6
2016,11,6
2016,11,6
2016,11,6
2016,11,6
2016,11,6
2016,11,6
2016,11,6
2016,11,6
2016,11,6
2016,11,6
2016,11,6
2016,11,6
2016,11,6
2016,11,6
2016,11,6
2016,11,6
2016,11,6
2016,11,6
2016,11,6
2016,11,6
2016,11,6
2016,11,6
2016,11,6
2016,11,6
2016,11,6
2016,11,6
2016,11,6
2016,11,6
2016,11,6
2016,11,6
2016,11,6
2016,11,6
2016,11,6
2016,11,6
2016,11,6
2016,11,6
2016,11,6
2016,11,6
2016,11,6
2016,11,6
2016,11,6
2016,11,6
2016,11,6
2016,11,6
2016,11,6
2016,11,6
2016,11,6
2016,11,6
2016,11,6
2016,11,6
2016,11,6
2016,11,6
2016,11,6
2016,11,6
2016,11,6
2016,11,6
2016,11,6
2016,11,6
2016,11,6
2016,11,6
2016,11,6
2016,11,6
2016,11,6
2016,11,6
2016,11,6
2016,11,6
2016,11,6
2016,11,6
2016,11,6
2016,11,6
2016,11,6
2016,11,6
2016,11,6
2016,11,6
2016,11,6
2016,11,6
2016,11,6
2016,11,6
2016,11,6
2016,11,6
2016,11,6
2016,11,6
2016,11,6
2016,11,6
2016,11,6
2016,11,6
2016,11,6
2016,11,6
2016,11,6
2016,11,6
2016,11,6
2016,11,6
2016,11,6
2016,11,6
2016,11,6
2016,11,6
2016,11,6
2016,11,6
2016,11,6
2016,11,6
2016,11,6
2016,11,6
2016,11,6
2016,11,6
2016,11,6
2016,11,6
2016,11,6
2016,11,6
2016,11,6
2016,11,6
2016,11,6
2016,11,6
2016,11,6
2016,11,6
2016,11,6
2016,11,6
2016,11,6
2016,11,6
2016,11,6
2016,11,6
2016,11,6
2016,11,6
2016,11,6
2016,11,6
2016,11,6
2016,11,6
2016,11,6
2016,11,6
2016,11,6
2016,11,6
2016,11,6
2016,11,6
2016,11,6
2016,11,6
2016,11,6
2016,11,6
2016,11,6
2016,11,6
2016,11,6
2016,11,6
2016,11,6
2016,11,6
2016,11,6
2016,11,6
2016,11,6
2016,11,6
2016,11,6
2016,11,6
2016,11,6
2016,11,6
2016,11,6
2016,11,6
2016,11,6
2016,11,6
2016,11,6
2016,11,6
2016,11,6
2016,11,6
2016,11,6
2016,11,6
2016,11,6
2016,11,6
2016,11,6
2016,11,6
2016,11,6
2016,11,6
2016,11,6
2016,11,6
2016,11,6
2016,11,6
2016,11,6
2016,11,6
2016,11,6
2016,11,6
2016,11,6
2016,11,6
2016,11,6
2016,11,6
2016,11,6
2016,11,6
2016,11,6
2016,11,6
2016,11,6
2016,11,6
2016,11,6
2016,11,6
2016,11,6
2016,11,6
2016,11,6
2016,11,6
2016,11,6
2016,11,6
2016,11,6
2016,11,6
2016,11,6
2016,11,6
2016,11,6
2016,11,6
2016,11,6
2016,11,6
2016,11,6
2016,11,6
2016,11,6
2016,11,6
2016,11,6
2016,11,6
2016,11,6
2016,11,6
2016,11,6
2016,11,6
2016,11,6
2016,11,6
2016,11,6
2016,11,6
2016,11,6
2016,11,6
2016,11,6
2016,11,6
2016,11,6
2016,11,6
2016,11,6
2016,11,6
2016,11,6
2016,11,6
2016,11,6
2016,11,6
2016,11,6
2016,11,6
2016,11,6
2016,11,6
2016,11,6
2016,11,6
2016,11,6
2016,11,6
2016,11,6
2016,11,6
2016,11,6
2016,11,6
2016,11,6
2016,11,6
2016,11,6
2016,11,6
2016,11,6
2016,11,6
2016,11,6
2016,11,6
2016,11,6
2016,11,6
2016,11,6
2016,11,6
2016,11,6
2016,11,6
2016,11,6
2016,11,6
2016,11,6
2016,11,6
2016,11,6
2016,11,6
2016,11,6
2016,11,6
2016,11,6
2016,11,6
2016,11,6
2016,11,6
2016,11,6
2016,11,6
2016,11,6
2016,11,6
2016,11,6
2016,11,6
2016,11,6
2016,11,6
2016,11,6
2016,11,6
2016,11,6
2016,11,6
2016,11,6
2016,11,6
2016,11,6
2016,11,6
2016,11,6
2016,11,6
2016,11,6
2016,11,6
2016,11,6
2016,11,6
2016,11,6
2016,11,6
2016,11,6
2016,11,6
2016,11,6
2016,11,6
2016,11,6
2016,11,6
2016,11,6
2016,11,6
2016,11,6
2016,11,6
2016,11,6
2016,11,6
2016,11,6
2016,11,6
2016,11,6
2016,11,6
2016,11,6
2016,11,6
2016,11,6
2016,11,6
2016,11,6
2016,11,6
2016,11,6
2016,11,6
2016,11,6
2016,11,6
2016,11,6
2016,11,6
2016,11,6
2016,11,6
2016,11,6
2016,11,6
2016,11,6
2016,11,6
2016,11,6
2016,11,6
2016,11,6
2016,11,6
2016,11,6
2016,11,6
2016,11,6
2016,11,6
2016,11,6
2016,11,6
2016,11,6
2016,11,6
2016,11,6
2016,11,6
2016,11,6
2016,11,6
2016,11,6
2016,11,6
2016,11,6
2016,11,6
2016,11,6
2016,11,6
2016,11,6
2016,11,6
2016,11,6
2016,11,6
2016,11,6
2016,11,6
2016,11,6
2016,11,6
2016,11,6
2016,11,6
2016,11,6
2016,11,6
2016,11,6
2016,11,6
2016,11,6
2016,11,6
2016,11,6
2016,11,6
2016,11,6
2016,11,6
2016,11,6
2016,11,6
2016,11,6
2016,11,6
2016,11,6
2016,11,6
2016,11,6
2016,11,6
2016,11,6
2016,11,6
2016,11,6
2016,11,6
2016,11,6
2016,11,6
2016,11,6
2016,11,6
2016,11,6
2016,11,6
2016,11,6
2016,11,6
2016,11,6
2016,11,6
2016,11,6
2016,11,6
2016,11,6
2016,11,6
2016,11,6
2016,11,6
2016,11,6
2016,11,6
2016,11,6
2016,11,6
2016,11,6
2016,11,6
2016,11,6
2016,11,6
2016,11,6
2016,11,6
2016,11,6
2016,11,6
2016,11,6
2016,11,6
2016,11,6
2016,11,6
2016,11,6
2016,11,6
2016,11,6
2016,11,6
2016,11,6
2016,11,6
2016,11,6
2016,11,6
2016,11,6
2016,11,6
2016,11,6
2016,11,6
2016,11,6
2016,11,6
2016,11,6
2016,11,6
2016,11,6
2016,11,6
2016,11,6
2016,11,6
2016,11,6
2016,11,6
2016,11,6
2016,11,6
2016,11,6
2016,11,6
2016,11,6
2016,11,6
2016,11,6
2016,11,6
2016,11,6
2016,11,6
2016,11,6
2016,11,6
2016,11,6
2016,11,6
2016,11,6
2016,11,6
2016,11,6
2016,11,6
2016,11,6
2016,11,6
2016,11,6
2016,11,6
2016,11,6
2016,11,6
2016,11,6
2016,11,6
2016,11,6
2016,11,6
2016,11,6
2016,11,6
2016,11,6
2016,11,6
2016,11,6
2016,11,6
2016,11,6
2016,11,6
2016,11,6
2016,11,6
2016,11,6
2016,11,6
2016,11,6
2016,11,6
2016,11,6
2016,11,6
2016,11,6
2016,11,6
2016,11,6
2016,11,6
2016,11,6
2016,11,6
2016,11,6
2016,11,6
2016,11,6
2016,11,6
2016,11,6
2016,11,6
2016,11,6
2016,11,6
2016,11,6
2016,11,6
2016,11,6
2016,11,6
2016,11,6
2016,11,6
2016,11,6
2016,11,6
2016,11,6
2016,11,6
2016,11,6
2016,11,6
2016,11,6
2016,11,6
2016,11,6
2016,11,6
2016,11,6
2016,11,6
2016,11,6
2016,11,6
2016,11,6
2016,11,6
2016,11,6
2016,11,6
2016,11,6
2016,11,6
2016,11,6
2016,11,6
2016,11,6
2016,11,6
2016,11,6
2016,11,6
2016,11,6
2016,11,6
2016,11,6
2016,11,6
2016,11,6
2016,11,6
2016,11,6
2016,11,6
2016,11,6
2016,11,6
2016,11,6
2016,11,6
2016,11,6
2016,11,6
2016,11,6
2016,11,6
2016,11,6
2016,11,6
2016,11,6
2016,11,6
2016,11,6
2016,11,6
2016,11,6
2016,11,6
2016,11,6
2016,11,6
2016,11,6
2016,11,6
2016,11,6
2016,11,6
2016,11,6
2016,11,6
2016,11,6
2016,11,6
2016,11,6
2016,11,6
2016,11,6
2016,11,6
2016,11,6
2016,11,6
2016,11,6
2016,11,6
2016,11,6
2016,11,6
2016,11,6
2016,11,6
2016,11,6
2016,11,6
2016,11,6
2016,11,6
2016,11,6
2016,11,6
2016,11,6
2016,11,6
2016,11,6
2016,11,6
2016,11,6
2016,11,6
2016,11,6
2016,11,6
2016,11,6
2016,11,6
2016,11,6
2016,11,6
2016,11,6
2016,11,6
2016,11,6
2016,11,6
2016,11,6
2016,11,6
2016,11,6
2016,11,6
2016,11,6
2016,11,6
2016,11,6
2016,11,6
2016,11,6
2016,11,6
2016,11,6
2016,11,6
2016,11,6
2016,11,6
2016,11,6
2016,11,6
2016,11,6
2016,11,6
2016,11,6
2016,11,6
2016,11,6
2016,11,6
2016,11,6
2016,11,6
2016,11,6
2016,11,6
2016,11,6
2016,11,6
2016,11,6
2016,11,6
2016,11,6
2016,11,6
2016,11,6
2016,11,6
2016,11,6
2016,11,6
2016,11,6
2016,11,6
2016,11,6
2016,11,6
2016,11,6
2016,11,6
2016,11,6
2016,11,6
2016,11,6
2016,11,6
2016,11,6
2016,11,6
2016,11,6
2016,11,6
2016,11,6
2016,11,6
2016,11,6
2016,11,6
2016,11,6
2016,11,6
2016,11,6
2016,11,6
2016,11,6
2016,11,6
2016,11,6
2016,11,6
2016,11,6
2016,11,6
2016,11,6
2016,11,6
2016,11,6
2016,11,6
2016,11,6
2016,11,6
2016,11,6
2016,11,6
2016,11,6
2016,11,6
2016,11,6
2016,11,6
2016,11,6
2016,11,6
2016,11,6
2016,11,6
2016,11,6
2016,11,6
2016,11,6
2016,11,6
2016,11,6
2016,11,6
2016,11,6
2016,11,6
2016,11,6
2016,11,6
2016,11,6
2016,11,6
2016,11,6
2016,11,6
2016,11,6
2016,11,6
2016,11,6
2016,11,6
2016,11,6
2016,11,6
2016,11,6
2016,11,6
2016,11,6
2016,11,6
2016,11,6
2016,11,6
2016,11,6
2016,11,6
2016,11,6
2016,11,6
2016,11,6
2016,11,6
2016,11,6
2016,11,6
2016,11,6
2016,11,6
2016,11,6
2016,11,6
2016,11,6
2016,11,6
2016,11,6
2016,11,6
2016,11,6
2016,11,6
2016,11,6
2016,11,6
2016,11,6
2016,11,6
2016,11,6
2016,11,6
2016,11,6
2016,11,6
2016,11,6
2016,11,6
2016,11,6
2016,11,6
2016,11,6
2016,11,6
2016,11,6
2016,11,6
2016,11,6
2016,11,6
2016,11,6
2016,11,6
2016,11,6
2016,11,6
2016,11,6
2016,11,6
2016,11,6
2016,11,6
2016,11,6
2016,11,6
2016,11,6
2016,11,6
2016,11,6
2016,11,6
2016,11,6
2016,11,6
2016,11,6
2016,11,6
2016,11,6
2016,11,6
2016,11,6
2016,11,6
2016,11,6
2016,11,6
2016,11,6
2016,11,6
2016,11,6
2016,11,6
2016,11,6
2016,11,6
2016,11,6
2016,11,6
2016,11,6
2016,11,6
2016,11,6
2016,11,6
2016,11,6
2016,11,6
2016,11,6
2016,11,6
2016,11,6
2016,11,6
2016,11,6
2016,11,6
2016,11,6
2016,11,6
2016,11,6
2016,11,6
2016,11,6
2016,11,6
2016,11,6
2016,11,6
2016,11,6
2016,11,6
2016,11,6
2016,11,6
2016,11,6
2016,11,6
2016,11,6
2016,11,6
2016,11,6
2016,11,6
2016,11,6
2016,11,6
2016,11,6
2016,11,6
2016,11,6
2016,11,6
2016,11,6
2016,11,6
2016,11,6
2016,11,6
2016,11,6
2016,11,6
2016,11,6
2016,11,6
2016,11,6
2016,11,6
2016,11,6
2016,11,6
2016,11,6
2016,11,6
2016,11,6
2016,11,6
2016,11,6
2016,11,6
2016,11,6
2016,11,6
2016,11,6
2016,11,6
2016,11,6
2016,11,6
2016,11,6
2016,11,6
2016,11,6
2016,11,6
2016,11,6
2016,11,6
2016,11,6
2016,11,6
2016,11,6
2016,11,6
2016,11,6
2016,11,6
2016,11,6
2016,11,6
2016,11,6
2016,11,6
2016,11,6
2016,11,6
2016,11,6
2016,11,6
2016,11,6
2016,11,6
2016,11,6
2016,11,6
2016,11,6
2016,11,6
2016,11,6
2016,11,6
2016,11,6
2016,11,6
2016,11,6
2016,11,6
2016,11,6
2016,11,6
2016,11,6
2016,11,6
2016,11,6
2016,11,6
2016,11,6
2016,11,6
2016,11,6
2016,11,6
2016,11,6
2016,11,6
2016,11,6
2016,11,6
2016,11,6
2016,11,6
2016,11,6
2016,11,6
2016,11,6
2016,11,6
2016,11,6
2016,11,6
2016,11,6
2016,11,6
2016,11,6
2016,11,6
2016,11,6
2016,11,6
2016,11,6
2016,11,6
2016,11,6
2016,11,6
2016,11,6
2016,11,6
2016,11,6
2016,11,6
2016,11,6
2016,11,6
2016,11,6
2016,11,6
2016,11,6
2016,11,6
2016,11,6
2016,11,6
2016,11,6
2016,11,6
2016,11,6
2016,11,6
2016,11,6
2016,11,6
2016,11,6
2016,11,6
2016,11,6
2016,11,6
2016,11,6
2016,11,6
2016,11,6
2016,11,6
2016,11,6
2016,11,6
2016,11,6
2016,11,6
2016,11,6
2016,11,6
2016,11,6
2016,11,6
2016,11,6
2016,11,6
2016,11,6
2016,11,6
2016,11,6
2016,11,6
2016,11,6
2016,11,6
2016,11,6
2016,11,6
2016,11,6
2016,11,6
2016,11,6
2016,11,6
2016,11,6
2016,11,6
2016,11,6
2016,11,6
2016,11,6
2016,11,6
2016,11,6
2016,11,6
2016,11,6
2016,11,6
2016,11,6
2016,11,6
2016,11,6
2016,11,6
2016,11,6
2016,11,6
2016,11,6
2016,11,6
2016,11,6
2016,11,6
2016,11,6
2016,11,6
2016,11,6
2016,11,6
2016,11,6
2016,11,6
2016,11,6
2016,11,6
2016,11,6
2016,11,6
2016,11,6
2016,11,6
2016,11,6
2016,11,6
2016,11,6
2016,11,6
2016,11,6
2016,11,6
2016,11,6
2016,11,6
2016,11,6
2016,11,6
2016,11,6
2016,11,6
2016,11,6
2016,11,6
2016,11,6
2016,11,6
2016,11,6
2016,11,6
2016,11,6
2016,11,6
2016,11,6
2016,11,6
2016,11,6
2016,11,6
2016,11,6
2016,11,6
2016,11,6
2016,11,6
2016,11,6
2016,11,6
2016,11,6
2016,11,6
2016,11,6
2016,11,6
2016,11,6
2016,11,6
2016,11,6
2016,11,6
2016,11,6
2016,11,6
2016,11,6
2016,11,6
2016,11,6
2016,11,6
2016,11,6
2016,11,6
2016,11,6
2016,11,6
2016,11,6
2016,11,6
2016,11,6
2016,11,6
2016,11,6
2016,11,6
2016,11,6
2016,11,6
2016,11,6
2016,11,6
2016,11,6
2016,11,6
2016,11,6
2016,11,6
2016,11,6
2016,11,6
2016,11,6
2016,11,6
2016,11,6
2016,11,6
2016,11,6
2016,11,6
2016,11,6
2016,11,6
2016,11,6
2016,11,6
2016,11,6
2016,11,6
2016,11,6
2016,11,6
2016,11,6
2016,11,6
2016,11,6
2016,11,6
2016,11,6
2016,11,6
2016,11,6
2016,11,6
2016,11,6
2016,11,6
2016,11,6
2016,11,6
2016,11,6
2016,11,6
2016,11,6
2016,11,6
2016,11,6
2016,11,6
2016,11,6
2016,11,6
2016,11,6
2016,11,6
2016,11,6
2016,11,6
2016,11,6
2016,11,6
2016,11,6
2016,11,6
2016,11,6
2016,11,6
2016,11,6
2016,11,6
2016,11,6
2016,11,6
2016,11,6
2016,11,6
2016,11,6
2016,11,6
2016,11,6
2016,11,6
2016,11,6
2016,11,6
2016,11,6
2016,11,6
2016,11,6
2016,11,6
2016,11,6
2016,11,6
2016,11,6
2016,11,6
2016,11,6
2016,11,6
2016,11,6
2016,11,6
2016,11,6
2016,11,6
2016,11,6
2016,11,6
2016,11,6
2016,11,6
2016,11,6
2016,11,6
2016,11,6
2016,11,6
2016,11,6
2016,11,6
2016,11,6
2016,11,6
2016,11,6
2016,11,6
2016,11,6
2016,11,6
2016,11,6
2016,11,6
2016,11,6
2016,11,6
2016,11,6
2016,11,6
2016,11,6
2016,11,6
2016,11,6
2016,11,6
2016,11,6
2016,11,6
2016,11,6
2016,11,6
2016,11,6
2016,11,6
2016,11,6
2016,11,6
2016,11,6
2016,11,6
2016,11,6
2016,11,6
2016,11,6
2016,11,6
2016,11,6
2016,11,6
2016,11,6
2016,11,6
2016,11,6
2016,11,6
2016,11,6
2016,11,6
2016,11,6
2016,11,6
2016,11,6
2016,11,6
2016,11,6
2016,11,6
2016,11,6
2016,11,6
2016,11,6
2016,11,6
2016,11,6
2016,11,6
2016,11,6
2016,11,6
2016,11,6
2016,11,6
2016,11,6
2016,11,6
2016,11,6
2016,11,6
2016,11,6
2016,11,6
2016,11,6
2016,11,6
2016,11,6
2016,11,6
2016,11,6
2016,11,6
2016,11,6
2016,11,6
2016,11,6
2016,11,6
2016,11,6
2016,11,6
2016,11,6
2016,11,6
2016,11,6
2016,11,6
2016,11,6
2016,11,6
2016,11,6
2016,11,6
2016,11,6
2016,11,6
2016,11,6
2016,11,6
2016,11,6
2016,11,6
2016,11,6
2016,11,6
2016,11,6
2016,11,6
2016,11,6
2016,11,6
2016,11,6
2016,11,6
2016,11,6
2016,11,6
2016,11,6
2016,11,6
2016,11,6
2016,11,6
2016,11,6
2016,11,6
2016,11,6
2016,11,6
2016,11,6
2016,11,6
2016,11,6
2016,11,6
2016,11,6
2016,11,6
2016,11,6
2016,11,6
2016,11,6
2016,11,6
2016,11,6
2016,11,6
2016,11,6
2016,11,6
2016,11,6
2016,11,6
2016,11,6
2016,11,6
2016,11,6
2016,11,6
2016,11,6
2016,11,6
2016,11,6
2016,11,6
2016,11,6
2016,11,6
2016,11,6
2016,11,6
2016,11,6
2016,11,6
2016,11,6
2016,11,6
2016,11,6
2016,11,6
2016,11,6
2016,11,6
2016,11,6
2016,11,6
2016,11,6
2016,11,6
2016,11,6
2016,11,6
2016,11,6
2016,11,6
2016,11,6
2016,11,6
2016,11,6
2016,11,6
2016,11,6
2016,11,6
2016,11,6
2016,11,6
2016,11,6
2016,11,6
2016,11,6
2016,11,6
2016,11,6
2016,11,6
2016,11,6
2016,11,6
2016,11,6
2016,11,6
2016,11,6
2016,11,6
2016,11,6
2016,11,6
2016,11,6
2016,11,6
2016,11,6
2016,11,6
2016,11,6
2016,11,6
2016,11,6
2016,11,6
2016,11,6
2016,11,6
2016,11,6
2016,11,6
2016,11,6
2016,11,6
2016,11,6
2016,11,6
2016,11,6
2016,11,6
2016,11,6
2016,11,6
2016,11,6
2016,11,6
2016,11,6
2016,11,6
2016,11,6
2016,11,6
2016,11,6
2016,11,6
2016,11,6
2016,11,6
2016,11,6
2016,11,6
2016,11,6
2016,11,6
2016,11,6
2016,11,6
2016,11,6
2016,11,6
2016,11,6
2016,11,6
2016,11,6
2016,11,6
2016,11,6
2016,11,6
2016,11,6
2016,11,6
2016,11,6
2016,11,6
2016,11,6
2016,11,6
2016,11,6
2016,11,6
2016,11,6
2016,11,6
2016,11,6
2016,11,6
2016,11,6
2016,11,6
2016,11,6
2016,11,6
2016,11,6
2016,11,6
2016,11,6
2016,11,6
2016,11,6
2016,11,6
2016,11,6
2016,11,6
2016,11,6
2016,11,6
2016,11,6
2016,11,6
2016,11,6
2016,11,6
2016,11,6
2016,11,6
2016,11,6
2016,11,6
2016,11,6
2016,11,6
2016,11,6
2016,11,6
2016,11,6
2016,11,6
2016,11,6
2016,11,6
2016,11,6
2016,11,6
2016,11,6
2016,11,6
2016,11,6
2016,11,6
2016,11,6
2016,11,6
2016,11,6
2016,11,6
2016,11,6
2016,11,6
2016,11,6
2016,11,6
2016,11,6
2016,11,6
2016,11,6
2016,11,6
2016,11,6
2016,11,6
2016,11,6
2016,11,6
2016,11,6
2016,11,6
2016,11,6
2016,11,6
2016,11,6
2016,11,6
2016,11,6
2016,11,6
2016,11,6
2016,11,6
2016,11,6
2016,11,6
2016,11,6
2016,11,6
2016,11,6
2016,11,6
2016,11,6
2016,11,6
2016,11,6
2016,11,6
2016,11,6
2016,11,6
2016,11,6
2016,11,6
2016,11,6
2016,11,6
2016,11,6
2016,11,6
2016,11,6
2016,11,6
2016,11,6
2016,11,6
2016,11,6
2016,11,6
2016,11,6
2016,11,6
2016,11,6
2016,11,6
2016,11,6
2016,11,6
2016,11,6
2016,11,6
2016,11,6
2016,11,6
2016,11,6
2016,11,6
2016,11,6
2016,11,6
2016,11,6
2016,11,6
2016,11,6
2016,11,6
2016,11,6
2016,11,6
2016,11,6
2016,11,6
2016,11,6
2016,11,6
2016,11,6
2016,11,6
2016,11,6
2016,11,6
2016,11,6
2016,11,6
2016,11,6
2016,11,6
2016,11,6
2016,11,6
2016,11,6
2016,11,6
2016,11,6
2016,11,6
2016,11,6
2016,11,6
2016,11,6
2016,11,6
2016,11,6
2016,11,6
2016,11,6
2016,11,6
2016,11,6
2016,11,6
2016,11,6
2016,11,6
2016,11,6
2016,11,6
2016,11,6
2016,11,6
2016,11,6
2016,11,6
2016,11,6
2016,11,6
2016,11,6
2016,11,6
2016,11,6
2016,11,6
2016,11,6
2016,11,6
2016,11,6
2016,11,6
2016,11,6
2016,11,6
2016,11,6
2016,11,6
2016,11,6
2016,11,6
2016,11,6
2016,11,6
2016,11,6
2016,11,6
2016,11,6
2016,11,6
2016,11,6
2016,11,6
2016,11,6
2016,11,6
2016,11,6
2016,11,6
2016,11,6
2016,11,6
2016,11,6
2016,11,6
2016,11,6
2016,11,6
2016,11,6
2016,11,6
2016,11,6
2016,11,6
2016,11,6
2016,11,6
2016,11,6
2016,11,6
2016,11,6
2016,11,6
2016,11,6
2016,11,6
2016,11,6
2016,11,6
2016,11,6
2016,11,6
2016,11,6
2016,11,6
2016,11,6
2016,11,6
2016,11,6
2016,11,6
2016,11,6
2016,11,6
2016,11,6
2016,11,6
2016,11,6
2016,11,6
2016,11,6
2016,11,6
2016,11,6
2016,11,6
2016,11,6
2016,11,6
2016,11,6
2016,11,6
2016,11,6
2016,11,6
2016,11,6
2016,11,6
2016,11,6
2016,11,6
2016,11,6
2016,11,6
2016,11,6
2016,11,6
2016,11,6
2016,11,6
2016,11,6
2016,11,6
2016,11,6
2016,11,6
2016,11,6
2016,11,6
2016,11,6
2016,11,6
2016,11,6
2016,11,6
2016,11,6
2016,11,6
2016,11,6
2016,11,6
2016,11,6
2016,11,6
2016,11,6
2016,11,6
2016,11,6
2016,11,6
2016,11,6
2016,11,6
2016,11,6
2016,11,6
2016,11,6
2016,11,6
2016,11,6
2016,11,6
2016,11,6
2016,11,6
2016,11,6
2016,11,6
2016,11,6
2016,11,6
2016,11,6
2016,11,6
2016,11,6
2016,11,6
2016,11,6
2016,11,6
2016,11,6
2016,11,6
2016,11,6
2016,11,6
2016,11,6
2016,11,6
2016,11,6
2016,11,6
2016,11,6
2016,11,6
2016,11,6
2016,11,6
2016,11,6
2016,11,6
2016,11,6
2016,11,6
2016,11,6
2016,11,6
2016,11,6
2016,11,6
2016,11,6
2016,11,6
2016,11,6
2016,11,6
2016,11,6
2016,11,6
2016,11,6
2016,11,6
2016,11,6
2016,11,6
2016,11,6
2016,11,6
2016,11,6
2016,11,6
2016,11,6
2016,11,6
2016,11,6
2016,11,6
2016,11,6
2016,11,6
2016,11,6
2016,11,6
2016,11,6
2016,11,6
2016,11,6
2016,11,6
2016,11,6
2016,11,6
2016,11,6
2016,11,6
2016,11,6
2016,11,6
2016,11,6
2016,11,6
2016,11,6
2016,11,6
2016,11,6
2016,11,6
2016,11,6
2016,11,6
2016,11,6
2016,11,6
2016,11,6
2016,11,6
2016,11,6
2016,11,6
2016,11,6
2016,11,6
2016,11,6
2016,11,6
2016,11,6
2016,11,6
2016,11,6
2016,11,6
2016,11,6
2016,11,6
2016,11,6
2016,11,6
2016,11,6
2016,11,6
2016,11,6
2016,11,6
2016,11,6
2016,11,6
2016,11,6
2016,11,6
2016,11,6
2016,11,6
2016,11,6
2016,11,6
2016,11,6
2016,11,6
2016,11,6
2016,11,6
2016,11,6
2016,11,6
2016,11,6
2016,11,6
2016,11,6
2016,11,6
2016,11,6
2016,11,6
2016,11,6
2016,11,6
2016,11,6
2016,11,6
2016,11,6
2016,11,6
2016,11,6
2016,11,6
2016,11,6
2016,11,6
2016,11,6
2016,11,6
2016,11,6
2016,11,6
2016,11,6
2016,11,6
2016,11,6
2016,11,6
2016,11,6
2016,11,6
2016,11,6
2016,11,6
2016,11,6
2016,11,6
2016,11,6
2016,11,6
2016,11,6
2016,11,6
2016,11,6
2016,11,6
2016,11,6
2016,11,6
2016,11,6
2016,11,6
2016,11,6
2016,11,6
2016,11,6
2016,11,6
2016,11,6
2016,11,6
2016,11,6
2016,11,6
2016,11,6
2016,11,6
2016,11,6
2016,11,6
2016,11,6
2016,11,6
2016,11,6
2016,11,6
2016,11,6
2016,11,6
2016,11,6
2016,11,6
2016,11,6
2016,11,6
2016,11,6
2016,11,6
2016,11,6
2016,11,6
2016,11,6
2016,11,6
2016,11,6
2016,11,6
2016,11,6
2016,11,6
2016,11,6
2016,11,6
2016,11,6
2016,11,6
2016,11,6
2016,11,6
2016,11,6
2016,11,6
2016,11,6
2016,11,6
2016,11,6
2016,11,6
2016,11,6
2016,11,6
2016,11,6
2016,11,6
2016,11,6
2016,11,6
2016,11,6
2016,11,6
2016,11,6
2016,11,6
2016,11,6
2016,11,6
2016,11,6
2016,11,6
2016,11,6
2016,11,6
2016,11,6
2016,11,6
2016,11,6
2016,11,6
2016,11,6
2016,11,6
2016,11,6
2016,11,6
2016,11,6
2016,11,6
2016,11,6
2016,11,6
2016,11,6
2016,11,6
2016,11,6
2016,11,6
2016,11,6
2016,11,6
2016,11,6
2016,11,6
2016,11,6
2016,11,6
2016,11,6
2016,11,6
2016,11,6
2016,11,6
2016,11,6
2016,11,6
2016,11,6
2016,11,6
2016,11,6
2016,11,6
2016,11,6
2016,11,6
2016,11,6
2016,11,6
2016,11,6
2016,11,6
2016,11,6
2016,11,6
2016,11,6
2016,11,6
2016,11,6
2016,11,6
2016,11,6
2016,11,6
2016,11,6
2016,11,6
2016,11,6
2016,11,6
2016,11,6
2016,11,6
2016,11,6
2016,11,6
2016,11,6
2016,11,6
2016,11,6
2016,11,6
2016,11,6
2016,11,6
2016,11,6
2016,11,6
2016,11,6
2016,11,6
2016,11,6
2016,11,6
2016,11,6
2016,11,6
2016,11,6
2016,11,6
2016,11,6
2016,11,6
2016,11,6
2016,11,6
2016,11,6
2016,11,6
2016,11,6
2016,11,6
2016,11,6
2016,11,6
2016,11,6
2016,11,6
2016,11,6
2016,11,6
2016,11,6
2016,11,6
2016,11,6
2016,11,6
2016,11,6
2016,11,6
2016,11,6
2016,11,6
2016,11,6
2016,11,6
2016,11,6
2016,11,6
2016,11,6
2016,11,6
2016,11,6
2016,11,6
2016,11,6
2016,11,6
2016,11,6
2016,11,6
2016,11,6
2016,11,6
2016,11,6
2016,11,6
2016,11,6
2016,11,6
2016,11,6
2016,11,6
2016,11,6
2016,11,6
2016,11,6
2016,11,6
2016,11,6
2016,11,6
2016,11,6
2016,11,6
2016,11,6
2016,11,6
2016,11,6
2016,11,6
2016,11,6
2016,11,6
2016,11,6
2016,11,6
2016,11,6
2016,11,6
2016,11,6
2016,11,6
2016,11,6
2016,11,6
2016,11,6
2016,11,6
2016,11,6
2016,11,6
2016,11,6
2016,11,6
2016,11,6
2016,11,6
2016,11,6
2016,11,6
2016,11,6
2016,11,6
2016,11,6
2016,11,6
2016,11,6
2016,11,6
2016,11,6
2016,11,6
2016,11,6
2016,11,6
2016,11,6
2016,11,6
2016,11,6
2016,11,6
2016,11,6
2016,11,6
2016,11,6
2016,11,6
2016,11,6
2016,11,6
2016,11,6
2016,11,6
2016,11,6
2016,11,6
2016,11,6
2016,11,6
2016,11,6
2016,11,6
2016,11,6
2016,11,6
2016,11,6
2016,11,6
2016,11,6
2016,11,6
2016,11,6
2016,11,6
2016,11,6
2016,11,6
2016,11,6
2016,11,6
2016,11,6
2016,11,6
2016,11,6
2016,11,6
2016,11,6
2016,11,6
2016,11,6
2016,11,6
2016,11,6
2016,11,6
2016,11,6
2016,11,6
2016,11,6
2016,11,6
2016,11,6
2016,11,6
2016,11,6
2016,11,6
2016,11,6
2016,11,6
2016,11,6
2016,11,6
2016,11,6
2016,11,6
2016,11,6
2016,11,6
2016,11,6
2016,11,6
2016,11,6
2016,11,6
2016,11,6
2016,11,6
2016,11,6
2016,11,6
2016,11,6
2016,11,6
2016,11,6
2016,11,6
2016,11,6
2016,11,6
2016,11,6
2016,11,6
2016,11,6
2016,11,6
2016,11,6
2016,11,6
2016,11,6
2016,11,6
2016,11,6
2016,11,6
2016,11,6
2016,11,6
2016,11,6
2016,11,6
2016,11,6
2016,11,6
2016,11,6
2016,11,6
2016,11,6
2016,11,6
2016,11,6
2016,11,6
2016,11,6
2016,11,6
2016,11,6
2016,11,6
2016,11,6
2016,11,6
2016,11,6
2016,11,6
2016,11,6
2016,11,6
2016,11,6
2016,11,6
2016,11,6
2016,11,6
2016,11,6
2016,11,6
2016,11,6
2016,11,6
2016,11,6
2016,11,6
2016,11,6
2016,11,6
2016,11,6
2016,11,6
2016,11,6
2016,11,6
2016,11,6
2016,11,6
2016,11,6
2016,11,6
2016,11,6
2016,11,6
2016,11,6
2016,11,6
2016,11,6
2016,11,6
2016,11,6
2016,11,6
2016,11,6
2016,11,6
2016,11,6
2016,11,6
2016,11,6
2016,11,6
2016,11,6
2016,11,6
2016,11,6
2016,11,6
2016,11,6
2016,11,6
2016,11,6
2016,11,6
2016,11,6
2016,11,6
2016,11,6
2016,11,6
2016,11,6
2016,11,6
2016,11,6
2016,11,6
2016,11,6
2016,11,6
2016,11,6
2016,11,6
2016,11,6
2016,11,6
2016,11,6
2016,11,6
2016,11,6
2016,11,6
2016,11,6
2016,11,6
2016,11,6
2016,11,6
2016,11,6
2016,11,6
2016,11,6
2016,11,6
2016,11,6
2016,11,6
2016,11,6
2016,11,6
2016,11,6
2016,11,6
2016,11,6
2016,11,6
2016,11,6
2016,11,6
2016,11,6
2016,11,6
2016,11,6
2016,11,6
2016,11,6
2016,11,6
2016,11,6
2016,11,6
2016,11,6
2016,11,6
2016,11,6
2016,11,6
2016,11,6
2016,11,6
2016,11,6
2016,11,6
2016,11,6
2016,11,6
2016,11,6
2016,11,6
2016,11,6
2016,11,6
2016,11,6
2016,11,6
2016,11,6
2016,11,6
2016,11,6
2016,11,6
2016,11,6
2016,11,6
2016,11,6
2016,11,6
2016,11,6
2016,11,6
2016,11,6
2016,11,6
2016,11,6
2016,11,6
2016,11,6
2016,11,6
2016,11,6
2016,11,6
2016,11,6
2016,11,6
2016,11,6
2016,11,6
2016,11,6
2016,11,6
2016,11,6
2016,11,6
2016,11,6
2016,11,6
2016,11,6
2016,11,6
2016,11,6
2016,11,6
2016,11,6
2016,11,6
2016,11,6
2016,11,6
2016,11,6
2016,11,6
2016,11,6
2016,11,6
2016,11,6
2016,11,6
2016,11,6
2016,11,6
2016,11,6
2016,11,6
2016,11,6
2016,11,6
2016,11,6
2016,11,6
2016,11,6
2016,11,6
2016,11,6
2016,11,6
2016,11,6
2016,11,6
2016,11,6
2016,11,6
2016,11,6
2016,11,6
2016,11,6
2016,11,6
2016,11,6
2016,11,6
2016,11,6
2016,11,6
2016,11,6
2016,11,6
2016,11,6
2016,11,6
2016,11,6
2016,11,6
2016,11,6
2016,11,6
2016,11,6
2016,11,6
2016,11,6
2016,11,6
2016,11,6
2016,11,6
2016,11,6
2016,11,6
2016,11,6
2016,11,6
2016,11,6
2016,11,6
2016,11,6
2016,11,6
2016,11,6
2016,11,6
2016,11,6
2016,11,6
2016,11,6
2016,11,6
2016,11,6
2016,11,6
2016,11,6
2016,11,6
2016,11,6
2016,11,6
2016,11,6
2016,11,6
2016,11,6
2016,11,6
2016,11,6
2016,11,6
2016,11,6
2016,11,6
2016,11,6
2016,11,6
2016,11,6
2016,11,6
2016,11,6
2016,11,6
2016,11,6
2016,11,6
2016,11,6
2016,11,6
2016,11,6
2016,11,6
2016,11,6
2016,11,6
2016,11,6
2016,11,6
2016,11,6
2016,11,6
2016,11,6
2016,11,6
2016,11,6
2016,11,6
2016,11,6
2016,11,6
2016,11,6
2016,11,6
2016,11,6
2016,11,6
2016,11,6
2016,11,6
2016,11,6
2016,11,6
2016,11,6
2016,11,6
2016,11,6
2016,11,6
2016,11,6
2016,11,6
2016,11,6
2016,11,6
2016,11,6
2016,11,6
2016,11,6
2016,11,6
2016,11,6
2016,11,6
2016,11,6
2016,11,6
2016,11,6
2016,11,6
2016,11,6
2016,11,6
2016,11,6
2016,11,6
2016,11,6
2016,11,6
2016,11,6
2016,11,6
2016,11,6
2016,11,6
2016,11,6
2016,11,6
2016,11,6
2016,11,6
2016,11,6
2016,11,6
2016,11,6
2016,11,6
2016,11,6
2016,11,6
2016,11,6
2016,11,6
2016,11,6
2016,11,6
2016,11,6
2016,11,6
2016,11,6
2016,11,6
2016,11,6
2016,11,6
2016,11,6
2016,11,6
2016,11,6
2016,11,6
2016,11,6
2016,11,6
2016,11,6
2016,11,6
2016,11,6
2016,11,6
2016,11,6
2016,11,6
2016,11,6
2016,11,6
2016,11,6
2016,11,6
2016,11,6
2016,11,6
2016,11,6
2016,11,6
2016,11,6
2016,11,6
2016,11,6
2016,11,6
2016,11,6
2016,11,6
2016,11,6
2016,11,6
2016,11,6
2016,11,6
2016,11,6
2016,11,6
2016,11,6
2016,11,6
2016,11,6
2016,11,6
2016,11,6
2016,11,6
2016,11,6
2016,11,6
2016,11,6
2016,11,6
2016,11,6
2016,11,6
2016,11,6
2016,11,6
2016,11,6
2016,11,6
2016,11,6
2016,11,6
2016,11,6
2016,11,6
2016,11,6
2016,11,6
2016,11,6
2016,11,6
2016,11,6
2016,11,6
2016,11,6
2016,11,6
2016,11,6
2016,11,6
2016,11,6
2016,11,6
2016,11,6
2016,11,6
2016,11,6
2016,11,6
2016,11,6
2016,11,6
2016,11,6
2016,11,6
2016,11,6
2016,11,6
2016,11,6
2016,11,6
2016,11,6
2016,11,6
2016,11,6
2016,11,6
2016,11,6
2016,11,6
2016,11,6
2016,11,6
2016,11,6
2016,11,6
2016,11,6
2016,11,6
2016,11,6
2016,11,6
2016,11,6
2016,11,6
2016,11,6
2016,11,6
2016,11,6
2016,11,6
2016,11,6
2016,11,6
2016,11,6
2016,11,6
2016,11,6
2016,11,6
2016,11,6
2016,11,6
2016,11,6
2016,11,6
2016,11,6
2016,11,6
2016,11,6
2016,11,6
2016,11,6
2016,11,6
2016,11,6
2016,11,6
2016,11,6
2016,11,6
2016,11,6
2016,11,6
2016,11,6
2016,11,6
2016,11,6
2016,11,6
2016,11,6
2016,11,6
2016,11,6
2016,11,6
2016,11,6
2016,11,6
2016,11,6
2016,11,6
2016,11,6
2016,11,6
2016,11,6
2016,11,6
2016,11,6
2016,11,6
2016,11,6
2016,11,6
2016,11,6
2016,11,6
2016,11,6
2016,11,6
2016,11,6
2016,11,6
2016,11,6
2016,11,6
2016,11,6
2016,11,6
2016,11,6
2016,11,6
2016,11,6
2016,11,6
2016,11,6
2016,11,6
2016,11,6
2016,11,6
2016,11,6
2016,11,6
2016,11,6
2016,11,6
2016,11,6
2016,11,6
2016,11,6
2016,11,6
2016,11,6
2016,11,6
2016,11,6
2016,11,6
2016,11,6
2016,11,6
2016,11,6
2016,11,6
2016,11,6
2016,11,6
2016,11,6
2016,11,6
2016,11,6
2016,11,6
2016,11,6
2016,11,6
2016,11,6
2016,11,6
2016,11,6
2016,11,6
2016,11,6
2016,11,6
2016,11,6
2016,11,6
2016,11,6
2016,11,6
2016,11,6
2016,11,6
2016,11,6
2016,11,6
2016,11,6
2016,11,6
2016,11,6
2016,11,6
2016,11,6
2016,11,6
2016,11,6
2016,11,6
2016,11,6
2016,11,6
2016,11,6
2016,11,6
2016,11,6
2016,11,6
2016,11,6
2016,11,6
2016,11,6
2016,11,6
2016,11,6
2016,11,6
2016,11,6
2016,11,6
2016,11,6
2016,11,6
2016,11,6
2016,11,6
2016,11,6
2016,11,6
2016,11,6
2016,11,6
2016,11,6
2016,11,6
2016,11,6
2016,11,6
2016,11,6
2016,11,6
2016,11,6
2016,11,6
2016,11,6
2016,11,6
2016,11,6
2016,11,6
2016,11,6
2016,11,6
2016,11,6
2016,11,6
2016,11,6
2016,11,6
2016,11,6
2016,11,6
2016,11,6
2016,11,6
2016,11,6
2016,11,6
2016,11,6
2016,11,6
2016,11,6
2016,11,6
2016,11,6
2016,11,6
2016,11,6
2016,11,6
2016,11,6
2016,11,6
2016,11,6
2016,11,6
2016,11,6
2016,11,6
2016,11,6
2016,11,6
2016,11,6
2016,11,6
2016,11,6
2016,11,6
2016,11,6
2016,11,6
2016,11,6
2016,11,6
2016,11,6
2016,11,6
2016,11,6
2016,11,6
2016,11,6
2016,11,6
2016,11,6
2016,11,6
2016,11,6
2016,11,6
2016,11,6
2016,11,6
2016,11,6
2016,11,6
2016,11,6
2016,11,6
2016,11,6
2016,11,6
2016,11,6
2016,11,6
2016,11,6
2016,11,6
2016,11,6
2016,11,6
2016,11,6
2016,11,6
2016,11,6
2016,11,6
2016,11,6
2016,11,6
2016,11,6
2016,11,6
2016,11,6
2016,11,6
2016,11,6
2016,11,6
2016,11,6
2016,11,6
2016,11,6
2016,11,6
2016,11,6
2016,11,6
2016,11,6
2016,11,6
2016,11,6
2016,11,6
2016,11,6
2016,11,6
2016,11,6
2016,11,6
2016,11,6
2016,11,6
2016,11,6
2016,11,6
2016,11,6
2016,11,6
2016,11,6
2016,11,6
2016,11,6
2016,11,6
2016,11,6
2016,11,6
2016,11,6
2016,11,6
2016,11,6
2016,11,6
2016,11,6
2016,11,6
2016,11,6
2016,11,6
2016,11,6
2016,11,6
2016,11,6
2016,11,6
2016,11,6
2016,11,6
2016,11,6
2016,11,6
2016,11,6
2016,11,6
2016,11,6
2016,11,6
2016,11,6
2016,11,6
2016,11,6
2016,11,6
2016,11,6
2016,11,6
2016,11,6
2016,11,6
2016,11,6
2016,11,6
2016,11,6
2016,11,6
2016,11,6
2016,11,6
2016,11,6
2016,11,6
2016,11,6
2016,11,6
2016,11,6
2016,11,6
2016,11,6
2016,11,6
2016,11,6
2016,11,6
2016,11,6
2016,11,6
2016,11,6
2016,11,6
2016,11,6
2016,11,6
2016,11,6
2016,11,6
2016,11,6
2016,11,6
2016,11,6
2016,11,6
2016,11,6
2016,11,6
2016,11,6
2016,11,6
2016,11,6
2016,11,6
2016,11,6
2016,11,6
2016,11,6
2016,11,6
2016,11,6
2016,11,6
2016,11,6
2016,11,6
2016,11,6
2016,11,6
2016,11,6
2016,11,6
2016,11,6
2016,11,6
2016,11,6
2016,11,6
2016,11,6
2016,11,6
2016,11,6
2016,11,6
2016,11,6
2016,11,6
2016,11,6
2016,11,6
2016,11,6
2016,11,6
2016,11,6
2016,11,6
2016,11,6
2016,11,6
2016,11,6
2016,11,6
2016,11,6
2016,11,6
2016,11,6
2016,11,6
2016,11,6
2016,11,6
2016,11,6
2016,11,6
2016,11,6
2016,11,6
2016,11,6
2016,11,6
2016,11,6
2016,11,6
2016,11,6
2016,11,6
2016,11,6
2016,11,6
2016,11,6
2016,11,6
2016,11,6
2016,11,6
2016,11,6
2016,11,6
2016,11,6
2016,11,6
2016,11,6
2016,11,6
2016,11,6
2016,11,6
2016,11,6
2016,11,6
2016,11,6
2016,11,6
2016,11,6
2016,11,6
2016,11,6
2016,11,6
2016,11,6
2016,11,6
2016,11,6
2016,11,6
2016,11,6
2016,11,6
2016,11,6
2016,11,6
2016,11,6
2016,11,6
2016,11,6
2016,11,6
2016,11,6
2016,11,6
2016,11,6
2016,11,6
2016,11,6
2016,11,6
2016,11,6
2016,11,6
2016,11,6
2016,11,6
2016,11,6
2016,11,6
2016,11,6
2016,11,6
2016,11,6
2016,11,6
2016,11,6
2016,11,6
2016,11,6
2016,11,6
2016,11,6
2016,11,6
2016,11,6
2016,11,6
2016,11,6
2016,11,6
2016,11,6
2016,11,6
2016,11,6
2016,11,6
2016,11,6
2016,11,6
2016,11,6
2016,11,6
2016,11,6
2016,11,6
2016,11,6
2016,11,6
2016,11,6
2016,11,6
2016,11,6
2016,11,6
2016,11,6
2016,11,6
2016,11,6
2016,11,6
2016,11,6
2016,11,6
2016,11,6
2016,11,6
2016,11,6
2016,11,6
2016,11,6
2016,11,6
2016,11,6
2016,11,6
2016,11,6
2016,11,6
2016,11,6
2016,11,6
2016,11,6
2016,11,6
2016,11,6
2016,11,6
2016,11,6
2016,11,6
2016,11,6
2016,11,6
2016,11,6
2016,11,6
2016,11,6
2016,11,6
2016,11,6
2016,11,6
2016,11,6
2016,11,6
2016,11,6
2016,11,6
2016,11,6
2016,11,6
2016,11,6
2016,11,6
2016,11,6
2016,11,6
2016,11,6
2016,11,6
2016,11,6
2016,11,6
2016,11,6
2016,11,6
2016,11,6
2016,11,6
2016,11,6
2016,11,6
2016,11,6
2016,11,6
2016,11,6
2016,11,6
2016,11,6
2016,11,6
2016,11,6
2016,11,6
2016,11,6
2016,11,6
2016,11,6
2016,11,6
2016,11,6
2016,11,6
2016,11,6
2016,11,6
2016,11,6
2016,11,6
2016,11,6
2016,11,6
2016,11,6
2016,11,6
2016,11,6
2016,11,6
2016,11,6
2016,11,6
2016,11,6
2016,11,6
2016,11,6
2016,11,6
2016,11,6
2016,11,6
2016,11,6
2016,11,6
2016,11,6
2016,11,6
2016,11,6
2016,11,6
2016,11,6
2016,11,6
2016,11,6
2016,11,6
2016,11,6
2016,11,6
2016,11,6
2016,11,6
2016,11,6
2016,11,6
2016,11,6
2016,11,6
2016,11,6
2016,11,6
2016,11,6
2016,11,6
2016,11,6
2016,11,6
2016,11,6
2016,11,6
2016,11,6
2016,11,6
2016,11,6
2016,11,6
2016,11,6
2016,11,6
2016,11,6
2016,11,6
2016,11,6
2016,11,6
2016,11,6
2016,11,6
2016,11,6
2016,11,6
2016,11,6
2016,11,6
2016,11,6
2016,11,6
2016,11,6
2016,11,6
2016,11,6
2016,11,6
2016,11,6
2016,11,6
2016,11,6
2016,11,6
2016,11,6
2016,11,6
2016,11,6
2016,11,6
2016,11,6
2016,11,6
2016,11,6
2016,11,6
2016,11,6
2016,11,6
2016,11,6
2016,11,6
2016,11,6
2016,11,6
2016,11,6
2016,11,6
2016,11,6
2016,11,6
2016,11,6
2016,11,6
2016,11,6
2016,11,6
2016,11,6
2016,11,6
2016,11,6
2016,11,6
2016,11,6
2016,11,6
2016,11,6
2016,11,6
2016,11,6
2016,11,6
2016,11,6
2016,11,6
2016,11,6
2016,11,6
2016,11,6
2016,11,6
2016,11,6
2016,11,6
2016,11,6
2016,11,6
2016,11,6
2016,11,6
2016,11,6
2016,11,6
2016,11,6
2016,11,6
2016,11,6
2016,11,6
2016,11,6
2016,11,6
2016,11,6
2016,11,6
2016,11,6
2016,11,6
2016,11,6
2016,11,6
2016,11,6
2016,11,6
2016,11,6
2016,11,6
2016,11,6
2016,11,6
2016,11,6
2016,11,6
2016,11,6
2016,11,6
2016,11,6
2016,11,6
2016,11,6
2016,11,6
2016,11,6
2016,11,6
2016,11,6
2016,11,6
2016,11,6
2016,11,6
2016,11,6
2016,11,6
2016,11,6
2016,11,6
2016,11,6
2016,11,6
2016,11,6
2016,11,6
2016,11,6
2016,11,6
2016,11,6
2016,11,6
2016,11,6
2016,11,6
2016,11,6
2016,11,6
2016,11,6
2016,11,6
2016,11,6
2016,11,6
2016,11,6
2016,11,6
2016,11,6
2016,11,6
2016,11,6
2016,11,6
2016,11,6
2016,11,6
2016,11,6
2016,11,6
2016,11,6
2016,11,6
2016,11,6
2016,11,6
2016,11,6
2016,11,6
2016,11,6
2016,11,6
2016,11,6
2016,11,6
2016,11,6
2016,11,6
2016,11,6
2016,11,6
2016,11,6
2016,11,6
2016,11,6
2016,11,6
2016,11,6
2016,11,6
2016,11,6
2016,11,6
2016,11,6
2016,11,6
2016,11,6
2016,11,6
2016,11,6
2016,11,6
2016,11,6
2016,11,6
2016,11,6
2016,11,6
2016,11,6
2016,11,6
2016,11,6
2016,11,6
2016,11,6
2016,11,6
2016,11,6
2016,11,6
2016,11,6
2016,11,6
2016,11,6
2016,11,6
2016,11,6
2016,11,6
2016,11,6
2016,11,6
2016,11,6
2016,11,6
2016,11,6
2016,11,6
2016,11,6
2016,11,6
2016,11,6
2016,11,6
2016,11,6
2016,11,6
2016,11,6
2016,11,6
2016,11,6
2016,11,6
2016,11,6
2016,11,6
2016,11,6
2016,11,6
2016,11,6
2016,11,6
2016,11,6
2016,11,6
2016,11,6
2016,11,6
2016,11,6
2016,11,6
2016,11,6
2016,11,6
2016,11,6
2016,11,6
2016,11,6
2016,11,6
2016,11,6
2016,11,6
2016,11,6
2016,11,6
2016,11,6
2016,11,6
2016,11,6
2016,11,6
2016,11,6
2016,11,6
2016,11,6
2016,11,6
2016,11,6
2016,11,6
2016,11,6
2016,11,6
2016,11,6
2016,11,6
2016,11,6
2016,11,6
2016,11,6
2016,11,6
2016,11,6
2016,11,6
2016,11,6
2016,11,6
2016,11,6
2016,11,6
2016,11,6
2016,11,6
2016,11,6
2016,11,6
2016,11,6
2016,11,6
2016,11,6
2016,11,6
2016,11,6
2016,11,6
2016,11,6
2016,11,6
2016,11,6
2016,11,6
2016,11,6
2016,11,6
2016,11,6
2016,11,6
2016,11,6
2016,11,6
2016,11,6
2016,11,6
2016,11,6
2016,11,6
2016,11,6
2016,11,6
2016,11,6
2016,11,6
2016,11,6
2016,11,6
2016,11,6
2016,11,6
2016,11,6
2016,11,6
2016,11,6
2016,11,6
2016,11,6
2016,11,6
2016,11,6
2016,11,6
2016,11,6
2016,11,6
2016,11,6
2016,11,6
2016,11,6
2016,11,6
2016,11,6
2016,11,6
2016,11,6
2016,11,6
2016,11,6
2016,11,6
2016,11,6
2016,11,6
2016,11,6
2016,11,6
2016,11,6
2016,11,6
2016,11,6
2016,11,6
2016,11,6
2016,11,6
2016,11,6
2016,11,6
2016,11,6
2016,11,6
2016,11,6
2016,11,6
2016,11,6
2016,11,6
2016,11,6
2016,11,6
2016,11,6
2016,11,6
2016,11,6
2016,11,6
2016,11,6
2016,11,6
2016,11,6
2016,11,6
2016,11,6
2016,11,6
2016,11,6
2016,11,6
2016,11,6
2016,11,6
2016,11,6
2016,11,6
2016,11,6
2016,11,6
2016,11,6
2016,11,6
2016,11,6
2016,11,6
2016,11,6
2016,11,6
2016,11,6
2016,11,6
2016,11,6
2016,11,6
2016,11,6
2016,11,6
2016,11,6
2016,11,6
2016,11,6
2016,11,6
2016,11,6
2016,11,6
2016,11,6
2016,11,6
2016,11,6
2016,11,6
2016,11,6
2016,11,6
2016,11,6
2016,11,6
2016,11,6
2016,11,6
2016,11,6
2016,11,6
2016,11,6
2016,11,6
2016,11,6
2016,11,6
2016,11,6
2016,11,6
2016,11,6
2016,11,6
2016,11,6
2016,11,6
2016,11,6
2016,11,6
2016,11,6
2016,11,6
2016,11,6
2016,11,6
2016,11,6
2016,11,6
2016,11,6
2016,11,6
2016,11,6
2016,11,6
2016,11,6
2016,11,6
2016,11,6
2016,11,6
2016,11,6
2016,11,6
2016,11,6
2016,11,6
2016,11,6
2016,11,6
2016,11,6
2016,11,6
2016,11,6
2016,11,6
2016,11,6
2016,11,6
2016,11,6
2016,11,6
2016,11,6
2016,11,6
2016,11,6
2016,11,6
2016,11,6
2016,11,6
2016,11,6
2016,11,6
2016,11,6
2016,11,6
2016,11,6
2016,11,6
2016,11,6
2016,11,6
2016,11,6
2016,11,6
2016,11,6
2016,11,6
2016,11,6
2016,11,6
2016,11,6
2016,11,6
2016,11,6
2016,11,6
2016,11,6
2016,11,6
2016,11,6
2016,11,6
2016,11,6
2016,11,6
2016,11,6
2016,11,6
2016,11,6
2016,11,6
2016,11,6
2016,11,6
2016,11,6
2016,11,6
2016,11,6
2016,11,6
2016,11,6
2016,11,6
2016,11,6
2016,11,6
2016,11,6
2016,11,6
2016,11,6
2016,11,6
2016,11,6
2016,11,6
2016,11,6
2016,11,6
2016,11,6
2016,11,6
2016,11,6
2016,11,6
2016,11,6
2016,11,6
2016,11,6
2016,11,6
2016,11,6
2016,11,6
2016,11,6
2016,11,6
2016,11,6
2016,11,6
2016,11,6
2016,11,6
2016,11,6
2016,11,6
2016,11,6
2016,11,6
2016,11,6
2016,11,6
2016,11,6
2016,11,6
2016,11,6
2016,11,6
2016,11,6
2016,11,6
2016,11,6
2016,11,6
2016,11,6
2016,11,6
2016,11,6
2016,11,6
2016,11,6
2016,11,6
2016,11,6
2016,11,6
2016,11,6
2016,11,6
2016,11,6
2016,11,6
2016,11,6
2016,11,6
2016,11,6
2016,11,6
2016,11,6
2016,11,6
2016,11,6
2016,11,6
2016,11,6
2016,11,6
2016,11,6
2016,11,6
2016,11,6
2016,11,6
2016,11,6
2016,11,6
2016,11,6
2016,11,6
2016,11,6
2016,11,6
2016,11,6
2016,11,6
2016,11,6
2016,11,6
2016,11,6
2016,11,6
2016,11,6
2016,11,6
2016,11,6
2016,11,6
2016,11,6
2016,11,6
2016,11,6
2016,11,6
2016,11,6
2016,11,6
2016,11,6
2016,11,6
2016,11,6
2016,11,6
2016,11,6
2016,11,6
2016,11,6
2016,11,6
2016,11,6
2016,11,6
2016,11,6
2016,11,6
2016,11,6
2016,11,6
2016,11,6
2016,11,6
2016,11,6
2016,11,6
2016,11,6
2016,11,6
2016,11,6
2016,11,6
2016,11,6
2016,11,6
2016,11,6
2016,11,6
2016,11,6
2016,11,6
2016,11,6
2016,11,6
2016,11,6
2016,11,6
2016,11,6
2016,11,6
2016,11,6
2016,11,6
2016,11,6
2016,11,6
2016,11,6
2016,11,6
2016,11,6
2016,11,6
2016,11,6
2016,11,6
2016,11,6
2016,11,6
2016,11,6
2016,11,6
2016,11,6
2016,11,6
2016,11,6
2016,11,6
2016,11,6
2016,11,6
2016,11,6
2016,11,6
2016,11,6
2016,11,6
2016,11,6
2016,11,6
2016,11,6
2016,11,6
2016,11,6
2016,11,6
2016,11,6
2016,11,6
2016,11,6
2016,11,6
2016,11,6
2016,11,6
2016,11,6
2016,11,6
2016,11,6
2016,11,6
2016,11,6
2016,11,6
2016,11,6
2016,11,6
2016,11,6
2016,11,6
2016,11,6
2016,11,6
2016,11,6
2016,11,6
2016,11,6
2016,11,6
2016,11,6
2016,11,6
2016,11,6
2016,11,6
2016,11,6
2016,11,6
2016,11,6
2016,11,6
2016,11,6
2016,11,6
2016,11,6
2016,11,6
2016,11,6
2016,11,6
2016,11,6
2016,11,6
2016,11,6
2016,11,6
2016,11,6
2016,11,6
2016,11,6
2016,11,6
2016,11,6
2016,11,6
2016,11,6
2016,11,6
2016,11,6
2016,11,6
2016,11,6
2016,11,6
2016,11,6
2016,11,6
2016,11,6
2016,11,6
2016,11,6
2016,11,6
2016,11,6
2016,11,6
2016,11,6
2016,11,6
2016,11,6
2016,11,6
2016,11,6
2016,11,6
2016,11,6
2016,11,6
2016,11,6
2016,11,6
2016,11,6
2016,11,6
2016,11,6
2016,11,6
2016,11,6
2016,11,6
2016,11,6
2016,11,6
2016,11,6
2016,11,6
2016,11,6
2016,11,6
2016,11,6
2016,11,6
2016,11,6
2016,11,6
2016,11,6
2016,11,6
2016,11,6
2016,11,6
2016,11,6
2016,11,6
2016,11,6
2016,11,6
2016,11,6
2016,11,6
2016,11,6
2016,11,6
2016,11,6
2016,11,6
2016,11,6
2016,11,6
2016,11,6
2016,11,6
2016,11,6
2016,11,6
2016,11,6
2016,11,6
2016,11,6
2016,11,6
2016,11,6
2016,11,6
2016,11,6
2016,11,6
2016,11,6
2016,11,6
2016,11,6
2016,11,6
2016,11,6
2016,11,6
2016,11,6
2016,11,6
2016,11,6
2016,11,6
2016,11,6
2016,11,6
2016,11,6
2016,11,6
2016,11,6
2016,11,6
2016,11,6
2016,11,6
2016,11,6
2016,11,6
2016,11,6
2016,11,6
2016,11,6
2016,11,6
2016,11,6
2016,11,6
2016,11,6
2016,11,6
2016,11,6
2016,11,6
2016,11,6
2016,11,6
2016,11,6
2016,11,6
2016,11,6
2016,11,6
2016,11,6
2016,11,6
2016,11,6
2016,11,6
2016,11,6
2016,11,6
2016,11,6
2016,11,6
2016,11,6
2016,11,6
2016,11,6
2016,11,6
2016,11,6
2016,11,6
2016,11,6
2016,11,6
2016,11,6
2016,11,6
2016,11,6
2016,11,6
2016,11,6
2016,11,6
2016,11,6
2016,11,6
2016,11,6
2016,11,6
2016,11,6
2016,11,6
2016,11,6
2016,11,6
2016,11,6
2016,11,6
2016,11,6
2016,11,6
2016,11,6
2016,11,6
2016,11,6
2016,11,6
2016,11,6
2016,11,6
2016,11,6
2016,11,6
2016,11,6
2016,11,6
2016,11,6
2016,11,6
2016,11,6
2016,11,6
2016,11,6
2016,11,6
2016,11,6
2016,11,6
2016,11,6
2016,11,6
2016,11,6
2016,11,6
2016,11,6
2016,11,6
2016,11,6
2016,11,6
2016,11,6
2016,11,6
2016,11,6
2016,11,6
2016,11,6
2016,11,6
2016,11,6
2016,11,6
2016,11,6
2016,11,6
2016,11,6
2016,11,6
2016,11,6
2016,11,6
2016,11,6
2016,11,6
2016,11,6
2016,11,6
2016,11,6
2016,11,6
2016,11,6
2016,11,6
2016,11,6
2016,11,6
2016,11,6
2016,11,6
2016,11,6
2016,11,6
2016,11,6
2016,11,6
2016,11,6
2016,11,6
2016,11,6
2016,11,6
2016,11,6
2016,11,6
2016,11,6
2016,11,6
2016,11,6
2016,11,6
2016,11,6
2016,11,6
2016,11,6
2016,11,6
2016,11,6
2016,11,6
2016,11,6
2016,11,6
2016,11,6
2016,11,6
2016,11,6
2016,11,6
2016,11,6
2016,11,6
2016,11,6
2016,11,6
2016,11,6
2016,11,6
2016,11,6
2016,11,6
2016,11,6
2016,11,6
2016,11,6
2016,11,6
2016,11,6
2016,11,6
2016,11,6
2016,11,6
2016,11,6
2016,11,6
2016,11,6
2016,11,6
2016,11,6
2016,11,6
2016,11,6
2016,11,6
2016,11,6
2016,11,6
2016,11,6
2016,11,6
2016,11,6
2016,11,6
2016,11,6
2016,11,6
2016,11,6
2016,11,6
2016,11,6
2016,11,6
2016,11,6
2016,11,6
2016,11,6
2016,11,6
2016,11,6
2016,11,6
2016,11,6
2016,11,6
2016,11,6
2016,11,6
2016,11,6
2016,11,6
2016,11,6
2016,11,6
2016,11,6
2016,11,6
2016,11,6
2016,11,6
2016,11,6
2016,11,6
2016,11,6
2016,11,6
2016,11,6
2016,11,6
2016,11,6
2016,11,6
2016,11,6
2016,11,6
2016,11,6
2016,11,6
2016,11,6
2016,11,6
2016,11,6
2016,11,6
2016,11,6
2016,11,6
2016,11,6
2016,11,6
2016,11,6
2016,11,6
2016,11,6
2016,11,6
2016,11,6
2016,11,6
2016,11,6
2016,11,6
2016,11,6
2016,11,6
2016,11,6
2016,11,6
2016,11,6
2016,11,6
2016,11,6
2016,11,6
2016,11,6
2016,11,6
2016,11,6
2016,11,6
2016,11,6
2016,11,6
2016,11,6
2016,11,6
2016,11,6
2016,11,6
2016,11,6
2016,11,6
2016,11,6
2016,11,6
2016,11,6
2016,11,6
2016,11,6
2016,11,6
2016,11,6
2016,11,6
2016,11,6
2016,11,6
2016,11,6
2016,11,6
2016,11,6
2016,11,6
2016,11,6
2016,11,6
2016,11,6
2016,11,6
2016,11,6
2016,11,6
2016,11,6
2016,11,6
2016,11,6
2016,11,6
2016,11,6
2016,11,6
2016,11,6
2016,11,6
2016,11,6
2016,11,6
2016,11,6
2016,11,6
2016,11,6
2016,11,6
2016,11,6
2016,11,6
2016,11,6
2016,11,6
2016,11,6
2016,11,6
2016,11,6
2016,11,6
2016,11,6
2016,11,6
2016,11,6
2016,11,6
2016,11,6
2016,11,6
2016,11,6
2016,11,6
2016,11,6
2016,11,6
2016,11,6
2016,11,6
2016,11,6
2016,11,6
2016,11,6
2016,11,6
2016,11,6
2016,11,6
2016,11,6
2016,11,6
2016,11,6
2016,11,6
2016,11,6
2016,11,6
2016,11,6
2016,11,6
2016,11,6
2016,11,6
2016,11,6
2016,11,6
2016,11,6
2016,11,6
2016,11,6
2016,11,6
2016,11,6
2016,11,6
2016,11,6
2016,11,6
2016,11,6
2016,11,6
2016,11,6
2016,11,6
2016,11,6
2016,11,6
2016,11,6
2016,11,6
2016,11,6
2016,11,6
2016,11,6
2016,11,6
2016,11,6
2016,11,6
2016,11,6
2016,11,6
2016,11,6
2016,11,6
2016,11,6
2016,11,6
2016,11,6
2016,11,6
2016,11,6
2016,11,6
2016,11,6
2016,11,6
2016,11,6
2016,11,6
2016,11,6
2016,11,6
2016,11,6
2016,11,6
2016,11,6
2016,11,6
2016,11,6
2016,11,6
2016,11,6
2016,11,6
2016,11,6
2016,11,6
2016,11,6
2016,11,6
2016,11,6
2016,11,6
2016,11,6
2016,11,6
2016,11,6
2016,11,6
2016,11,6
2016,11,6
2016,11,6
2016,11,6
2016,11,6
2016,11,6
2016,11,6
2016,11,6
2016,11,6
2016,11,6
2016,11,6
2016,11,6
2016,11,6
2016,11,6
2016,11,6
2016,11,6
2016,11,6
2016,11,6
2016,11,6
2016,11,6
2016,11,6
2016,11,6
2016,11,6
2016,11,6
2016,11,6
2016,11,6
2016,11,6
2016,11,6
2016,11,6
2016,11,6
2016,11,6
2016,11,6
2016,11,6
2016,11,6
2016,11,6
2016,11,6
2016,11,6
2016,11,6
2016,11,6
2016,11,6
2016,11,6
2016,11,6
2016,11,6
2016,11,6
2016,11,6
2016,11,6
2016,11,6
2016,11,6
2016,11,6
2016,11,6
2016,11,6
2016,11,6
2016,11,6
2016,11,6
2016,11,6
2016,11,6
2016,11,6
2016,11,6
2016,11,6
2016,11,6
2016,11,6
2016,11,6
2016,11,6
2016,11,6
2016,11,6
2016,11,6
2016,11,6
2016,11,6
2016,11,6
2016,11,6
2016,11,6
2016,11,6
2016,11,6
2016,11,6
2016,11,6
2016,11,6
2016,11,6
2016,11,6
2016,11,6
2016,11,6
2016,11,6
2016,11,6
2016,11,6
2016,11,6
2016,11,6
2016,11,6
2016,11,6
2016,11,6
2016,11,6
2016,11,6
2016,11,6
2016,11,6
2016,11,6
2016,11,6
2016,11,6
2016,11,6
2016,11,6
2016,11,6
2016,11,6
2016,11,6
2016,11,6
2016,11,6
2016,11,6
2016,11,6
2016,11,6
2016,11,6
2016,11,6
2016,11,6
2016,11,6
2016,11,6
2016,11,6
2016,11,6
2016,11,6
2016,11,6
2016,11,6
2016,11,6
2016,11,6
2016,11,6
2016,11,6
2016,11,6
2016,11,6
2016,11,6
2016,11,6
2016,11,6
2016,11,6
2016,11,6
2016,11,6
2016,11,6
2016,11,6
2016,11,6
2016,11,6
2016,11,6
2016,11,6
2016,11,6
2016,11,6
2016,11,6
2016,11,6
2016,11,6
2016,11,6
2016,11,6
2016,11,6
2016,11,6
2016,11,6
2016,11,6
2016,11,6
2016,11,6
2016,11,6
2016,11,6
2016,11,6
2016,11,6
2016,11,6
2016,11,6
2016,11,6
2016,11,6
2016,11,6
2016,11,6
2016,11,6
2016,11,6
2016,11,6
2016,11,6
2016,11,6
2016,11,6
2016,11,6
2016,11,6
2016,11,6
2016,11,6
2016,11,6
2016,11,6
2016,11,6
2016,11,6
2016,11,6
2016,11,6
2016,11,6
2016,11,6
2016,11,6
2016,11,6
2016,11,6
2016,11,6
2016,11,6
2016,11,6
2016,11,6
2016,11,6
2016,11,6
2016,11,6
2016,11,6
2016,11,6
2016,11,6
2016,11,6
2016,11,6
2016,11,6
2016,11,6
2016,11,6
2016,11,6
2016,11,6
2016,11,6
2016,11,6
2016,11,6
2016,11,6
2016,11,6
2016,11,6
2016,11,6
2016,11,6
2016,11,6
2016,11,6
2016,11,6
2016,11,6
2016,11,6
2016,11,6
2016,11,6
2016,11,6
2016,11,6
2016,11,6
2016,11,6
2016,11,6
2016,11,6
2016,11,6
2016,11,6
2016,11,6
2016,11,6
2016,11,6
2016,11,6
2016,11,6
2016,11,6
2016,11,6
2016,11,6
2016,11,6
2016,11,6
2016,11,6
2016,11,6
2016,11,6
2016,11,6
2016,11,6
2016,11,6
2016,11,6
2016,11,6
2016,11,6
2016,11,6
2016,11,6
2016,11,6
2016,11,6
2016,11,6
2016,11,6
2016,11,6
2016,11,6
2016,11,6
2016,11,6
2016,11,6
2016,11,6
2016,11,6
2016,11,6
2016,11,6
2016,11,6
2016,11,6
2016,11,6
2016,11,6
2016,11,6
2016,11,6
2016,11,6
2016,11,6
2016,11,6
2016,11,6
2016,11,6
2016,11,6
2016,11,6
2016,11,6
2016,11,6
2016,11,6
2016,11,6
2016,11,6
2016,11,6
2016,11,6
2016,11,6
2016,11,6
2016,11,6
2016,11,6
2016,11,6
2016,11,6
2016,11,6
2016,11,6
2016,11,6
2016,11,6
2016,11,6
2016,11,6
2016,11,6
2016,11,6
2016,11,6
2016,11,6
2016,11,6
2016,11,6
2016,11,6
2016,11,6
2016,11,6
2016,11,6
2016,11,6
2016,11,6
2016,11,6
2016,11,6
2016,11,6
2016,11,6
2016,11,6
2016,11,6
2016,11,6
2016,11,6
2016,11,6
2016,11,6
2016,11,6
2016,11,6
2016,11,6
2016,11,6
2016,11,6
2016,11,6
2016,11,6
2016,11,6
2016,11,6
2016,11,6
2016,11,6
2016,11,6
2016,11,6
2016,11,6
2016,11,6
2016,11,6
2016,11,6
2016,11,6
2016,11,6
2016,11,6
2016,11,6
2016,11,6
2016,11,6
2016,11,6
2016,11,6
2016,11,6
2016,11,6
2016,11,6
2016,11,6
2016,11,6
2016,11,6
2016,11,6
2016,11,6
2016,11,6
2016,11,6
2016,11,6
2016,11,6
2016,11,6
2016,11,6
2016,11,6
2016,11,6
2016,11,6
2016,11,6
2016,11,6
2016,11,6
2016,11,6
2016,11,6
2016,11,6
2016,11,6
2016,11,6
2016,11,6
2016,11,6
2016,11,6
2016,11,6
2016,11,6
2016,11,6
2016,11,6
2016,11,6
2016,11,6
2016,11,6
2016,11,6
2016,11,6
2016,11,6
2016,11,6
2016,11,6
2016,11,6
2016,11,6
2016,11,6
2016,11,6
2016,11,6
2016,11,6
2016,11,6
2016,11,6
2016,11,6
2016,11,6
2016,11,6
2016,11,6
2016,11,6
2016,11,6
2016,11,6
2016,11,6
2016,11,6
2016,11,6
2016,11,6
2016,11,6
2016,11,6
2016,11,6
2016,11,6
2016,11,6
2016,11,6
2016,11,6
2016,11,6
2016,11,6
2016,11,6
2016,11,6
2016,11,6
2016,11,6
2016,11,6
2016,11,6
2016,11,6
2016,11,6
2016,11,6
2016,11,6
2016,11,6
2016,11,6
2016,11,6
2016,11,6
2016,11,6
2016,11,6
2016,11,6
2016,11,6
2016,11,6
2016,11,6
2016,11,6
2016,11,6
2016,11,6
2016,11,6
2016,11,6
2016,11,6
2016,11,6
2016,11,6
2016,11,6
2016,11,6
2016,11,6
2016,11,6
2016,11,6
2016,11,6
2016,11,6
2016,11,6
2016,11,6
2016,11,6
2016,11,6
2016,11,6
2016,11,6
2016,11,6
2016,11,6
2016,11,6
2016,11,6
2016,11,6
2016,11,6
2016,11,6
2016,11,6
2016,11,6
2016,11,6
2016,11,6
2016,11,6
2016,11,6
2016,11,6
2016,11,6
2016,11,6
2016,11,6
2016,11,6
2016,11,6
2016,11,6
2016,11,6
2016,11,6
2016,11,6
2016,11,6
2016,11,6
2016,11,6
2016,11,6
2016,11,6
2016,11,6
2016,11,6
2016,11,6
2016,11,6
2016,11,6
2016,11,6
2016,11,6
2016,11,6
2016,11,6
2016,11,6
2016,11,6
2016,11,6
2016,11,6
2016,11,6
2016,11,6
2016,11,6
2016,11,6
2016,11,6
2016,11,6
2016,11,6
2016,11,6
2016,11,6
2016,11,6
2016,11,6
2016,11,6
2016,11,6
2016,11,6
2016,11,6
2016,11,6
2016,11,6
2016,11,6
2016,11,6
2016,11,6
2016,11,6
2016,11,6
2016,11,6
2016,11,6
2016,11,6
2016,11,6
2016,11,6
2016,11,6
2016,11,6
2016,11,6
2016,11,6
2016,11,6
2016,11,6
2016,11,6
2016,11,6
2016,11,6
2016,11,6
2016,11,6
2016,11,6
2016,11,6
2016,11,6
2016,11,6
2016,11,6
2016,11,6
2016,11,6
2016,11,6
2016,11,6
2016,11,6
2016,11,6
2016,11,6
2016,11,6
2016,11,6
2016,11,6
2016,11,6
2016,11,6
2016,11,6
2016,11,6
2016,11,6
2016,11,6
2016,11,6
2016,11,6
2016,11,6
2016,11,6
2016,11,6
2016,11,6
2016,11,6
2016,11,6
2016,11,6
2016,11,6
2016,11,6
2016,11,6
2016,11,6
2016,11,6
2016,11,6
2016,11,6
2016,11,6
2016,11,6
2016,11,6
2016,11,6
2016,11,6
2016,11,6
2016,11,6
2016,11,6
2016,11,6
2016,11,6
2016,11,6
2016,11,6
2016,11,6
2016,11,6
2016,11,6
2016,11,6
2016,11,6
2016,11,6
2016,11,6
2016,11,6
2016,11,6
2016,11,6
2016,11,6
2016,11,6
2016,11,6
2016,11,6
2016,11,6
2016,11,6
2016,11,6
2016,11,6
2016,11,6
2016,11,6
2016,11,6
2016,11,6
2016,11,6
2016,11,6
2016,11,6
2016,11,6
2016,11,6
2016,11,6
2016,11,6
2016,11,6
2016,11,6
2016,11,6
2016,11,6
2016,11,6
2016,11,6
2016,11,6
2016,11,6
2016,11,6
2016,11,6
2016,11,6
2016,11,6
2016,11,6
2016,11,6
2016,11,6
2016,11,6
2016,11,6
2016,11,6
2016,11,6
2016,11,6
2016,11,6
2016,11,6
2016,11,6
2016,11,6
2016,11,6
2016,11,6
2016,11,6
2016,11,6
2016,11,6
2016,11,6
2016,11,6
2016,11,6
2016,11,6
2016,11,6
2016,11,6
2016,11,6
2016,11,6
2016,11,6
2016,11,6
2016,11,6
2016,11,6
2016,11,6
2016,11,6
2016,11,6
2016,11,6
2016,11,6
2016,11,6
2016,11,6
2016,11,6
2016,11,6
2016,11,6
2016,11,6
2016,11,6
2016,11,6
2016,11,6
2016,11,6
2016,11,6
2016,11,6
2016,11,6
2016,11,6
2016,11,6
2016,11,6
2016,11,6
2016,11,6
2016,11,6
2016,11,6
2016,11,6
2016,11,6
2016,11,6
2016,11,6
2016,11,6
2016,11,6
2016,11,6
2016,11,6
2016,11,6
2016,11,6
2016,11,6
2016,11,6
2016,11,6
2016,11,6
2016,11,6
2016,11,6
2016,11,6
2016,11,6
2016,11,6
2016,11,6
2016,11,6
2016,11,6
2016,11,6
2016,11,6
2016,11,6
2016,11,6
2016,11,6
2016,11,6
2016,11,6
2016,11,6
2016,11,6
2016,11,6
2016,11,6
2016,11,6
2016,11,6
2016,11,6
2016,11,6
2016,11,6
2016,11,6
2016,11,6
2016,11,6
2016,11,6
2016,11,6
2016,11,6
2016,11,6
2016,11,6
2016,11,6
2016,11,6
2016,11,6
2016,11,6
2016,11,6
2016,11,6
2016,11,6
2016,11,6
2016,11,6
2016,11,6
2016,11,6
2016,11,6
2016,11,6
2016,11,6
2016,11,6
2016,11,6
2016,11,6
2016,11,6
2016,11,6
2016,11,6
2016,11,6
2016,11,6
2016,11,6
2016,11,6
2016,11,6
2016,11,6
2016,11,6
2016,11,6
2016,11,6
2016,11,6
2016,11,6
2016,11,6
2016,11,6
2016,11,6
2016,11,6
2016,11,6
2016,11,6
2016,11,6
2016,11,6
2016,11,6
2016,11,6
2016,11,6
2016,11,6
2016,11,6
2016,11,6
2016,11,6
2016,11,6
2016,11,6
2016,11,6
2016,11,6
2016,11,6
2016,11,6
2016,11,6
2016,11,6
2016,11,6
2016,11,6
2016,11,6
2016,11,6
2016,11,6
2016,11,6
2016,11,6
2016,11,6
2016,11,6
2016,11,6
2016,11,6
2016,11,6
2016,11,6
2016,11,6
2016,11,6
2016,11,6
2016,11,6
2016,11,6
2016,11,6
2016,11,6
2016,11,6
2016,11,6
2016,11,6
2016,11,6
2016,11,6
2016,11,6
2016,11,6
2016,11,6
2016,11,6
2016,11,6
2016,11,6
2016,11,6
2016,11,6
2016,11,6
2016,11,6
2016,11,6
2016,11,6
2016,11,6
2016,11,6
2016,11,6
2016,11,6
2016,11,6
2016,11,6
2016,11,6
2016,11,6
2016,11,6
2016,11,6
2016,11,6
2016,11,6
2016,11,6
2016,11,6
2016,11,6
2016,11,6
2016,11,6
2016,11,6
2016,11,6
2016,11,6
2016,11,6
2016,11,6
2016,11,6
2016,11,6
2016,11,6
2016,11,6
2016,11,6
2016,11,6
2016,11,6
2016,11,6
2016,11,6
2016,11,6
2016,11,6
2016,11,6
2016,11,6
2016,11,6
2016,11,6
2016,11,6
2016,11,6
2016,11,6
2016,11,6
2016,11,6
2016,11,6
2016,11,6
2016,11,6
2016,11,6
2016,11,6
2016,11,6
2016,11,6
2016,11,6
2016,11,6
2016,11,6
2016,11,6
2016,11,6
2016,11,6
2016,11,6
2016,11,6
2016,11,6
2016,11,6
2016,11,6
2016,11,6
2016,11,6
2016,11,6
2016,11,6
2016,11,6
2016,11,6
2016,11,6
2016,11,6
2016,11,6
2016,11,6
2016,11,6
2016,11,6
2016,11,6
2016,11,6
2016,11,6
2016,11,6
2016,11,6
2016,11,6
2016,11,6
2016,11,6
2016,11,6
2016,11,6
2016,11,6
2016,11,6
2016,11,6
2016,11,6
2016,11,6
2016,11,6
2016,11,6
2016,11,6
2016,11,6
2016,11,6
2016,11,6
2016,11,6
2016,11,6
2016,11,6
2016,11,6
2016,11,6
2016,11,6
2016,11,6
2016,11,6
2016,11,6
2016,11,6
2016,11,6
2016,11,6
2016,11,6
2016,11,6
2016,11,6
2016,11,6
2016,11,6
2016,11,6
2016,11,6
2016,11,6
2016,11,6
2016,11,6
2016,11,6
2016,11,6
2016,11,6
2016,11,6
2016,11,6
2016,11,6
2016,11,6
2016,11,6
2016,11,6
2016,11,6
2016,11,6
2016,11,6
2016,11,6
2016,11,6
2016,11,6
2016,11,6
2016,11,6
2016,11,6
2016,11,6
2016,11,6
2016,11,6
2016,11,6
2016,11,6
2016,11,6
2016,11,6
2016,11,6
2016,11,6
2016,11,6
2016,11,6
2016,11,6
2016,11,6
2016,11,6
2016,11,6
2016,11,6
2016,11,6
2016,11,6
2016,11,6
2016,11,6
2016,11,6
2016,11,6
2016,11,6
2016,11,6
2016,11,6
2016,11,6
2016,11,6
2016,11,6
2016,11,6
2016,11,6
2016,11,6
2016,11,6
2016,11,6
2016,11,6
2016,11,6
2016,11,6
2016,11,6
2016,11,6
2016,11,6
2016,11,6
2016,11,6
2016,11,6
2016,11,6
2016,11,6
2016,11,6
2016,11,6
2016,11,6
2016,11,6
2016,11,6
2016,11,6
2016,11,6
2016,11,6
2016,11,6
2016,11,6
2016,11,6
2016,11,6
2016,11,6
2016,11,6
2016,11,6
2016,11,6
2016,11,6
2016,11,6
2016,11,6
2016,11,6
2016,11,6
2016,11,6
2016,11,6
2016,11,6
2016,11,6
2016,11,6
2016,11,6
2016,11,6
2016,11,6
2016,11,6
2016,11,6
2016,11,6
2016,11,6
2016,11,6
2016,11,6
2016,11,6
2016,11,6
2016,11,6
2016,11,6
2016,11,6
2016,11,6
2016,11,6
2016,11,6
2016,11,6
2016,11,6
2016,11,6
2016,11,6
2016,11,6
2016,11,6
2016,11,6
2016,11,6
2016,11,6
2016,11,6
2016,11,6
2016,11,6
2016,11,6
2016,11,6
2016,11,6
2016,11,6
2016,11,6
2016,11,6
2016,11,6
2016,11,6
2016,11,6
2016,11,6
2016,11,6
2016,11,6
2016,11,6
2016,11,6
2016,11,6
2016,11,6
2016,11,6
2016,11,6
2016,11,6
2016,11,6
2016,11,6
2016,11,6
2016,11,6
2016,11,6
2016,11,6
2016,11,6
2016,11,6
2016,11,6
2016,11,6
2016,11,6
2016,11,6
2016,11,6
2016,11,6
2016,11,6
2016,11,6
2016,11,6
2016,11,6
2016,11,6
2016,11,6
2016,11,6
2016,11,6
2016,11,6
2016,11,6
2016,11,6
2016,11,6
2016,11,6
2016,11,6
2016,11,6
2016,11,6
2016,11,6
2016,11,6
2016,11,6
2016,11,6
2016,11,6
2016,11,6
2016,11,6
2016,11,6
2016,11,6
2016,11,6
2016,11,6
2016,11,6
2016,11,6
2016,11,6
2016,11,6
2016,11,6
2016,11,6
2016,11,6
2016,11,6
2016,11,6
2016,11,6
2016,11,6
2016,11,6
2016,11,6
2016,11,6
2016,11,6
2016,11,6
2016,11,6
2016,11,6
2016,11,6
2016,11,6
2016,11,6
2016,11,6
2016,11,6
2016,11,6
2016,11,6
2016,11,6
2016,11,6
2016,11,6
2016,11,6
2016,11,6
2016,11,6
2016,11,6
2016,11,6
2016,11,6
2016,11,6
2016,11,6
2016,11,6
2016,11,6
2016,11,6
2016,11,6
2016,11,6
2016,11,6
2016,11,6
2016,11,6
2016,11,6
2016,11,6
2016,11,6
2016,11,6
2016,11,6
2016,11,6
2016,11,6
2016,11,6
2016,11,6
2016,11,6
2016,11,6
2016,11,6
2016,11,6
2016,11,6
2016,11,6
2016,11,6
2016,11,6
2016,11,6
2016,11,6
2016,11,6
2016,11,6
2016,11,6
2016,11,6
2016,11,6
2016,11,6
2016,11,6
2016,11,6
2016,11,6
2016,11,6
2016,11,6
2016,11,6
2016,11,6
2016,11,6
2016,11,6
2016,11,6
2016,11,6
2016,11,6
2016,11,6
2016,11,6
2016,11,6
2016,11,6
2016,11,6
2016,11,6
2016,11,6
2016,11,6
2016,11,6
2016,11,6
2016,11,6
2016,11,6
2016,11,6
2016,11,6
2016,11,6
2016,11,6
2016,11,6
2016,11,6
2016,11,6
2016,11,6
2016,11,6
2016,11,6
2016,11,6
2016,11,6
2016,11,6
2016,11,6
2016,11,6
2016,11,6
2016,11,6
2016,11,6
2016,11,6
2016,11,6
2016,11,6
2016,11,6
2016,11,6
2016,11,6
2016,11,6
2016,11,6
2016,11,6
2016,11,6
2016,11,6
2016,11,6
2016,11,6
2016,11,6
2016,11,6
2016,11,6
2016,11,6
2016,11,6
2016,11,6
2016,11,6
2016,11,6
2016,11,6
2016,11,6
2016,11,6
2016,11,6
2016,11,6
2016,11,6
2016,11,6
2016,11,6
2016,11,6
2016,11,6
2016,11,6
2016,11,6
2016,11,6
2016,11,6
2016,11,6
2016,11,6
2016,11,6
2016,11,6
2016,11,6
2016,11,6
2016,11,6
2016,11,6
2016,11,6
2016,11,6
2016,11,6
2016,11,6
2016,11,6
2016,11,6
2016,11,6
2016,11,6
2016,11,6
2016,11,6
2016,11,6
2016,11,6
2016,11,6
2016,11,6
2016,11,6
2016,11,6
2016,11,6
2016,11,6
2016,11,6
2016,11,6
2016,11,6
2016,11,6
2016,11,6
2016,11,6
2016,11,6
2016,11,6
2016,11,6
2016,11,6
2016,11,6
2016,11,6
2016,11,6
2016,11,6
2016,11,6
2016,11,6
2016,11,6
2016,11,6
2016,11,6
2016,11,6
2016,11,6
2016,11,6
2016,11,6
2016,11,6
2016,11,6
2016,11,6
2016,11,6
2016,11,6
2016,11,6
2016,11,6
2016,11,6
2016,11,6
2016,11,6
2016,11,6
2016,11,6
2016,11,6
2016,11,6
2016,11,6
2016,11,6
2016,11,6
2016,11,6
2016,11,6
2016,11,6
2016,11,6
2016,11,6
2016,11,6
2016,11,6
2016,11,6
2016,11,6
2016,11,6
2016,11,6
2016,11,6
2016,11,6
2016,11,6
2016,11,6
2016,11,6
2016,11,6
2016,11,6
2016,11,6
2016,11,6
2016,11,6
2016,11,6
2016,11,6
2016,11,6
2016,11,6
2016,11,6
2016,11,6
2016,11,6
2016,11,6
2016,11,6
2016,11,6
2016,11,6
2016,11,6
2016,11,6
2016,11,6
2016,11,6
2016,11,6
2016,11,6
2016,11,6
2016,11,6
2016,11,6
2016,11,6
2016,11,6
2016,11,6
2016,11,6
2016,11,6
2016,11,6
2016,11,6
2016,11,6
2016,11,6
2016,11,6
2016,11,6
2016,11,6
2016,11,6
2016,11,6
2016,11,6
2016,11,6
2016,11,6
2016,11,6
2016,11,6
2016,11,6
2016,11,6
2016,11,6
2016,11,6
2016,11,6
2016,11,6
2016,11,6
2016,11,6
2016,11,6
2016,11,6
2016,11,6
2016,11,6
2016,11,6
2016,11,6
2016,11,6
2016,11,6
2016,11,6
2016,11,6
2016,11,6
2016,11,6
2016,11,6
2016,11,6
2016,11,6
2016,11,6
2016,11,6
2016,11,6
2016,11,6
2016,11,6
2016,11,6
2016,11,6
2016,11,6
2016,11,6
2016,11,6
2016,11,6
2016,11,6
2016,11,6
2016,11,6
2016,11,6
2016,11,6
2016,11,6
2016,11,6
2016,11,6
2016,11,6
2016,11,6
2016,11,6
2016,11,6
2016,11,6
2016,11,6
2016,11,6
2016,11,6
2016,11,6
2016,11,6
2016,11,6
2016,11,6
2016,11,6
2016,11,6
2016,11,6
2016,11,6
2016,11,6
2016,11,6
2016,11,6
2016,11,6
2016,11,6
2016,11,6
2016,11,6
2016,11,6
2016,11,6
2016,11,6
2016,11,6
2016,11,6
2016,11,6
2016,11,6
2016,11,6
2016,11,6
2016,11,6
2016,11,6
2016,11,6
2016,11,6
2016,11,6
2016,11,6
2016,11,6
2016,11,6
2016,11,6
2016,11,6
2016,11,6
2016,11,6
2016,11,6
2016,11,6
2016,11,6
2016,11,6
2016,11,6
2016,11,6
2016,11,6
2016,11,6
2016,11,6
2016,11,6
2016,11,6
2016,11,6
2016,11,6
2016,11,6
2016,11,6
2016,11,6
2016,11,6
2016,11,6
2016,11,6
2016,11,6
2016,11,6
2016,11,6
2016,11,6
2016,11,6
2016,11,6
2016,11,6
2016,11,6
2016,11,6
2016,11,6
2016,11,6
2016,11,6
2016,11,6
2016,11,6
2016,11,6
2016,11,6
2016,11,6
2016,11,6
2016,11,6
2016,11,6
2016,11,6
2016,11,6
2016,11,6
2016,11,6
2016,11,6
2016,11,6
2016,11,6
2016,11,6
2016,11,6
2016,11,6
2016,11,6
2016,11,6
2016,11,6
2016,11,6
2016,11,6
2016,11,6
2016,11,6
2016,11,6
2016,11,6
2016,11,6
2016,11,6
2016,11,6
2016,11,6
2016,11,6
2016,11,6
2016,11,6
2016,11,6
2016,11,6
2016,11,6
2016,11,6
2016,11,6
2016,11,6
2016,11,6
2016,11,6
2016,11,6
2016,11,6
2016,11,6
2016,11,6
2016,11,6
2016,11,6
2016,11,6
2016,11,6
2016,11,6
2016,11,6
2016,11,6
2016,11,6
2016,11,6
2016,11,6
2016,11,6
2016,11,6
2016,11,6
2016,11,6
2016,11,6
2016,11,6
2016,11,6
2016,11,6
2016,11,6
2016,11,6
2016,11,6
2016,11,6
2016,11,6
2016,11,6
2016,11,6
2016,11,6
2016,11,6
2016,11,6
2016,11,6
2016,11,6
2016,11,6
2016,11,6
2016,11,6
2016,11,6
2016,11,6
2016,11,6
2016,11,6
2016,11,6
2016,11,6
2016,11,6
2016,11,6
2016,11,6
2016,11,6
2016,11,6
2016,11,6
2016,11,6
2016,11,6
2016,11,6
2016,11,6
2016,11,6
2016,11,6
2016,11,6
2016,11,6
2016,11,6
2016,11,6
2016,11,6
2016,11,6
2016,11,6
2016,11,6
2016,11,6
2016,11,6
2016,11,6
2016,11,6
2016,11,6
2016,11,6
2016,11,6
2016,11,6
2016,11,6
2016,11,6
2016,11,6
2016,11,6
2016,11,6
2016,11,6
2016,11,6
2016,11,6
2016,11,6
2016,11,6
2016,11,6
2016,11,6
2016,11,6
2016,11,6
2016,11,6
2016,11,6
2016,11,6
2016,11,6
2016,11,6
2016,11,6
2016,11,6
2016,11,6
2016,11,6
2016,11,6
2016,11,6
2016,11,6
2016,11,6
2016,11,6
2016,11,6
2016,11,6
2016,11,6
2016,11,6
2016,11,6
2016,11,6
2016,11,6
2016,11,6
2016,11,6
2016,11,6
2016,11,6
2016,11,6
2016,11,6
2016,11,6
2016,11,6
2016,11,6
2016,11,6
2016,11,6
2016,11,6
2016,11,6
2016,11,6
2016,11,6
2016,11,6
2016,11,6
2016,11,6
2016,11,6
2016,11,6
2016,11,6
2016,11,6
2016,11,6
2016,11,6
2016,11,6
2016,11,6
2016,11,6
2016,11,6
2016,11,6
2016,11,6
2016,11,6
2016,11,6
2016,11,6
2016,11,6
2016,11,6
2016,11,6
2016,11,6
2016,11,6
2016,11,6
2016,11,6
2016,11,6
2016,11,6
2016,11,6
2016,11,6
2016,11,6
2016,11,6
2016,11,6
2016,11,6
2016,11,6
2016,11,6
2016,11,6
2016,11,6
2016,11,6
2016,11,6
2016,11,6
2016,11,6
2016,11,6
2016,11,6
2016,11,6
2016,11,6
2016,11,6
2016,11,6
2016,11,6
2016,11,6
2016,11,6
2016,11,6
2016,11,6
2016,11,6
2016,11,6
2016,11,6
2016,11,6
2016,11,6
2016,11,6
2016,11,6
2016,11,6
2016,11,6
2016,11,6
2016,11,6
2016,11,6
2016,11,6
2016,11,6
2016,11,6
2016,11,6
2016,11,6
2016,11,6
2016,11,6
2016,11,6
2016,11,6
2016,11,6
2016,11,6
2016,11,6
2016,11,6
2016,11,6
2016,11,6
2016,11,6
2016,11,6
2016,11,6
2016,11,6
2016,11,6
2016,11,6
2016,11,6
2016,11,6
2016,11,6
2016,11,6
2016,11,6
2016,11,6
2016,11,6
2016,11,6
2016,11,6
2016,11,6
2016,11,6
2016,11,6
2016,11,6
2016,11,6
2016,11,6
2016,11,6
2016,11,6
2016,11,6
2016,11,6
2016,11,6
2016,11,6
2016,11,6
2016,11,6
2016,11,6
2016,11,6
2016,11,6
2016,11,6
2016,11,6
2016,11,6
2016,11,6
2016,11,6
2016,11,6
2016,11,6
2016,11,6
2016,11,6
2016,11,6
2016,11,6
2016,11,6
2016,11,6
2016,11,6
2016,11,6
2016,11,6
2016,11,6
2016,11,6
2016,11,6
2016,11,6
2016,11,6
2016,11,6
2016,11,6
2016,11,6
2016,11,6
2016,11,6
2016,11,6
2016,11,6
2016,11,6
2016,11,6
2016,11,6
2016,11,6
2016,11,6
2016,11,6
2016,11,6
2016,11,6
2016,11,6
2016,11,6
2016,11,6
2016,11,6
2016,11,6
2016,11,6
2016,11,6
2016,11,6
2016,11,6
2016,11,6
2016,11,6
2016,11,6
2016,11,6
2016,11,6
2016,11,6
2016,11,6
2016,11,6
2016,11,6
2016,11,6
2016,11,6
2016,11,6
2016,11,6
2016,11,6
2016,11,6
2016,11,6
2016,11,6
2016,11,6
2016,11,6
2016,11,6
2016,11,6
2016,11,6
2016,11,6
2016,11,6
2016,11,6
2016,11,6
2016,11,6
2016,11,6
2016,11,6
2016,11,6
2016,11,6
2016,11,6
2016,11,6
2016,11,6
2016,11,6
2016,11,6
2016,11,6
2016,11,6
2016,11,6
2016,11,6
2016,11,6
2016,11,6
2016,11,6
2016,11,6
2016,11,6
2016,11,6
2016,11,6
2016,11,6
2016,11,6
2016,11,6
2016,11,6
2016,11,6
2016,11,6
2016,11,6
2016,11,6
2016,11,6
2016,11,6
2016,11,6
2016,11,6
2016,11,6
2016,11,6
2016,11,6
2016,11,6
2016,11,6
2016,11,6
2016,11,6
2016,11,6
2016,11,6
2016,11,6
2016,11,6
2016,11,6
2016,11,6
2016,11,6
2016,11,6
2016,11,6
2016,11,6
2016,11,6
2016,11,6
2016,11,6
2016,11,6
2016,11,6
2016,11,6
2016,11,6
2016,11,6
2016,11,6
2016,11,6
2016,11,6
2016,11,6
2016,11,6
2016,11,6
2016,11,6
2016,11,6
2016,11,6
2016,11,6
2016,11,6
2016,11,6
2016,11,6
2016,11,6
2016,11,6
2016,11,6
2016,11,6
2016,11,6
2016,11,6
2016,11,6
2016,11,6
2016,11,6
2016,11,6
2016,11,6
2016,11,6
2016,11,6
2016,11,6
2016,11,6
2016,11,6
2016,11,6
2016,11,6
2016,11,6
2016,11,6
2016,11,6
2016,11,6
2016,11,6
2016,11,6
2016,11,6
2016,11,6
2016,11,6
2016,11,6
2016,11,6
2016,11,6
2016,11,6
2016,11,6
2016,11,6
2016,11,6
2016,11,6
2016,11,6
2016,11,6
2016,11,6
2016,11,6
2016,11,6
2016,11,6
2016,11,6
2016,11,6
2016,11,6
2016,11,6
2016,11,6
2016,11,6
2016,11,6
2016,11,6
2016,11,6
2016,11,6
2016,11,6
2016,11,6
2016,11,6
2016,11,6
2016,11,6
2016,11,6
2016,11,6
2016,11,6
2016,11,6
2016,11,6
2016,11,6
2016,11,6
2016,11,6
2016,11,6
2016,11,6
2016,11,6
2016,11,6
2016,11,6
2016,11,6
2016,11,6
2016,11,6
2016,11,6
2016,11,6
2016,11,6
2016,11,6
2016,11,6
2016,11,6
2016,11,6
2016,11,6
2016,11,6
2016,11,6
2016,11,6
2016,11,6
2016,11,6
2016,11,6
2016,11,6
2016,11,6
2016,11,6
2016,11,6
2016,11,6
2016,11,6
2016,11,6
2016,11,6
2016,11,6
2016,11,6
2016,11,6
2016,11,6
2016,11,6
2016,11,6
2016,11,6
2016,11,6
2016,11,6
2016,11,6
2016,11,6
2016,11,6
2016,11,6
2016,11,6
2016,11,6
2016,11,6
2016,11,6
2016,11,6
2016,11,6
2016,11,6
2016,11,6
2016,11,6
2016,11,6
2016,11,6
2016,11,6
2016,11,6
2016,11,6
2016,11,6
2016,11,6
2016,11,6
2016,11,6
2016,11,6
2016,11,6
2016,11,6
2016,11,6
2016,11,6
2016,11,6
2016,11,6
2016,11,6
2016,11,6
2016,11,6
2016,11,6
2016,11,6
2016,11,6
2016,11,6
2016,11,6
2016,11,6
2016,11,6
2016,11,6
2016,11,6
2016,11,6
2016,11,6
2016,11,6
2016,11,6
2016,11,6
2016,11,6
2016,11,6
2016,11,6
2016,11,6
2016,11,6
2016,11,6
2016,11,6
2016,11,6
2016,11,6
2016,11,6
2016,11,6
2016,11,6
2016,11,6
2016,11,6
2016,11,6
2016,11,6
2016,11,6
2016,11,6
2016,11,6
2016,11,6
2016,11,6
2016,11,6
2016,11,6
2016,11,6
2016,11,6
2016,11,6
2016,11,6
2016,11,6
2016,11,6
2016,11,6
2016,11,6
2016,11,6
2016,11,6
2016,11,6
2016,11,6
2016,11,6
2016,11,6
2016,11,6
2016,11,6
2016,11,6
2016,11,6
2016,11,6
2016,11,6
2016,11,6
2016,11,6
2016,11,6
2016,11,6
2016,11,6
2016,11,6
2016,11,6
2016,11,6
2016,11,6
2016,11,6
2016,11,6
2016,11,6
2016,11,6
2016,11,6
2016,11,6
2016,11,6
2016,11,6
2016,11,6
2016,11,6
2016,11,6
2016,11,6
2016,11,6
2016,11,6
2016,11,6
2016,11,6
2016,11,6
2016,11,6
2016,11,6
2016,11,6
2016,11,6
2016,11,6
2016,11,6
2016,11,6
2016,11,6
2016,11,6
2016,11,6
2016,11,6
2016,11,6
2016,11,6
2016,11,6
2016,11,6
2016,11,6
2016,11,6
2016,11,6
2016,11,6
2016,11,6
2016,11,6
2016,11,6
2016,11,6
2016,11,6
2016,11,6
2016,11,6
2016,11,6
2016,11,6
2016,11,6
2016,11,6
2016,11,6
2016,11,6
2016,11,6
2016,11,6
2016,11,6
2016,11,6
2016,11,6
2016,11,6
2016,11,6
2016,11,6
2016,11,6
2016,11,6
2016,11,6
2016,11,6
2016,11,6
2016,11,6
2016,11,6
2016,11,6
2016,11,6
2016,11,6
2016,11,6
2016,11,6
2016,11,6
2016,11,6
2016,11,6
2016,11,6
2016,11,6
2016,11,6
2016,11,6
2016,11,6
2016,11,6
2016,11,6
2016,11,6
2016,11,6
2016,11,6
2016,11,6
2016,11,6
2016,11,6
2016,11,6
2016,11,6
2016,11,6
2016,11,6
2016,11,6
2016,11,6
2016,11,6
2016,11,6
2016,11,6
2016,11,6
2016,11,6
2016,11,6
2016,11,6
2016,11,6
2016,11,6
2016,11,6
2016,11,6
2016,11,6
2016,11,6
2016,11,6
2016,11,6
2016,11,6
2016,11,6
2016,11,6
2016,11,6
2016,11,6
2016,11,6
2016,11,6
2016,11,6
2016,11,6
2016,11,6
2016,11,6
2016,11,6
2016,11,6
2016,11,6
2016,11,6
2016,11,6
2016,11,6
2016,11,6
2016,11,6
2016,11,6
2016,11,6
2016,11,6
2016,11,6
2016,11,6
2016,11,6
2016,11,6
2016,11,6
2016,11,6
2016,11,6
2016,11,6
2016,11,6
2016,11,6
2016,11,6
2016,11,6
2016,11,6
2016,11,6
2016,11,6
2016,11,6
2016,11,6
2016,11,6
2016,11,6
2016,11,6
2016,11,6
2016,11,6
2016,11,6
2016,11,6
2016,11,6
2016,11,6
2016,11,6
2016,11,6
2016,11,6
2016,11,6
2016,11,6
2016,11,6
2016,11,6
2016,11,6
2016,11,6
2016,11,6
2016,11,6
2016,11,6
2016,11,6
2016,11,6
2016,11,6
2016,11,6
2016,11,6
2016,11,6
2016,11,6
2016,11,6
2016,11,6
2016,11,6
2016,11,6
2016,11,6
2016,11,6
2016,11,6
2016,11,6
2016,11,6
2016,11,6
2016,11,6
2016,11,6
2016,11,6
2016,11,6
2016,11,6
2016,11,6
2016,11,6
2016,11,6
2016,11,6
2016,11,6
2016,11,6
2016,11,6
2016,11,6
2016,11,6
2016,11,6
2016,11,6
2016,11,6
2016,11,6
2016,11,6
2016,11,6
2016,11,6
2016,11,6
2016,11,6
2016,11,6
2016,11,6
2016,11,6
2016,11,6
2016,11,6
2016,11,6
2016,11,6
2016,11,6
2016,11,6
2016,11,6
2016,11,6
2016,11,6
2016,11,6
2016,11,6
2016,11,6
2016,11,6
2016,11,6
2016,11,6
2016,11,6
2016,11,6
2016,11,6
2016,11,6
2016,11,6
2016,11,6
2016,11,6
2016,11,6
2016,11,6
2016,11,6
2016,11,6
2016,11,6
2016,11,6
2016,11,6
2016,11,6
2016,11,6
2016,11,6
2016,11,6
2016,11,6
2016,11,6
2016,11,6
2016,11,6
2016,11,6
2016,11,6
2016,11,6
2016,11,6
2016,11,6
2016,11,6
2016,11,6
2016,11,6
2016,11,6
2016,11,6
2016,11,6
2016,11,6
2016,11,6
2016,11,6
2016,11,6
2016,11,6
2016,11,6
2016,11,6
2016,11,6
2016,11,6
2016,11,6
2016,11,6
2016,11,6
2016,11,6
2016,11,6
2016,11,6
2016,11,6
2016,11,6
2016,11,6
2016,11,6
2016,11,6
2016,11,6
2016,11,6
2016,11,6
2016,11,6
2016,11,6
2016,11,6
2016,11,6
2016,11,6
2016,11,6
2016,11,6
2016,11,6
2016,11,6
2016,11,6
2016,11,6
2016,11,6
2016,11,6
2016,11,6
2016,11,6
2016,11,6
2016,11,6
2016,11,6
2016,11,6
2016,11,6
2016,11,6
2016,11,6
2016,11,6
2016,11,6
2016,11,6
2016,11,6
2016,11,6
2016,11,6
2016,11,6
2016,11,6
2016,11,6
2016,11,6
2016,11,6
2016,11,6
2016,11,6
2016,11,6
2016,11,6
2016,11,6
2016,11,6
2016,11,6
2016,11,6
2016,11,6
2016,11,6
2016,11,6
2016,11,6
2016,11,6
2016,11,6
2016,11,6
2016,11,6
2016,11,6
2016,11,6
2016,11,6
2016,11,6
2016,11,6
2016,11,6
2016,11,6
2016,11,6
2016,11,6
2016,11,6
2016,11,6
2016,11,6
2016,11,6
2016,11,6
2016,11,6
2016,11,6
2016,11,6
2016,11,6
2016,11,6
2016,11,6
2016,11,6
2016,11,6
2016,11,6
2016,11,6
2016,11,6
2016,11,6
2016,11,6
2016,11,6
2016,11,6
2016,11,6
2016,11,6
2016,11,6
2016,11,6
2016,11,6
2016,11,6
2016,11,6
2016,11,6
2016,11,6
2016,11,6
2016,11,6
2016,11,6
2016,11,6
2016,11,6
2016,11,6
2016,11,6
2016,11,6
2016,11,6
2016,11,6
2016,11,6
2016,11,6
2016,11,6
2016,11,6
2016,11,6
2016,11,6
2016,11,6
2016,11,6
2016,11,6
2016,11,6
2016,11,6
2016,11,6
2016,11,6
2016,11,6
2016,11,6
2016,11,6
2016,11,6
2016,11,6
2016,11,6
2016,11,6
2016,11,6
2016,11,6
2016,11,6
2016,11,6
2016,11,6
2016,11,6
2016,11,6
2016,11,6
2016,11,6
2016,11,6
2016,11,6
2016,11,6
2016,11,6
2016,11,6
2016,11,6
2016,11,6
2016,11,6
2016,11,6
2016,11,6
2016,11,6
2016,11,6
2016,11,6
2016,11,6
2016,11,6
2016,11,6
2016,11,6
2016,11,6
2016,11,6
2016,11,6
2016,11,6
2016,11,6
2016,11,6
2016,11,6
2016,11,6
2016,11,6
2016,11,6
2016,11,6
2016,11,6
2016,11,6
2016,11,6
2016,11,6
2016,11,6
2016,11,6
2016,11,6
2016,11,6
2016,11,6
2016,11,6
2016,11,6
2016,11,6
2016,11,6
2016,11,6
2016,11,6
2016,11,6
2016,11,6
2016,11,6
2016,11,6
2016,11,6
2016,11,6
2016,11,6
2016,11,6
2016,11,6
2016,11,6
2016,11,6
2016,11,6
2016,11,6
2016,11,6
2016,11,6
2016,11,6
2016,11,6
2016,11,6
2016,11,6
2016,11,6
2016,11,6
2016,11,6
2016,11,6
2016,11,6
2016,11,6
2016,11,6
2016,11,6
2016,11,6
2016,11,6
2016,11,6
2016,11,6
2016,11,6
2016,11,6
2016,11,6
2016,11,6
2016,11,6
2016,11,6
2016,11,6
2016,11,6
2016,11,6
2016,11,6
2016,11,6
2016,11,6
2016,11,6
2016,11,6
2016,11,6
2016,11,6
2016,11,6
2016,11,6
2016,11,6
2016,11,6
2016,11,6
2016,11,6
2016,11,6
2016,11,6
2016,11,6
2016,11,6
2016,11,6
2016,11,6
2016,11,6
2016,11,6
2016,11,6
2016,11,6
2016,11,6
2016,11,6
2016,11,6
2016,11,6
2016,11,6
2016,11,6
2016,11,6
2016,11,6
2016,11,6
2016,11,6
2016,11,6
2016,11,6
2016,11,6
2016,11,6
2016,11,6
2016,11,6
2016,11,6
2016,11,6
2016,11,6
2016,11,6
2016,11,6
2016,11,6
2016,11,6
2016,11,6
2016,11,6
2016,11,6
2016,11,6
2016,11,6
2016,11,6
2016,11,6
2016,11,6
2016,11,6
2016,11,6
2016,11,6
2016,11,6
2016,11,6
2016,11,6
2016,11,6
2016,11,6
2016,11,6
2016,11,6
2016,11,6
2016,11,6
2016,11,6
2016,11,6
2016,11,6
2016,11,6
2016,11,6
2016,11,6
2016,11,6
2016,11,6
2016,11,6
2016,11,6
2016,11,6
2016,11,6
2016,11,6
2016,11,6
2016,11,6
2016,11,6
2016,11,6
2016,11,6
2016,11,6
2016,11,6
2016,11,6
2016,11,6
2016,11,6
2016,11,6
2016,11,6
2016,11,6
2016,11,6
2016,11,6
2016,11,6
2016,11,6
2016,11,6
2016,11,6
2016,11,6
2016,11,6
2016,11,6
2016,11,6
2016,11,6
2016,11,6
2016,11,6
2016,11,6
2016,11,6
2016,11,6
2016,11,6
2016,11,6
2016,11,6
2016,11,6
2016,11,6
2016,11,6
2016,11,6
2016,11,6
2016,11,6
2016,11,6
2016,11,6
2016,11,6
2016,11,6
2016,11,6
2016,11,6
2016,11,6
2016,11,6
2016,11,6
2016,11,6
2016,11,6
2016,11,6
2016,11,6
2016,11,6
2016,11,6
2016,11,6
2016,11,6
2016,11,6
2016,11,6
2016,11,6
2016,11,6
2016,11,6
2016,11,6
2016,11,6
2016,11,6
2016,11,6
2016,11,6
2016,11,6
2016,11,6
2016,11,6
2016,11,6
2016,11,6
2016,11,6
2016,11,6
2016,11,6
2016,11,6
2016,11,6
2016,11,6
2016,11,6
2016,11,6
2016,11,6
2016,11,6
2016,11,6
2016,11,6
2016,11,6
2016,11,6
2016,11,6
2016,11,6
2016,11,6
2016,11,6
2016,11,6
2016,11,6
2016,11,6
2016,11,6
2016,11,6
2016,11,6
2016,11,6
2016,11,6
2016,11,6
2016,11,6
2016,11,6
2016,11,6
2016,11,6
2016,11,6
2016,11,6
2016,11,6
2016,11,6
2016,11,6
2016,11,6
2016,11,6
2016,11,6
2016,11,6
2016,11,6
2016,11,6
2016,11,6
2016,11,6
2016,11,6
2016,11,6
2016,11,6
2016,11,6
2016,11,6
2016,11,6
2016,11,6
2016,11,6
2016,11,6
2016,11,6
2016,11,6
2016,11,6
2016,11,6
2016,11,6
2016,11,6
2016,11,6
2016,11,6
2016,11,6
2016,11,6
2016,11,6
2016,11,6
2016,11,6
2016,11,6
2016,11,6
2016,11,6
2016,11,6
2016,11,6
2016,11,6
2016,11,6
2016,11,6
2016,11,6
2016,11,6
2016,11,6
2016,11,6
2016,11,6
2016,11,6
2016,11,6
2016,11,6
2016,11,6
2016,11,6
2016,11,6
2016,11,6
2016,11,6
2016,11,6
2016,11,6
2016,11,6
2016,11,6
2016,11,6
2016,11,6
2016,11,6
2016,11,6
2016,11,6
2016,11,6
2016,11,6
2016,11,6
2016,11,6
2016,11,6
2016,11,6
2016,11,6
2016,11,6
2016,11,6
2016,11,6
2016,11,6
2016,11,6
2016,11,6
2016,11,6
2016,11,6
2016,11,6
2016,11,6
2016,11,6
2016,11,6
2016,11,6
2016,11,6
2016,11,6
2016,11,6
2016,11,6
2016,11,6
2016,11,6
2016,11,6
2016,11,6
2016,11,6
2016,11,6
2016,11,6
2016,11,6
2016,11,6
2016,11,6
2016,11,6
2016,11,6
2016,11,6
2016,11,6
2016,11,6
2016,11,6
2016,11,6
2016,11,6
2016,11,6
2016,11,6
2016,11,6
2016,11,6
2016,11,6
2016,11,6
2016,11,6
2016,11,6
2016,11,6
2016,11,6
2016,11,6
2016,11,6
2016,11,6
2016,11,6
2016,11,6
2016,11,6
2016,11,6
2016,11,6
2016,11,6
2016,11,6
2016,11,6
2016,11,6
2016,11,6
2016,11,6
2016,11,6
2016,11,6
2016,11,6
2016,11,6
2016,11,6
2016,11,6
2016,11,6
2016,11,6
2016,11,6
2016,11,6
2016,11,6
2016,11,6
2016,11,6
2016,11,6
2016,11,6
2016,11,6
2016,11,6
2016,11,6
2016,11,6
2016,11,6
2016,11,6
2016,11,6
2016,11,6
2016,11,6
2016,11,6
2016,11,6
2016,11,6
2016,11,6
2016,11,6
2016,11,6
2016,11,6
2016,11,6
2016,11,6
2016,11,6
2016,11,6
2016,11,6
2016,11,6
2016,11,6
2016,11,6
2016,11,6
2016,11,6
2016,11,6
2016,11,6
2016,11,6
2016,11,6
2016,11,6
2016,11,6
2016,11,6
2016,11,6
2016,11,6
2016,11,6
2016,11,6
2016,11,6
2016,11,6
2016,11,6
2016,11,6
2016,11,6
2016,11,6
2016,11,6
2016,11,6
2016,11,6
2016,11,6
2016,11,6
2016,11,6
2016,11,6
2016,11,6
2016,11,6
2016,11,6
2016,11,6
2016,11,6
2016,11,6
2016,11,6
2016,11,6
2016,11,6
2016,11,6
2016,11,6
2016,11,6
2016,11,6
2016,11,6
2016,11,6
2016,11,6
2016,11,6
2016,11,6
2016,11,6
2016,11,6
2016,11,6
2016,11,6
2016,11,6
2016,11,6
2016,11,6
2016,11,6
2016,11,6
2016,11,6
2016,11,6
2016,11,6
2016,11,6
2016,11,6
2016,11,6
2016,11,6
2016,11,6
2016,11,6
2016,11,6
2016,11,6
2016,11,6
2016,11,6
2016,11,6
2016,11,6
2016,11,6
2016,11,6
2016,11,6
2016,11,6
2016,11,6
2016,11,6
2016,11,6
2016,11,6
2016,11,6
2016,11,6
2016,11,6
2016,11,6
2016,11,6
2016,11,6
2016,11,6
2016,11,6
2016,11,6
2016,11,6
2016,11,6
2016,11,6
2016,11,6
2016,11,6
2016,11,6
2016,11,6
2016,11,6
2016,11,6
2016,11,6
2016,11,6
2016,11,6
2016,11,6
2016,11,6
2016,11,6
2016,11,6
2016,11,6
2016,11,6
2016,11,6
2016,11,6
2016,11,6
2016,11,6
2016,11,6
2016,11,6
2016,11,6
2016,11,6
2016,11,6
2016,11,6
2016,11,6
2016,11,6
2016,11,6
2016,11,6
2016,11,6
2016,11,6
2016,11,6
2016,11,6
2016,11,6
2016,11,6
2016,11,6
2016,11,6
2016,11,6
2016,11,6
2016,11,6
2016,11,6
2016,11,6
2016,11,6
2016,11,6
2016,11,6
2016,11,6
2016,11,6
2016,11,6
2016,11,6
2016,11,6
2016,11,6
2016,11,6
2016,11,6
2016,11,6
2016,11,6
2016,11,6
2016,11,6
2016,11,6
2016,11,6
2016,11,6
2016,11,6
2016,11,6
2016,11,6
2016,11,6
2016,11,6
2016,11,6
2016,11,6
2016,11,6
2016,11,6
2016,11,6
2016,11,6
2016,11,6
2016,11,6
2016,11,6
2016,11,6
2016,11,6
2016,11,6
2016,11,6
2016,11,6
2016,11,6
2016,11,6
2016,11,6
2016,11,6
2016,11,6
2016,11,6
2016,11,6
2016,11,6
2016,11,6
2016,11,6
2016,11,6
2016,11,6
2016,11,6
2016,11,6
2016,11,6
2016,11,6
2016,11,6
2016,11,6
2016,11,6
2016,11,6
2016,11,6
2016,11,6
2016,11,6
2016,11,6
2016,11,6
2016,11,6
2016,11,6
2016,11,6
2016,11,6
2016,11,6
2016,11,6
2016,11,6
2016,11,6
2016,11,6
2016,11,6
2016,11,6
2016,11,6
2016,11,6
2016,11,6
2016,11,6
2016,11,6
2016,11,6
2016,11,6
2016,11,6
2016,11,6
2016,11,6
2016,11,6
2016,11,6
2016,11,6
2016,11,6
2016,11,6
2016,11,6
2016,11,6
2016,11,6
2016,11,6
2016,11,6
2016,11,6
2016,11,6
2016,11,6
2016,11,6
2016,11,6
2016,11,6
2016,11,6
2016,11,6
2016,11,6
2016,11,6
2016,11,6
2016,11,6
2016,11,6
2016,11,6
2016,11,6
2016,11,6
2016,11,6
2016,11,6
2016,11,6
2016,11,6
2016,11,6
2016,11,6
2016,11,6
2016,11,6
2016,11,6
2016,11,6
2016,11,6
2016,11,6
2016,11,6
2016,11,6
2016,11,6
2016,11,6
2016,11,6
2016,11,6
2016,11,6
2016,11,6
2016,11,6
2016,11,6
2016,11,6
2016,11,6
2016,11,6
2016,11,6
2016,11,6
2016,11,6
2016,11,6
2016,11,6
2016,11,6
2016,11,6
2016,11,6
2016,11,6
2016,11,6
2016,11,6
2016,11,6
2016,11,6
2016,11,6
2016,11,6
2016,11,6
2016,11,6
2016,11,6
2016,11,6
2016,11,6
2016,11,6
2016,11,6
2016,11,6
2016,11,6
2016,11,6
2016,11,6
2016,11,6
2016,11,6
2016,11,6
2016,11,6
2016,11,6
2016,11,6
2016,11,6
2016,11,6
2016,11,6
2016,11,6
2016,11,6
2016,11,6
2016,11,6
2016,11,6
2016,11,6
2016,11,6
2016,11,6
2016,11,6
2016,11,6
2016,11,6
2016,11,6
2016,11,6
2016,11,6
2016,11,6
2016,11,6
2016,11,6
2016,11,6
2016,11,6
2016,11,6
2016,11,6
2016,11,6
2016,11,6
2016,11,6
2016,11,6
2016,11,6
2016,11,6
2016,11,6
2016,11,6
2016,11,6
2016,11,6
2016,11,6
2016,11,6
2016,11,6
2016,11,6
2016,11,6
2016,11,6
2016,11,6
2016,11,6
2016,11,6
2016,11,6
2016,11,6
2016,11,6
2016,11,6
2016,11,6
2016,11,6
2016,11,6
2016,11,6
2016,11,6
2016,11,6
2016,11,6
2016,11,6
2016,11,6
2016,11,6
2016,11,6
2016,11,6
2016,11,6
2016,11,6
2016,11,6
2016,11,6
2016,11,6
2016,11,6
2016,11,6
2016,11,6
2016,11,6
2016,11,6
2016,11,6
2016,11,6
2016,11,6
2016,11,6
2016,11,6
2016,11,6
2016,11,6
2016,11,6
2016,11,6
2016,11,6
2016,11,6
2016,11,6
2016,11,6
2016,11,6
2016,11,6
2016,11,6
2016,11,6
2016,11,6
2016,11,6
2016,11,6
2016,11,6
2016,11,6
2016,11,6
2016,11,6
2016,11,6
2016,11,6
2016,11,6
2016,11,6
2016,11,6
2016,11,6
2016,11,6
2016,11,6
2016,11,6
2016,11,6
2016,11,6
2016,11,6
2016,11,6
2016,11,6
2016,11,6
2016,11,6
2016,11,6
2016,11,6
2016,11,6
2016,11,6
2016,11,6
2016,11,6
2016,11,6
2016,11,6
2016,11,6
2016,11,6
2016,11,6
2016,11,6
2016,11,6
2016,11,6
2016,11,6
2016,11,6
2016,11,6
2016,11,6
2016,11,6
2016,11,6
2016,11,6
2016,11,6
2016,11,6
2016,11,6
2016,11,6
2016,11,6
2016,11,6
2016,11,6
2016,11,6
2016,11,6
2016,11,6
2016,11,6
2016,11,6
2016,11,6
2016,11,6
2016,11,6
2016,11,6
2016,11,6
2016,11,6
2016,11,6
2016,11,6
2016,11,6
2016,11,6
2016,11,6
2016,11,6
2016,11,6
2016,11,6
2016,11,6
2016,11,6
2016,11,6
2016,11,6
2016,11,6
2016,11,6
2016,11,6
2016,11,6
2016,11,6
2016,11,6
2016,11,6
2016,11,6
2016,11,6
2016,11,6
2016,11,6
2016,11,6
2016,11,6
2016,11,6
2016,11,6
2016,11,6
2016,11,6
2016,11,6
2016,11,6
2016,11,6
2016,11,6
2016,11,6
2016,11,6
2016,11,6
2016,11,6
2016,11,6
2016,11,6
2016,11,6
2016,11,6
2016,11,6
2016,11,6
2016,11,6
2016,11,6
2016,11,6
2016,11,6
2016,11,6
2016,11,6
2016,11,6
2016,11,6
2016,11,6
2016,11,6
2016,11,6
2016,11,6
2016,11,6
2016,11,6
2016,11,6
2016,11,6
2016,11,6
2016,11,6
2016,11,6
2016,11,6
2016,11,6
2016,11,6
2016,11,6
2016,11,6
2016,11,6
2016,11,6
2016,11,6
2016,11,6
2016,11,6
2016,11,6
2016,11,6
2016,11,6
2016,11,6
2016,11,6
2016,11,6
2016,11,6
2016,11,6
2016,11,6
2016,11,6
2016,11,6
2016,11,6
2016,11,6
2016,11,6
2016,11,6
2016,11,6
2016,11,6
2016,11,6
2016,11,6
2016,11,6
2016,11,6
2016,11,6
2016,11,6
2016,11,6
2016,11,6
2016,11,6
2016,11,6
2016,11,6
2016,11,6
2016,11,6
2016,11,6
2016,11,6
2016,11,6
2016,11,6
2016,11,6
2016,11,6
2016,11,6
2016,11,6
2016,11,6
2016,11,6
2016,11,6
2016,11,6
2016,11,6
2016,11,6
2016,11,6
2016,11,6
2016,11,6
2016,11,6
2016,11,6
2016,11,6
2016,11,6
2016,11,6
2016,11,6
2016,11,6
2016,11,6
2016,11,6
2016,11,6
2016,11,6
2016,11,6
2016,11,6
2016,11,6
2016,11,6
2016,11,6
2016,11,6
2016,11,6
2016,11,6
2016,11,6
2016,11,6
2016,11,6
2016,11,6
2016,11,6
2016,11,6
2016,11,6
2016,11,6
2016,11,6
2016,11,6
2016,11,6
2016,11,6
2016,11,6
2016,11,6
2016,11,6
2016,11,6
2016,11,6
2016,11,6
2016,11,6
2016,11,6
2016,11,6
2016,11,6
2016,11,6
2016,11,6
2016,11,6
2016,11,6
2016,11,6
2016,11,6
2016,11,6
2016,11,6
2016,11,6
2016,11,6
2016,11,6
2016,11,6
2016,11,6
2016,11,6
2016,11,6
2016,11,6
2016,11,6
2016,11,6
2016,11,6
2016,11,6
2016,11,6
2016,11,6
2016,11,6
2016,11,6
2016,11,6
2016,11,6
2016,11,6
2016,11,6
2016,11,6
2016,11,6
2016,11,6
2016,11,6
2016,11,6
2016,11,6
2016,11,6
2016,11,6
2016,11,6
2016,11,6
2016,11,6
2016,11,6
2016,11,6
2016,11,6
2016,11,6
2016,11,6
2016,11,6
2016,11,6
2016,11,6
2016,11,6
2016,11,6
2016,11,6
2016,11,6
2016,11,6
2016,11,6
2016,11,6
2016,11,6
2016,11,6
2016,11,6
2016,11,6
2016,11,6
2016,11,6
2016,11,6
2016,11,6
2016,11,6
2016,11,6
2016,11,6
2016,11,6
2016,11,6
2016,11,6
2016,11,6
2016,11,6
2016,11,6
2016,11,6
2016,11,6
2016,11,6
2016,11,6
2016,11,6
2016,11,6
2016,11,6
2016,11,6
2016,11,6
2016,11,6
2016,11,6
2016,11,6
2016,11,6
2016,11,6
2016,11,6
2016,11,6
2016,11,6
2016,11,6
2016,11,6
2016,11,6
2016,11,6
2016,11,6
2016,11,6
2016,11,6
2016,11,6
2016,11,6
2016,11,6
2016,11,6
2016,11,6
2016,11,6
2016,11,6
2016,11,6
2016,11,6
2016,11,6
2016,11,6
2016,11,6
2016,11,6
2016,11,6
2016,11,6
2016,11,6
2016,11,6
2016,11,6
2016,11,6
2016,11,6
2016,11,6
2016,11,6
2016,11,6
2016,11,6
2016,11,6
2016,11,6
2016,11,6
2016,11,6
2016,11,6
2016,11,6
2016,11,6
2016,11,6
2016,11,6
2016,11,6
2016,11,6
2016,11,6
2016,11,6
2016,11,6
2016,11,6
2016,11,6
2016,11,6
2016,11,6
2016,11,6
2016,11,6
2016,11,6
2016,11,6
2016,11,6
2016,11,6
2016,11,6
2016,11,6
2016,11,6
2016,11,6
2016,11,6
2016,11,6
2016,11,6
2016,11,6
2016,11,6
2016,11,6
2016,11,6
2016,11,6
2016,11,6
2016,11,6
2016,11,6
2016,11,6
2016,11,6
2016,11,6
2016,11,6
2016,11,6
2016,11,6
2016,11,6
2016,11,6
2016,11,6
2016,11,6
2016,11,6
2016,11,6
2016,11,6
2016,11,6
2016,11,6
2016,11,6
2016,11,6
2016,11,6
2016,11,6
2016,11,6
2016,11,6
2016,11,6
2016,11,6
2016,11,6
2016,11,6
2016,11,6
2016,11,6
2016,11,6
2016,11,6
2016,11,6
2016,11,6
2016,11,6
2016,11,6
2016,11,6
2016,11,6
2016,11,6
2016,11,6
2016,11,6
2016,11,6
2016,11,6
2016,11,6
2016,11,6
2016,11,6
2016,11,6
2016,11,6
2016,11,6
2016,11,6
2016,11,6
2016,11,6
2016,11,6
2016,11,6
2016,11,6
2016,11,6
2016,11,6
2016,11,6
2016,11,6
2016,11,6
2016,11,6
2016,11,6
2016,11,6
2016,11,6
2016,11,6
2016,11,6
2016,11,6
2016,11,6
2016,11,6
2016,11,6
2016,11,6
2016,11,6
2016,11,6
2016,11,6
2016,11,6
2016,11,6
2016,11,6
2016,11,6
2016,11,6
2016,11,6
2016,11,6
2016,11,6
2016,11,6
2016,11,6
2016,11,6
2016,11,6
2016,11,6
2016,11,6
2016,11,6
2016,11,6
2016,11,6
2016,11,6
2016,11,6
2016,11,6
2016,11,6
2016,11,6
2016,11,6
2016,11,6
2016,11,6
2016,11,6
2016,11,6
2016,11,6
2016,11,6
2016,11,6
2016,11,6
2016,11,6
2016,11,6
2016,11,6
2016,11,6
2016,11,6
2016,11,6
2016,11,6
2016,11,6
2016,11,6
2016,11,6
2016,11,6
2016,11,6
2016,11,6
2016,11,6
2016,11,6
2016,11,6
2016,11,6
2016,11,6
2016,11,6
2016,11,6
2016,11,6
2016,11,6
2016,11,6
2016,11,6
2016,11,6
2016,11,6
2016,11,6
2016,11,6
2016,11,6
2016,11,6
2016,11,6
2016,11,6
2016,11,6
2016,11,6
2016,11,6
2016,11,6
2016,11,6
2016,11,6
2016,11,6
2016,11,6
2016,11,6
2016,11,6
2016,11,6
2016,11,6
2016,11,6
2016,11,6
2016,11,6
2016,11,6
2016,11,6
2016,11,6
2016,11,6
2016,11,6
2016,11,6
2016,11,6
2016,11,6
2016,11,6
2016,11,6
2016,11,6
2016,11,6
2016,11,6
2016,11,6
2016,11,6
2016,11,6
2016,11,6
2016,11,6
2016,11,6
2016,11,6
2016,11,6
2016,11,6
2016,11,6
2016,11,6
2016,11,6
2016,11,6
2016,11,6
2016,11,6
2016,11,6
2016,11,6
2016,11,6
2016,11,6
2016,11,6
2016,11,6
2016,11,6
2016,11,6
2016,11,6
2016,11,6
2016,11,6
2016,11,6
2016,11,6
2016,11,6
2016,11,6
2016,11,6
2016,11,6
2016,11,6
2016,11,6
2016,11,6
2016,11,6
2016,11,6
2016,11,6
2016,11,6
2016,11,6
2016,11,6
2016,11,6
2016,11,6
2016,11,6
2016,11,6
2016,11,6
2016,11,6
2016,11,6
2016,11,6
2016,11,6
2016,11,6
2016,11,6
2016,11,6
2016,11,6
2016,11,6
2016,11,6
2016,11,6
2016,11,6
2016,11,6
2016,11,6
2016,11,6
2016,11,6
2016,11,6
2016,11,6
2016,11,6
2016,11,6
2016,11,6
2016,11,6
2016,11,6
2016,11,6
2016,11,6
2016,11,6
2016,11,6
2016,11,6
2016,11,6
2016,11,6
2016,11,6
2016,11,6
2016,11,6
2016,11,6
2016,11,6
2016,11,6
2016,11,6
2016,11,6
2016,11,6
2016,11,6
2016,11,6
2016,11,6
2016,11,6
2016,11,6
2016,11,6
2016,11,6
2016,11,6
2016,11,6
2016,11,6
2016,11,6
2016,11,6
2016,11,6
2016,11,6
2016,11,6
2016,11,6
2016,11,6
2016,11,6
2016,11,6
2016,11,6
2016,11,6
2016,11,6
2016,11,6
2016,11,6
2016,11,6
2016,11,6
2016,11,6
2016,11,6
2016,11,6
2016,11,6
2016,11,6
2016,11,6
2016,11,6
2016,11,6
2016,11,6
2016,11,6
2016,11,6
2016,11,6
2016,11,6
2016,11,6
2016,11,6
2016,11,6
2016,11,6
2016,11,6
2016,11,6
2016,11,6
2016,11,6
2016,11,6
2016,11,6
2016,11,6
2016,11,6
2016,11,6
2016,11,6
2016,11,6
2016,11,6
2016,11,6
2016,11,6
2016,11,6
2016,11,6
2016,11,6
2016,11,6
2016,11,6
2016,11,6
2016,11,6
2016,11,6
2016,11,6
2016,11,6
2016,11,6
2016,11,6
2016,11,6
2016,11,6
2016,11,6
2016,11,6
2016,11,6
2016,11,6
2016,11,6
2016,11,6
2016,11,6
2016,11,6
2016,11,6
2016,11,6
2016,11,6
2016,11,6
2016,11,6
2016,11,6
2016,11,6
2016,11,6
2016,11,6
2016,11,6
2016,11,6
2016,11,6
2016,11,6
2016,11,6
2016,11,6
2016,11,6
2016,11,6
2016,11,6
2016,11,6
2016,11,6
2016,11,6
2016,11,6
2016,11,6
2016,11,6
2016,11,6
2016,11,6
2016,11,6
2016,11,6
2016,11,6
2016,11,6
2016,11,6
2016,11,6
2016,11,6
2016,11,6
2016,11,6
2016,11,6
2016,11,6
2016,11,6
2016,11,6
2016,11,6
2016,11,6
2016,11,6
2016,11,6
2016,11,6
2016,11,6
2016,11,6
2016,11,6
2016,11,6
2016,11,6
2016,11,6
2016,11,6
2016,11,6
2016,11,6
2016,11,6
2016,11,6
2016,11,6
2016,11,6
2016,11,6
2016,11,6
2016,11,6
2016,11,6
2016,11,6
2016,11,6
2016,11,6
2016,11,6
2016,11,6
2016,11,6
2016,11,6
2016,11,6
2016,11,6
2016,11,6
2016,11,6
2016,11,6
2016,11,6
2016,11,6
2016,11,6
2016,11,6
2016,11,6
2016,11,6
2016,11,6
2016,11,6
2016,11,6
2016,11,6
2016,11,6
2016,11,6
2016,11,6
2016,11,6
2016,11,6
2016,11,6
2016,11,6
2016,11,6
2016,11,6
2016,11,6
2016,11,6
2016,11,6
2016,11,6
2016,11,6
2016,11,6
2016,11,6
2016,11,6
2016,11,6
2016,11,6
2016,11,6
2016,11,6
2016,11,6
2016,11,6
2016,11,6
2016,11,6
2016,11,6
2016,11,6
2016,11,6
2016,11,6
2016,11,6
2016,11,6
2016,11,6
2016,11,6
2016,11,6
2016,11,6
2016,11,6
2016,11,6
2016,11,6
2016,11,6
2016,11,6
2016,11,6
2016,11,6
2016,11,6
2016,11,6
2016,11,6
2016,11,6
2016,11,6
2016,11,6
2016,11,6
2016,11,6
2016,11,6
2016,11,6
2016,11,6
2016,11,6
2016,11,6
2016,11,6
2016,11,6
2016,11,6
2016,11,6
2016,11,6
2016,11,6
2016,11,6
2016,11,6
2016,11,6
2016,11,6
2016,11,6
2016,11,6
2016,11,6
2016,11,6
2016,11,6
2016,11,6
2016,11,6
2016,11,6
2016,11,6
2016,11,6
2016,11,6
2016,11,6
2016,11,6
2016,11,6
2016,11,6
2016,11,6
2016,11,6
2016,11,6
2016,11,6
2016,11,6
2016,11,6
2016,11,6
2016,11,6
2016,11,6
2016,11,6
2016,11,6
2016,11,6
2016,11,6
2016,11,6
2016,11,6
2016,11,6
2016,11,6
2016,11,6
2016,11,6
2016,11,6
2016,11,6
2016,11,6
2016,11,6
2016,11,6
2016,11,6
2016,11,6
2016,11,6
2016,11,6
2016,11,6
2016,11,6
2016,11,6
2016,11,6
2016,11,6
2016,11,6
2016,11,6
2016,11,6
2016,11,6
2016,11,6
2016,11,6
2016,11,6
2016,11,6
2016,11,6
2016,11,6
2016,11,6
2016,11,6
2016,11,6
2016,11,6
2016,11,6
2016,11,6
2016,11,6
2016,11,6
2016,11,6
2016,11,6
2016,11,6
2016,11,6
2016,11,6
2016,11,6
2016,11,6
2016,11,6
2016,11,6
2016,11,6
2016,11,6
2016,11,6
2016,11,6
2016,11,6
2016,11,6
2016,11,6
2016,11,6
2016,11,6
2016,11,6
2016,11,6
2016,11,6
2016,11,6
2016,11,6
2016,11,6
2016,11,6
2016,11,6
2016,11,6
2016,11,6
2016,11,6
2016,11,6
2016,11,6
2016,11,6
2016,11,6
2016,11,6
2016,11,6
2016,11,6
2016,11,6
2016,11,6
2016,11,6
2016,11,6
2016,11,6
2016,11,6
2016,11,6
2016,11,6
2016,11,6
2016,11,6
2016,11,6
2016,11,6
2016,11,6
2016,11,6
2016,11,6
2016,11,6
2016,11,6
2016,11,6
2016,11,6
2016,11,6
2016,11,6
2016,11,6
2016,11,6
2016,11,6
2016,11,6
2016,11,6
2016,11,6
2016,11,6
2016,11,6
2016,11,6
2016,11,6
2016,11,6
2016,11,6
2016,11,6
2016,11,6
2016,11,6
2016,11,6
2016,11,6
2016,11,6
2016,11,6
2016,11,6
2016,11,6
2016,11,6
2016,11,6
2016,11,6
2016,11,6
2016,11,6
2016,11,6
2016,11,6
2016,11,6
2016,11,6
2016,11,6
2016,11,6
2016,11,6
2016,11,6
2016,11,6
2016,11,6
2016,11,6
2016,11,6
2016,11,6
2016,11,6
2016,11,6
2016,11,6
2016,11,6
2016,11,6
2016,11,6
2016,11,6
2016,11,6
2016,11,6
2016,11,6
2016,11,6
2016,11,6
2016,11,6
2016,11,6
2016,11,6
2016,11,6
2016,11,6
2016,11,6
2016,11,6
2016,11,6
2016,11,6
2016,11,6
2016,11,6
2016,11,6
2016,11,6
2016,11,6
2016,11,6
2016,11,6
2016,11,6
2016,11,6
2016,11,6
2016,11,6
2016,11,6
2016,11,6
2016,11,6
2016,11,6
2016,11,6
2016,11,6
2016,11,6
2016,11,6
2016,11,6
2016,11,6
2016,11,6
2016,11,6
2016,11,6
2016,11,6
2016,11,6
2016,11,6
2016,11,6
2016,11,6
2016,11,6
2016,11,6
2016,11,6
2016,11,6
2016,11,6
2016,11,6
2016,11,6
2016,11,6
2016,11,6
2016,11,6
2016,11,6
2016,11,6
2016,11,6
2016,11,6
2016,11,6
2016,11,6
2016,11,6
2016,11,6
2016,11,6
2016,11,6
2016,11,6
2016,11,6
2016,11,6
2016,11,6
2016,11,6
2016,11,6
2016,11,6
2016,11,6
2016,11,6
2016,11,6
2016,11,6
2016,11,6
2016,11,6
2016,11,6
2016,11,6
2016,11,6
2016,11,6
2016,11,6
2016,11,6
2016,11,6
2016,11,6
2016,11,6
2016,11,6
2016,11,6
2016,11,6
2016,11,6
2016,11,6
2016,11,6
2016,11,6
2016,11,6
2016,11,6
2016,11,6
2016,11,6
2016,11,6
2016,11,6
2016,11,6
2016,11,6
2016,11,6
2016,11,6
2016,11,6
2016,11,6
2016,11,6
2016,11,6
2016,11,6
2016,11,6
2016,11,6
2016,11,6
2016,11,6
2016,11,6
2016,11,6
2016,11,6
2016,11,6
2016,11,6
2016,11,6
2016,11,6
2016,11,6
2016,11,6
2016,11,6
2016,11,6
2016,11,6
2016,11,6
2016,11,6
2016,11,6
2016,11,6
2016,11,6
2016,11,6
2016,11,6
2016,11,6
2016,11,6
2016,11,6
2016,11,6
2016,11,6
2016,11,6
2016,11,6
2016,11,6
2016,11,6
2016,11,6
2016,11,6
2016,11,6
2016,11,6
2016,11,6
2016,11,6
2016,11,6
2016,11,6
2016,11,6
2016,11,6
2016,11,6
2016,11,6
2016,11,6
2016,11,6
2016,11,6
2016,11,6
2016,11,6
2016,11,6
2016,11,6
2016,11,6
2016,11,6
2016,11,6
2016,11,6
2016,11,6
2016,11,6
2016,11,6
2016,11,6
2016,11,6
2016,11,6
2016,11,6
2016,11,6
2016,11,6
2016,11,6
2016,11,6
2016,11,6
2016,11,6
2016,11,6
2016,11,6
2016,11,6
2016,11,6
2016,11,6
2016,11,6
2016,11,6
2016,11,6
2016,11,6
2016,11,6
2016,11,6
2016,11,6
2016,11,6
2016,11,6
2016,11,6
2016,11,6
2016,11,6
2016,11,6
2016,11,6
2016,11,6
2016,11,6
2016,11,6
2016,11,6
2016,11,6
2016,11,6
2016,11,6
2016,11,6
2016,11,6
2016,11,6
2016,11,6
2016,11,6
2016,11,6
2016,11,6
2016,11,6
2016,11,6
2016,11,6
2016,11,6
2016,11,6
2016,11,6
2016,11,6
2016,11,6
2016,11,6
2016,11,6
2016,11,6
2016,11,6
2016,11,6
2016,11,6
2016,11,6
2016,11,6
2016,11,6
2016,11,6
2016,11,6
2016,11,6
2016,11,6
2016,11,6
2016,11,6
2016,11,6
2016,11,6
2016,11,6
2016,11,6
2016,11,6
2016,11,6
2016,11,6
2016,11,6
2016,11,6
2016,11,6
2016,11,6
2016,11,6
2016,11,6
2016,11,6
2016,11,6
2016,11,6
2016,11,6
2016,11,6
2016,11,6
2016,11,6
2016,11,6
2016,11,6
2016,11,6
2016,11,6
2016,11,6
2016,11,6
2016,11,6
2016,11,6
2016,11,6
2016,11,6
2016,11,6
2016,11,6
2016,11,6
2016,11,6
2016,11,6
2016,11,6
2016,11,6
2016,11,6
2016,11,6
2016,11,6
2016,11,6
2016,11,6
2016,11,6
2016,11,6
2016,11,6
2016,11,6
2016,11,6
2016,11,6
2016,11,6
2016,11,6
2016,11,6
2016,11,6
2016,11,6
2016,11,6
2016,11,6
2016,11,6
2016,11,6
2016,11,6
2016,11,6
2016,11,6
2016,11,6
2016,11,6
2016,11,6
2016,11,6
2016,11,6
2016,11,6
2016,11,6
2016,11,6
2016,11,6
2016,11,6
2016,11,6
2016,11,6
2016,11,6
2016,11,6
2016,11,6
2016,11,6
2016,11,6
2016,11,6
2016,11,6
2016,11,6
2016,11,6
2016,11,6
2016,11,6
2016,11,6
2016,11,6
2016,11,6
2016,11,6
2016,11,6
2016,11,6
2016,11,6
2016,11,6
2016,11,6
2016,11,6
2016,11,6
2016,11,6
2016,11,6
2016,11,6
2016,11,6
2016,11,6
2016,11,6
2016,11,6
2016,11,6
2016,11,6
2016,11,6
2016,11,6
2016,11,6
2016,11,6
2016,11,6
2016,11,6
2016,11,6
2016,11,6
2016,11,6
2016,11,6
2016,11,6
2016,11,6
2016,11,6
2016,11,6
2016,11,6
2016,11,6
2016,11,6
2016,11,6
2016,11,6
2016,11,6
2016,11,6
2016,11,6
2016,11,6
2016,11,6
2016,11,6
2016,11,6
2016,11,6
2016,11,6
2016,11,6
2016,11,6
2016,11,6
2016,11,6
2016,11,6
2016,11,6
2016,11,6
2016,11,6
2016,11,6
2016,11,6
2016,11,6
2016,11,6
2016,11,6
2016,11,6
2016,11,6
2016,11,6
2016,11,6
2016,11,6
2016,11,6
2016,11,6
2016,11,6
2016,11,6
2016,11,6
2016,11,6
2016,11,6
2016,11,6
2016,11,6
2016,11,6
2016,11,6
2016,11,6
2016,11,6
2016,11,6
2016,11,6
2016,11,6
2016,11,6
2016,11,6
2016,11,6
2016,11,6
2016,11,6
2016,11,6
2016,11,6
2016,11,6
2016,11,6
2016,11,6
2016,11,6
2016,11,6
2016,11,6
2016,11,6
2016,11,6
2016,11,6
2016,11,6
2016,11,6
2016,11,6
2016,11,6
2016,11,6
2016,11,6
2016,11,6
2016,11,6
2016,11,6
2016,11,6
2016,11,6
2016,11,6
2016,11,6
2016,11,6
2016,11,6
2016,11,6
2016,11,6
2016,11,6
2016,11,6
2016,11,6
2016,11,6
2016,11,6
2016,11,6
2016,11,6
2016,11,6
2016,11,6
2016,11,6
2016,11,6
2016,11,6
2016,11,6
2016,11,6
2016,11,6
2016,11,6
2016,11,6
2016,11,6
2016,11,6
2016,11,6
2016,11,6
2016,11,6
2016,11,6
2016,11,6
2016,11,6
2016,11,6
2016,11,6
2016,11,6
2016,11,6
2016,11,6
2016,11,6
2016,11,6
2016,11,6
2016,11,6
2016,11,6
2016,11,6
2016,11,6
2016,11,6
2016,11,6
2016,11,6
2016,11,6
2016,11,6
2016,11,6
2016,11,6
2016,11,6
2016,11,6
2016,11,6
2016,11,6
2016,11,6
2016,11,6
2016,11,6
2016,11,6
2016,11,6
2016,11,6
2016,11,6
2016,11,6
2016,11,6
2016,11,6
2016,11,6
2016,11,6
2016,11,6
2016,11,6
2016,11,6
2016,11,6
2016,11,6
2016,11,6
2016,11,6
2016,11,6
2016,11,6
2016,11,6
2016,11,6
2016,11,6
2016,11,6
2016,11,6
2016,11,6
2016,11,6
2016,11,6
2016,11,6
2016,11,6
2016,11,6
2016,11,6
2016,11,6
2016,11,6
2016,11,6
2016,11,6
2016,11,6
2016,11,6
2016,11,6
2016,11,6
2016,11,6
2016,11,6
2016,11,6
2016,11,6
2016,11,6
2016,11,6
2016,11,6
2016,11,6
2016,11,6
2016,11,6
2016,11,6
2016,11,6
2016,11,6
2016,11,6
2016,11,6
2016,11,6
2016,11,6
2016,11,6
2016,11,6
2016,11,6
2016,11,6
2016,11,6
2016,11,6
2016,11,6
2016,11,6
2016,11,6
2016,11,6
2016,11,6
2016,11,6
2016,11,6
2016,11,6
2016,11,6
2016,11,6
2016,11,6
2016,11,6
2016,11,6
2016,11,6
2016,11,6
2016,11,6
2016,11,6
2016,11,6
2016,11,6
2016,11,6
2016,11,6
2016,11,6
2016,11,6
2016,11,6
2016,11,6
2016,11,6
2016,11,6
2016,11,6
2016,11,6
2016,11,6
2016,11,6
2016,11,6
2016,11,6
2016,11,6
2016,11,6
2016,11,6
2016,11,6
2016,11,6
2016,11,6
2016,11,6
2016,11,6
2016,11,6
2016,11,6
2016,11,6
2016,11,6
2016,11,6
2016,11,6
2016,11,6
2016,11,6
2016,11,6
2016,11,6
2016,11,6
2016,11,6
2016,11,6
2016,11,6
2016,11,6
2016,11,6
2016,11,6
2016,11,6
2016,11,6
2016,11,6
2016,11,6
2016,11,6
2016,11,6
2016,11,6
2016,11,6
2016,11,6
2016,11,6
2016,11,6
2016,11,6
2016,11,6
2016,11,6
2016,11,6
2016,11,6
2016,11,6
2016,11,6
2016,11,6
2016,11,6
2016,11,6
2016,11,6
2016,11,6
2016,11,6
2016,11,6
2016,11,6
2016,11,6
2016,11,6
2016,11,6
2016,11,6
2016,11,6
2016,11,6
2016,11,6
2016,11,6
2016,11,6
2016,11,6
2016,11,6
2016,11,6
2016,11,6
2016,11,6
2016,11,6
2016,11,6
2016,11,6
2016,11,6
2016,11,6
2016,11,6
2016,11,6
2016,11,6
2016,11,6
2016,11,6
2016,11,6
2016,11,6
2016,11,6
2016,11,6
2016,11,6
2016,11,6
2016,11,6
2016,11,6
2016,11,6
2016,11,6
2016,11,6
2016,11,6
2016,11,6
2016,11,6
2016,11,6
2016,11,6
2016,11,6
2016,11,6
2016,11,6
2016,11,6
2016,11,6
2016,11,6
2016,11,6
2016,11,6
2016,11,6
2016,11,6
2016,11,6
2016,11,6
2016,11,6
2016,11,6
2016,11,6
2016,11,6
2016,11,6
2016,11,6
2016,11,6
2016,11,6
2016,11,6
2016,11,6
2016,11,6
2016,11,6
2016,11,6
2016,11,6
2016,11,6
2016,11,6
2016,11,6
2016,11,6
2016,11,6
2016,11,6
2016,11,6
2016,11,6
2016,11,6
2016,11,6
2016,11,6
2016,11,6
2016,11,6
2016,11,6
2016,11,6
2016,11,6
2016,11,6
2016,11,6
2016,11,6
2016,11,6
2016,11,6
2016,11,6
2016,11,6
2016,11,6
2016,11,6
2016,11,6
2016,11,6
2016,11,6
2016,11,6
2016,11,6
2016,11,6
2016,11,6
2016,11,6
2016,11,6
2016,11,6
2016,11,6
2016,11,6
2016,11,6
2016,11,6
2016,11,6
2016,11,6
2016,11,6
2016,11,6
2016,11,6
2016,11,6
2016,11,6
2016,11,6
2016,11,6
2016,11,6
2016,11,6
2016,11,6
2016,11,6
2016,11,6
2016,11,6
2016,11,6
2016,11,6
2016,11,6
2016,11,6
2016,11,6
2016,11,6
2016,11,6
2016,11,6
2016,11,6
2016,11,6
2016,11,6
2016,11,6
2016,11,6
2016,11,6
2016,11,6
2016,11,6
2016,11,6
2016,11,6
2016,11,6
2016,11,6
2016,11,6
2016,11,6
2016,11,6
2016,11,6
2016,11,6
2016,11,6
2016,11,6
2016,11,6
2016,11,6
2016,11,6
2016,11,6
2016,11,6
2016,11,6
2016,11,6
2016,11,6
2016,11,6
2016,11,6
2016,11,6
2016,11,6
2016,11,6
2016,11,6
2016,11,6
2016,11,6
2016,11,6
2016,11,6
2016,11,6
2016,11,6
2016,11,6
2016,11,6
2016,11,6
2016,11,6
2016,11,6
2016,11,6
2016,11,6
2016,11,6
2016,11,6
2016,11,6
2016,11,6
2016,11,6
2016,11,6
2016,11,6
2016,11,6
2016,11,6
2016,11,6
2016,11,6
2016,11,6
2016,11,6
2016,11,6
2016,11,6
2016,11,6
2016,11,6
2016,11,6
2016,11,6
2016,11,6
2016,11,6
2016,11,6
2016,11,6
2016,11,6
2016,11,6
2016,11,6
2016,11,6
2016,11,6
2016,11,6
2016,11,6
2016,11,6
2016,11,6
2016,11,6
2016,11,6
2016,11,6
2016,11,6
2016,11,6
2016,11,6
2016,11,6
2016,11,6
2016,11,6
2016,11,6
2016,11,6
2016,11,6
2016,11,6
2016,11,6
2016,11,6
2016,11,6
2016,11,6
2016,11,6
2016,11,6
2016,11,6
2016,11,6
2016,11,6
2016,11,6
2016,11,6
2016,11,6
2016,11,6
2016,11,6
2016,11,6
2016,11,6
2016,11,6
2016,11,6
2016,11,6
2016,11,6
2016,11,6
2016,11,6
2016,11,6
2016,11,6
2016,11,6
2016,11,6
2016,11,6
2016,11,6
2016,11,6
2016,11,6
2016,11,6
2016,11,6
2016,11,6
2016,11,6
2016,11,6
2016,11,6
2016,11,6
2016,11,6
2016,11,6
2016,11,6
2016,11,6
2016,11,6
2016,11,6
2016,11,6
2016,11,6
2016,11,6
2016,11,6
2016,11,6
2016,11,6
2016,11,6
2016,11,6
2016,11,6
2016,11,6
2016,11,6
2016,11,6
2016,11,6
2016,11,6
2016,11,6
2016,11,6
2016,11,6
2016,11,6
2016,11,6
2016,11,6
2016,11,6
2016,11,6
2016,11,6
2016,11,6
2016,11,6
2016,11,6
2016,11,6
2016,11,6
2016,11,6
2016,11,6
2016,11,6
2016,11,6
2016,11,6
2016,11,6
2016,11,6
2016,11,6
2016,11,6
2016,11,6
2016,11,6
2016,11,6
2016,11,6
2016,11,6
2016,11,6
2016,11,6
2016,11,6
2016,11,6
2016,11,6
2016,11,6
2016,11,6
2016,11,6
2016,11,6
2016,11,6
2016,11,6
2016,11,6
2016,11,6
2016,11,6
2016,11,6
2016,11,6
2016,11,6
2016,11,6
2016,11,6
2016,11,6
2016,11,6
2016,11,6
2016,11,6
2016,11,6
2016,11,6
2016,11,6
2016,11,6
2016,11,6
2016,11,6
2016,11,6
2016,11,6
2016,11,6
2016,11,6
2016,11,6
2016,11,6
2016,11,6
2016,11,6
2016,11,6
2016,11,6
2016,11,6
2016,11,6
2016,11,6
2016,11,6
2016,11,6
2016,11,6
2016,11,6
2016,11,6
2016,11,6
2016,11,6
2016,11,6
2016,11,6
2016,11,6
2016,11,6
2016,11,6
2016,11,6
2016,11,6
2016,11,6
2016,11,6
2016,11,6
2016,11,6
2016,11,6
2016,11,6
2016,11,6
2016,11,6
2016,11,6
2016,11,6
2016,11,6
2016,11,6
2016,11,6
2016,11,6
2016,11,6
2016,11,6
2016,11,6
2016,11,6
2016,11,6
2016,11,6
2016,11,6
2016,11,6
2016,11,6
2016,11,6
2016,11,6
2016,11,6
2016,11,6
2016,11,6
2016,11,6
2016,11,6
2016,11,6
2016,11,6
2016,11,6
2016,11,6
2016,11,6
2016,11,6
2016,11,6
2016,11,6
2016,11,6
2016,11,6
2016,11,6
2016,11,6
2016,11,6
2016,11,6
2016,11,6
2016,11,6
2016,11,6
2016,11,6
2016,11,6
2016,11,6
2016,11,6
2016,11,6
2016,11,6
2016,11,6
2016,11,6
2016,11,6
2016,11,6
2016,11,6
2016,11,6
2016,11,6
2016,11,6
2016,11,6
2016,11,6
2016,11,6
2016,11,6
2016,11,6
2016,11,6
2016,11,6
2016,11,6
2016,11,6
2016,11,6
2016,11,6
2016,11,6
2016,11,6
2016,11,6
2016,11,6
2016,11,6
2016,11,6
2016,11,6
2016,11,6
2016,11,6
2016,11,6
2016,11,6
2016,11,6
2016,11,6
2016,11,6
2016,11,6
2016,11,6
2016,11,6
2016,11,6
2016,11,6
2016,11,6
2016,11,6
2016,11,6
2016,11,6
2016,11,6
2016,11,6
2016,11,6
2016,11,6
2016,11,6
2016,11,6
2016,11,6
2016,11,6
2016,11,6
2016,11,6
2016,11,6
2016,11,6
2016,11,6
2016,11,6
2016,11,6
2016,11,6
2016,11,6
2016,11,6
2016,11,6
2016,11,6
2016,11,6
2016,11,6
2016,11,6
2016,11,6
2016,11,6
2016,11,6
2016,11,6
2016,11,6
2016,11,6
2016,11,6
2016,11,6
2016,11,6
2016,11,6
2016,11,6
2016,11,6
2016,11,6
2016,11,6
2016,11,6
2016,11,6
2016,11,6
2016,11,6
2016,11,6
2016,11,6
2016,11,6
2016,11,6
2016,11,6
2016,11,6
2016,11,6
2016,11,6
2016,11,6
2016,11,6
2016,11,6
2016,11,6
2016,11,6
2016,11,6
2016,11,6
2016,11,6
2016,11,6
2016,11,6
2016,11,6
2016,11,6
2016,11,6
2016,11,6
2016,11,6
2016,11,6
2016,11,6
2016,11,6
2016,11,6
2016,11,6
2016,11,6
2016,11,6
2016,11,6
2016,11,6
2016,11,6
2016,11,6
2016,11,6
2016,11,6
2016,11,6
2016,11,6
2016,11,6
2016,11,6
2016,11,6
2016,11,6
2016,11,6
2016,11,6
2016,11,6
2016,11,6
2016,11,6
2016,11,6
2016,11,6
2016,11,6
2016,11,6
2016,11,6
2016,11,6
2016,11,6
2016,11,6
2016,11,6
2016,11,6
2016,11,6
2016,11,6
2016,11,6
2016,11,6
2016,11,6
2016,11,6
2016,11,6
2016,11,6
2016,11,6
2016,11,6
2016,11,6
2016,11,6
2016,11,6
2016,11,6
2016,11,6
2016,11,6
2016,11,6
2016,11,6
2016,11,6
2016,11,6
2016,11,6
2016,11,6
2016,11,6
2016,11,6
2016,11,6
2016,11,6
2016,11,6
2016,11,6
2016,11,6
2016,11,6
2016,11,6
2016,11,6
2016,11,6
2016,11,6
2016,11,6
2016,11,6
2016,11,6
2016,11,6
2016,11,6
2016,11,6
2016,11,6
2016,11,6
2016,11,6
2016,11,6
2016,11,6
2016,11,6
2016,11,6
2016,11,6
2016,11,6
2016,11,6
2016,11,6
2016,11,6
2016,11,6
2016,11,6
2016,11,6
2016,11,6
2016,11,6
2016,11,6
2016,11,6
2016,11,6
2016,11,6
2016,11,6
2016,11,6
2016,11,6
2016,11,6
2016,11,6
2016,11,6
2016,11,6
2016,11,6
2016,11,6
2016,11,6
2016,11,6
2016,11,6
2016,11,6
2016,11,6
2016,11,6
2016,11,6
2016,11,6
2016,11,6
2016,11,6
2016,11,6
2016,11,6
2016,11,6
2016,11,6
2016,11,6
2016,11,6
2016,11,6
2016,11,6
2016,11,6
2016,11,6
2016,11,6
2016,11,6
2016,11,6
2016,11,6
2016,11,6
2016,11,6
2016,11,6
2016,11,6
2016,11,6
2016,11,6
2016,11,6
2016,11,6
2016,11,6
2016,11,6
2016,11,6
2016,11,6
2016,11,6
2016,11,6
2016,11,6
2016,11,6
2016,11,6
2016,11,6
2016,11,6
2016,11,6
2016,11,6
2016,11,6
2016,11,6
2016,11,6
2016,11,6
2016,11,6
2016,11,6
2016,11,6
2016,11,6
2016,11,6
2016,11,6
2016,11,6
2016,11,6
2016,11,6
2016,11,6
2016,11,6
2016,11,6
2016,11,6
2016,11,6
2016,11,6
2016,11,6
2016,11,6
2016,11,6
2016,11,6
2016,11,6
2016,11,6
2016,11,6
2016,11,6
2016,11,6
2016,11,6
2016,11,6
2016,11,6
2016,11,6
2016,11,6
2016,11,6
2016,11,6
2016,11,6
2016,11,6
2016,11,6
2016,11,6
2016,11,6
2016,11,6
2016,11,6
2016,11,6
2016,11,6
2016,11,6
2016,11,6
2016,11,6
2016,11,6
2016,11,6
2016,11,6
2016,11,6
2016,11,6
2016,11,6
2016,11,6
2016,11,6
2016,11,6
2016,11,6
2016,11,6
2016,11,6
2016,11,6
2016,11,6
2016,11,6
2016,11,6
2016,11,6
2016,11,6
2016,11,6
2016,11,6
2016,11,6
2016,11,6
2016,11,6
2016,11,6
2016,11,6
2016,11,6
2016,11,6
2016,11,6
2016,11,6
2016,11,6
2016,11,6
2016,11,6
2016,11,6
2016,11,6
2016,11,6
2016,11,6
2016,11,6
2016,11,6
2016,11,6
2016,11,6
2016,11,6
2016,11,6
2016,11,6
2016,11,6
2016,11,6
2016,11,6
2016,11,6
2016,11,6
2016,11,6
2016,11,6
2016,11,6
2016,11,6
2016,11,6
2016,11,6
2016,11,6
2016,11,6
2016,11,6
2016,11,6
2016,11,6
2016,11,6
2016,11,6
2016,11,6
2016,11,6
2016,11,6
2016,11,6
2016,11,6
2016,11,6
2016,11,6
2016,11,6
2016,11,6
2016,11,6
2016,11,6
2016,11,6
2016,11,6
2016,11,6
2016,11,6
2016,11,6
2016,11,6
2016,11,6
2016,11,6
2016,11,6
2016,11,6
2016,11,6
2016,11,6
2016,11,6
2016,11,6
2016,11,6
2016,11,6
2016,11,6
2016,11,6
2016,11,6
2016,11,6
2016,11,6
2016,11,6
2016,11,6
2016,11,6
2016,11,6
2016,11,6
2016,11,6
2016,11,6
2016,11,6
2016,11,6
2016,11,6
2016,11,6
2016,11,6
2016,11,6
2016,11,6
2016,11,6
2016,11,6
2016,11,6
2016,11,6
2016,11,6
2016,11,6
2016,11,6
2016,11,6
2016,11,6
2016,11,6
2016,11,6
2016,11,6
2016,11,6
2016,11,6
2016,11,6
2016,11,6
2016,11,6
2016,11,6
2016,11,6
2016,11,6
2016,11,6
2016,11,6
2016,11,6
2016,11,6
2016,11,6
2016,11,6
2016,11,6
2016,11,6
2016,11,6
2016,11,6
2016,11,6
2016,11,6
2016,11,6
2016,11,6
2016,11,6
2016,11,6
2016,11,6
2016,11,6
2016,11,6
2016,11,6
2016,11,6
2016,11,6
2016,11,6
2016,11,6
2016,11,6
2016,11,6
2016,11,6
2016,11,6
2016,11,6
2016,11,6
2016,11,6
2016,11,6
2016,11,6
2016,11,6
2016,11,6
2016,11,6
2016,11,6
2016,11,6
2016,11,6
2016,11,6
2016,11,6
2016,11,6
2016,11,6
2016,11,6
2016,11,6
2016,11,6
2016,11,6
2016,11,6
2016,11,6
2016,11,6
2016,11,6
2016,11,6
2016,11,6
2016,11,6
2016,11,6
2016,11,6
2016,11,6
2016,11,6
2016,11,6
2016,11,6
2016,11,6
2016,11,6
2016,11,6
2016,11,6
2016,11,6
2016,11,6
2016,11,6
2016,11,6
2016,11,6
2016,11,6
2016,11,6
2016,11,6
2016,11,6
2016,11,6
2016,11,6
2016,11,6
2016,11,6
2016,11,6
2016,11,6
2016,11,6
2016,11,6
2016,11,6
2016,11,6
2016,11,6
2016,11,6
2016,11,6
2016,11,6
2016,11,6
2016,11,6
2016,11,6
2016,11,6
2016,11,6
2016,11,6
2016,11,6
2016,11,6
2016,11,6
2016,11,6
2016,11,6
2016,11,6
2016,11,6
2016,11,6
2016,11,6
2016,11,6
2016,11,6
2016,11,6
2016,11,6
2016,11,6
2016,11,6
2016,11,6
2016,11,6
2016,11,6
2016,11,6
2016,11,6
2016,11,6
2016,11,6
2016,11,6
2016,11,6
2016,11,6
2016,11,6
2016,11,6
2016,11,6
2016,11,6
2016,11,6
2016,11,6
2016,11,6
2016,11,6
2016,11,6
2016,11,6
2016,11,6
2016,11,6
2016,11,6
2016,11,6
2016,11,6
2016,11,6
2016,11,6
2016,11,6
2016,11,6
2016,11,6
2016,11,6
2016,11,6
2016,11,6
2016,11,6
2016,11,6
2016,11,6
2016,11,6
2016,11,6
2016,11,6
2016,11,6
2016,11,6
2016,11,6
2016,11,6
2016,11,6
2016,11,6
2016,11,6
2016,11,6
2016,11,6
2016,11,6
2016,11,6
2016,11,6
2016,11,6
2016,11,6
2016,11,6
2016,11,6
2016,11,6
2016,11,6
2016,11,6
2016,11,6
2016,11,6
2016,11,6
2016,11,6
2016,11,6
2016,11,6
2016,11,6
2016,11,6
2016,11,6
2016,11,6
2016,11,6
2016,11,6
2016,11,6
2016,11,6
2016,11,6
2016,11,6
2016,11,6
2016,11,6
2016,11,6
2016,11,6
2016,11,6
2016,11,6
2016,11,6
2016,11,6
2016,11,6
2016,11,6
2016,11,6
2016,11,6
2016,11,6
2016,11,6
2016,11,6
2016,11,6
2016,11,6
2016,11,6
2016,11,6
2016,11,6
2016,11,6
2016,11,6
2016,11,6
2016,11,6
2016,11,6
2016,11,6
2016,11,6
2016,11,6
2016,11,6
2016,11,6
2016,11,6
2016,11,6
2016,11,6
2016,11,6
2016,11,6
2016,11,6
2016,11,6
2016,11,6
2016,11,6
2016,11,6
2016,11,6
2016,11,6
2016,11,6
2016,11,6
2016,11,6
2016,11,6
2016,11,6
2016,11,6
2016,11,6
2016,11,6
2016,11,6
2016,11,6
2016,11,6
2016,11,6
2016,11,6
2016,11,6
2016,11,6
2016,11,6
2016,11,6
2016,11,6
2016,11,6
2016,11,6
2016,11,6
2016,11,6
2016,11,6
2016,11,6
2016,11,6
2016,11,6
2016,11,6
2016,11,6
2016,11,6
2016,11,6
2016,11,6
2016,11,6
2016,11,6
2016,11,6
2016,11,6
2016,11,6
2016,11,6
2016,11,6
2016,11,6
2016,11,6
2016,11,6
2016,11,6
2016,11,6
2016,11,6
2016,11,6
2016,11,6
2016,11,6
2016,11,6
2016,11,6
2016,11,6
2016,11,6
2016,11,6
2016,11,6
2016,11,6
2016,11,6
2016,11,6
2016,11,6
2016,11,6
2016,11,6
2016,11,6
2016,11,6
2016,11,6
2016,11,6
2016,11,6
2016,11,6
2016,11,6
2016,11,6
2016,11,6
2016,11,6
2016,11,6
2016,11,6
2016,11,6
2016,11,6
2016,11,6
2016,11,6
2016,11,6
2016,11,6
2016,11,6
2016,11,6
2016,11,6
2016,11,6
2016,11,6
2016,11,6
2016,11,6
2016,11,6
2016,11,6
2016,11,6
2016,11,6
2016,11,6
2016,11,6
2016,11,6
2016,11,6
2016,11,6
2016,11,6
2016,11,6
2016,11,6
2016,11,6
2016,11,6
2016,11,6
2016,11,6
2016,11,6
2016,11,6
2016,11,6
2016,11,6
2016,11,6
2016,11,6
2016,11,6
2016,11,6
2016,11,6
2016,11,6
2016,11,6
2016,11,6
2016,11,6
2016,11,6
2016,11,6
2016,11,6
2016,11,6
2016,11,6
2016,11,6
2016,11,6
2016,11,6
2016,11,6
2016,11,6
2016,11,6
2016,11,6
2016,11,6
2016,11,6
2016,11,6
2016,11,6
2016,11,6
2016,11,6
2016,11,6
2016,11,6
2016,11,6
2016,11,6
2016,11,6
2016,11,6
2016,11,6
2016,11,6
2016,11,6
2016,11,6
2016,11,6
2016,11,6
2016,11,6
2016,11,6
2016,11,6
2016,11,6
2016,11,6
2016,11,6
2016,11,6
2016,11,6
2016,11,6
2016,11,6
2016,11,6
2016,11,6
2016,11,6
2016,11,6
2016,11,6
2016,11,6
2016,11,6
2016,11,6
2016,11,6
2016,11,6
2016,11,6
2016,11,6
2016,11,6
2016,11,6
2016,11,6
2016,11,6
2016,11,6
2016,11,6
2016,11,6
2016,11,6
2016,11,6
2016,11,6
2016,11,6
2016,11,6
2016,11,6
2016,11,6
2016,11,6
2016,11,6
2016,11,6
2016,11,6
2016,11,6
2016,11,6
2016,11,6
2016,11,6
2016,11,6
2016,11,6
2016,11,6
2016,11,6
2016,11,6
2016,11,6
2016,11,6
2016,11,6
2016,11,6
2016,11,6
2016,11,6
2016,11,6
2016,11,6
2016,11,6
2016,11,6
2016,11,6
2016,11,6
2016,11,6
2016,11,6
2016,11,6
2016,11,6
2016,11,6
2016,11,6
2016,11,6
2016,11,6
2016,11,6
2016,11,6
2016,11,6
2016,11,6
2016,11,6
2016,11,6
2016,11,6
2016,11,6
2016,11,6
2016,11,6
2016,11,6
2016,11,6
2016,11,6
2016,11,6
2016,11,6
2016,11,6
2016,11,6
2016,11,6
2016,11,6
2016,11,6
2016,11,6
2016,11,6
2016,11,6
2016,11,6
2016,11,6
2016,11,6
2016,11,6
2016,11,6
2016,11,6
2016,11,6
2016,11,6
2016,11,6
2016,11,6
2016,11,6
2016,11,6
2016,11,6
2016,11,6
2016,11,6
2016,11,6
2016,11,6
2016,11,6
2016,11,6
2016,11,6
2016,11,6
2016,11,6
2016,11,6
2016,11,6
2016,11,6
2016,11,6
2016,11,6
2016,11,6
2016,11,6
2016,11,6
2016,11,6
2016,11,6
2016,11,6
2016,11,6
2016,11,6
2016,11,6
2016,11,6
2016,11,6
2016,11,6
2016,11,6
2016,11,6
2016,11,6
2016,11,6
2016,11,6
2016,11,6
2016,11,6
2016,11,6
2016,11,6
2016,11,6
2016,11,6
2016,11,6
2016,11,6
2016,11,6
2016,11,6
2016,11,6
2016,11,6
2016,11,6
2016,11,6
2016,11,6
2016,11,6
2016,11,6
2016,11,6
2016,11,6
2016,11,6
2016,11,6
2016,11,6
2016,11,6
2016,11,6
2016,11,6
2016,11,6
2016,11,6
2016,11,6
2016,11,6
2016,11,6
2016,11,6
2016,11,6
2016,11,6
2016,11,6
2016,11,6
2016,11,6
2016,11,6
2016,11,6
2016,11,6
2016,11,6
2016,11,6
2016,11,6
2016,11,6
2016,11,6
2016,11,6
2016,11,6
2016,11,6
2016,11,6
2016,11,6
2016,11,6
2016,11,6
2016,11,6
2016,11,6
2016,11,6
2016,11,6
2016,11,6
2016,11,6
2016,11,6
2016,11,6
2016,11,6
2016,11,6
2016,11,6
2016,11,6
2016,11,6
2016,11,6
2016,11,6
2016,11,6
2016,11,6
2016,11,6
2016,11,6
2016,11,6
2016,11,6
2016,11,6
2016,11,6
2016,11,6
2016,11,6
2016,11,6
2016,11,6
2016,11,6
2016,11,6
2016,11,6
2016,11,6
2016,11,6
2016,11,6
2016,11,6
2016,11,6
2016,11,6
2016,11,6
2016,11,6
2016,11,6
2016,11,6
2016,11,6
2016,11,6
2016,11,6
2016,11,6
2016,11,6
2016,11,6
2016,11,6
2016,11,6
2016,11,6
2016,11,6
2016,11,6
2016,11,6
2016,11,6
2016,11,6
2016,11,6
2016,11,6
2016,11,6
2016,11,6
2016,11,6
2016,11,6
2016,11,6
2016,11,6
2016,11,6
2016,11,6
2016,11,6
2016,11,6
2016,11,6
2016,11,6
2016,11,6
2016,11,6
2016,11,6
2016,11,6
2016,11,6
2016,11,6
2016,11,6
2016,11,6
2016,11,6
2016,11,6
2016,11,6
2016,11,6
2016,11,6
2016,11,6
2016,11,6
2016,11,6
2016,11,6
2016,11,6
2016,11,6
2016,11,6
2016,11,6
2016,11,6
2016,11,6
2016,11,6
2016,11,6
2016,11,6
2016,11,6
2016,11,6
2016,11,6
2016,11,6
2016,11,6
2016,11,6
2016,11,6
2016,11,6
2016,11,6
2016,11,6
2016,11,6
2016,11,6
2016,11,6
2016,11,6
2016,11,6
2016,11,6
2016,11,6
2016,11,6
2016,11,6
2016,11,6
2016,11,6
2016,11,6
2016,11,6
2016,11,6
2016,11,6
2016,11,6
2016,11,6
2016,11,6
2016,11,6
2016,11,6
2016,11,6
2016,11,6
2016,11,6
2016,11,6
2016,11,6
2016,11,6
2016,11,6
2016,11,6
2016,11,6
2016,11,6
2016,11,6
2016,11,6
2016,11,6
2016,11,6
2016,11,6
2016,11,6
2016,11,6
2016,11,6
2016,11,6
2016,11,6
2016,11,6
2016,11,6
2016,11,6
2016,11,6
2016,11,6
2016,11,6
2016,11,6
2016,11,6
2016,11,6
2016,11,6
2016,11,6
2016,11,6
2016,11,6
2016,11,6
2016,11,6
2016,11,6
2016,11,6
2016,11,6
2016,11,6
2016,11,6
2016,11,6
2016,11,6
2016,11,6
2016,11,6
2016,11,6
2016,11,6
2016,11,6
2016,11,6
2016,11,6
2016,11,6
2016,11,6
2016,11,6
2016,11,6
2016,11,6
2016,11,6
2016,11,6
2016,11,6
2016,11,6
2016,11,6
2016,11,6
2016,11,6
2016,11,6
2016,11,6
2016,11,6
2016,11,6
2016,11,6
2016,11,6
2016,11,6
2016,11,6
2016,11,6
2016,11,6
2016,11,6
2016,11,6
2016,11,6
2016,11,6
2016,11,6
2016,11,6
2016,11,6
2016,11,6
2016,11,6
2016,11,6
2016,11,6
2016,11,6
2016,11,6
2016,11,6
2016,11,6
2016,11,6
2016,11,6
2016,11,6
2016,11,6
2016,11,6
2016,11,6
2016,11,6
2016,11,6
2016,11,6
2016,11,6
2016,11,6
2016,11,6
2016,11,6
2016,11,6
2016,11,6
2016,11,6
2016,11,6
2016,11,6
2016,11,6
2016,11,6
2016,11,6
2016,11,6
2016,11,6
2016,11,6
2016,11,6
2016,11,6
2016,11,6
2016,11,6
2016,11,6
2016,11,6
2016,11,6
2016,11,6
2016,11,6
2016,11,6
2016,11,6
2016,11,6
2016,11,6
2016,11,6
2016,11,6
2016,11,6
2016,11,6
2016,11,6
2016,11,6
2016,11,6
2016,11,6
2016,11,6
2016,11,6
2016,11,6
2016,11,6
2016,11,6
2016,11,6
2016,11,6
2016,11,6
2016,11,6
2016,11,6
2016,11,6
2016,11,6
2016,11,6
2016,11,6
2016,11,6
2016,11,6
2016,11,6
2016,11,6
2016,11,6
2016,11,6
2016,11,6
2016,11,6
2016,11,6
2016,11,6
2016,11,6
2016,11,6
2016,11,6
2016,11,6
2016,11,6
2016,11,6
2016,11,6
2016,11,6
2016,11,6
2016,11,6
2016,11,6
2016,11,6
2016,11,6
2016,11,6
2016,11,6
2016,11,6
2016,11,6
2016,11,6
2016,11,6
2016,11,6
2016,11,6
2016,11,6
2016,11,6
2016,11,6
2016,11,6
2016,11,6
2016,11,6
2016,11,6
2016,11,6
2016,11,6
2016,11,6
2016,11,6
2016,11,6
2016,11,6
2016,11,6
2016,11,6
2016,11,6
2016,11,6
2016,11,6
2016,11,6
2016,11,6
2016,11,6
2016,11,6
2016,11,6
2016,11,6
2016,11,6
2016,11,6
2016,11,6
2016,11,6
2016,11,6
2016,11,6
2016,11,6
2016,11,6
2016,11,6
2016,11,6
2016,11,6
2016,11,6
2016,11,6
2016,11,6
2016,11,6
2016,11,6
2016,11,6
2016,11,6
2016,11,6
2016,11,6
2016,11,6
2016,11,6
2016,11,6
2016,11,6
2016,11,6
2016,11,6
2016,11,6
2016,11,6
2016,11,6
2016,11,6
2016,11,6
2016,11,6
2016,11,6
2016,11,6
2016,11,6
2016,11,6
2016,11,6
2016,11,6
2016,11,6
2016,11,6
2016,11,6
2016,11,6
2016,11,6
2016,11,6
2016,11,6
2016,11,6
2016,11,6
2016,11,6
2016,11,6
2016,11,6
2016,11,6
2016,11,6
2016,11,6
2016,11,6
2016,11,6
2016,11,6
2016,11,6
2016,11,6
2016,11,6
2016,11,6
2016,11,6
2016,11,6
2016,11,6
2016,11,6
2016,11,6
2016,11,6
2016,11,6
2016,11,6
2016,11,6
2016,11,6
2016,11,6
2016,11,6
2016,11,6
2016,11,6
2016,11,6
2016,11,6
2016,11,6
2016,11,6
2016,11,6
2016,11,6
2016,11,6
2016,11,6
2016,11,6
2016,11,6
2016,11,6
2016,11,6
2016,11,6
2016,11,6
2016,11,6
2016,11,6
2016,11,6
2016,11,6
2016,11,6
2016,11,6
2016,11,6
2016,11,6
2016,11,6
2016,11,6
2016,11,6
2016,11,6
2016,11,6
2016,11,6
2016,11,6
2016,11,6
2016,11,6
2016,11,6
2016,11,6
2016,11,6
2016,11,6
2016,11,6
2016,11,6
2016,11,6
2016,11,6
2016,11,6
2016,11,6
2016,11,6
2016,11,6
2016,11,6
2016,11,6
2016,11,6
2016,11,6
2016,11,6
2016,11,6
2016,11,6
2016,11,6
2016,11,6
2016,11,6
2016,11,6
2016,11,6
2016,11,6
2016,11,6
2016,11,6
2016,11,6
2016,11,6
2016,11,6
2016,11,6
2016,11,6
2016,11,6
2016,11,6
2016,11,6
2016,11,6
2016,11,6
2016,11,6
2016,11,6
2016,11,6
2016,11,6
2016,11,6
2016,11,6
2016,11,6
2016,11,6
2016,11,6
2016,11,6
2016,11,6
2016,11,6
2016,11,6
2016,11,6
2016,11,6
2016,11,6
2016,11,6
2016,11,6
2016,11,6
2016,11,6
2016,11,6
2016,11,6
2016,11,6
2016,11,6
2016,11,6
2016,11,6
2016,11,6
2016,11,6
2016,11,6
2016,11,6
2016,11,6
2016,11,6
2016,11,6
2016,11,6
2016,11,6
2016,11,6
2016,11,6
2016,11,6
2016,11,6
2016,11,6
2016,11,6
2016,11,6
2016,11,6
2016,11,6
2016,11,6
2016,11,6
2016,11,6
2016,11,6
2016,11,6
2016,11,6
2016,11,6
2016,11,6
2016,11,6
2016,11,6
2016,11,6
2016,11,6
2016,11,6
2016,11,6
2016,11,6
2016,11,6
2016,11,6
2016,11,6
2016,11,6
2016,11,6
2016,11,6
2016,11,6
2016,11,6
2016,11,6
2016,11,6
2016,11,6
2016,11,6
2016,11,6
2016,11,6
2016,11,6
2016,11,6
2016,11,6
2016,11,6
2016,11,6
2016,11,6
2016,11,6
2016,11,6
2016,11,6
2016,11,6
2016,11,6
2016,11,6
2016,11,6
2016,11,6
2016,11,6
2016,11,6
2016,11,6
2016,11,6
2016,11,6
2016,11,6
2016,11,6
2016,11,6
2016,11,6
2016,11,6
2016,11,6
2016,11,6
2016,11,6
2016,11,6
2016,11,6
2016,11,6
2016,11,6
2016,11,6
2016,11,6
2016,11,6
2016,11,6
2016,11,6
2016,11,6
2016,11,6
2016,11,6
2016,11,6
2016,11,6
2016,11,6
2016,11,6
2016,11,6
2016,11,6
2016,11,6
2016,11,6
2016,11,6
2016,11,6
2016,11,6
2016,11,6
2016,11,6
2016,11,6
2016,11,6
2016,11,6
2016,11,6
2016,11,6
2016,11,6
2016,11,6
2016,11,6
2016,11,6
2016,11,6
2016,11,6
2016,11,6
2016,11,6
2016,11,6
2016,11,6
2016,11,6
2016,11,6
2016,11,6
2016,11,6
2016,11,6
2016,11,6
2016,11,6
2016,11,6
2016,11,6
2016,11,6
2016,11,6
2016,11,6
2016,11,6
2016,11,6
2016,11,6
2016,11,6
2016,11,6
2016,11,6
2016,11,6
2016,11,6
2016,11,6
2016,11,6
2016,11,6
2016,11,6
2016,11,6
2016,11,6
2016,11,6
2016,11,6
2016,11,6
2016,11,6
2016,11,6
2016,11,6
2016,11,6
2016,11,6
2016,11,6
2016,11,6
2016,11,6
2016,11,6
2016,11,6
2016,11,6
2016,11,6
2016,11,6
2016,11,6
2016,11,6
2016,11,6
2016,11,6
2016,11,6
2016,11,6
2016,11,6
2016,11,6
2016,11,6
2016,11,6
2016,11,6
2016,11,6
2016,11,6
2016,11,6
2016,11,6
2016,11,6
2016,11,6
2016,11,6
2016,11,6
2016,11,6
2016,11,6
2016,11,6
2016,11,6
2016,11,6
2016,11,6
2016,11,6
2016,11,6
2016,11,6
2016,11,6
2016,11,6
2016,11,6
2016,11,6
2016,11,6
2016,11,6
2016,11,6
2016,11,6
2016,11,6
2016,11,6
2016,11,6
2016,11,6
2016,11,6
2016,11,6
2016,11,6
2016,11,6
2016,11,6
2016,11,6
2016,11,6
2016,11,6
2016,11,6
2016,11,6
2016,11,6
2016,11,6
2016,11,6
2016,11,6
2016,11,6
2016,11,6
2016,11,6
2016,11,6
2016,11,6
2016,11,6
2016,11,6
2016,11,6
2016,11,6
2016,11,6
2016,11,6
2016,11,6
2016,11,6
2016,11,6
2016,11,6
2016,11,6
2016,11,6
2016,11,6
2016,11,6
2016,11,6
2016,11,6
2016,11,6
2016,11,6
2016,11,6
2016,11,6
2016,11,6
2016,11,6
2016,11,6
2016,11,6
2016,11,6
2016,11,6
2016,11,6
2016,11,6
2016,11,6
2016,11,6
2016,11,6
2016,11,6
2016,11,6
2016,11,6
2016,11,6
2016,11,6
2016,11,6
2016,11,6
2016,11,6
2016,11,6
2016,11,6
2016,11,6
2016,11,6
2016,11,6
2016,11,6
2016,11,6
2016,11,6
2016,11,6
2016,11,6
2016,11,6
2016,11,6
2016,11,6
2016,11,6
2016,11,6
2016,11,6
2016,11,6
2016,11,6
2016,11,6
2016,11,6
2016,11,6
2016,11,6
2016,11,6
2016,11,6
2016,11,6
2016,11,6
2016,11,6
2016,11,6
2016,11,6
2016,11,6
2016,11,6
2016,11,6
2016,11,6
2016,11,6
2016,11,6
2016,11,6
2016,11,6
2016,11,6
2016,11,6
2016,11,6
2016,11,6
2016,11,6
2016,11,6
2016,11,6
2016,11,6
2016,11,6
2016,11,6
2016,11,6
2016,11,6
2016,11,6
2016,11,6
2016,11,6
2016,11,6
2016,11,6
2016,11,6
2016,11,6
2016,11,6
2016,11,6
2016,11,6
2016,11,6
2016,11,6
2016,11,6
2016,11,6
2016,11,6
2016,11,6
2016,11,6
2016,11,6
2016,11,6
2016,11,6
2016,11,6
2016,11,6
2016,11,6
2016,11,6
2016,11,6
2016,11,6
2016,11,6
2016,11,6
2016,11,6
2016,11,6
2016,11,6
2016,11,6
2016,11,6
2016,11,6
2016,11,6
2016,11,6
2016,11,6
2016,11,6
2016,11,6
2016,11,6
2016,11,6
2016,11,6
2016,11,6
2016,11,6
2016,11,6
2016,11,6
2016,11,6
2016,11,6
2016,11,6
2016,11,6
2016,11,6
2016,11,6
2016,11,6
2016,11,6
2016,11,6
2016,11,6
2016,11,6
2016,11,6
2016,11,6
2016,11,6
2016,11,6
2016,11,6
2016,11,6
2016,11,6
2016,11,6
2016,11,6
2016,11,6
2016,11,6
2016,11,6
2016,11,6
2016,11,6
2016,11,6
2016,11,6
2016,11,6
2016,11,6
2016,11,6
2016,11,6
2016,11,6
2016,11,6
2016,11,6
2016,11,6
2016,11,6
2016,11,6
2016,11,6
2016,11,6
2016,11,6
2016,11,6
2016,11,6
2016,11,6
2016,11,6
2016,11,6
2016,11,6
2016,11,6
2016,11,6
2016,11,6
2016,11,6
2016,11,6
2016,11,6
2016,11,6
2016,11,6
2016,11,6
2016,11,6
2016,11,6
2016,11,6
2016,11,6
2016,11,6
2016,11,6
2016,11,6
2016,11,6
2016,11,6
2016,11,6
2016,11,6
2016,11,6
2016,11,6
2016,11,6
2016,11,6
2016,11,6
2016,11,6
2016,11,6
2016,11,6
2016,11,6
2016,11,6
2016,11,6
2016,11,6
2016,11,6
2016,11,6
2016,11,6
2016,11,6
2016,11,6
2016,11,6
2016,11,6
2016,11,6
2016,11,6
2016,11,6
2016,11,6
2016,11,6
2016,11,6
2016,11,6
2016,11,6
2016,11,6
2016,11,6
2016,11,6
2016,11,6
2016,11,6
2016,11,6
2016,11,6
2016,11,6
2016,11,6
2016,11,6
2016,11,6
2016,11,6
2016,11,6
2016,11,6
2016,11,6
2016,11,6
2016,11,6
2016,11,6
2016,11,6
2016,11,6
2016,11,6
2016,11,6
2016,11,6
2016,11,6
2016,11,6
2016,11,6
2016,11,6
2016,11,6
2016,11,6
2016,11,6
2016,11,6
2016,11,6
2016,11,6
2016,11,6
2016,11,6
2016,11,6
2016,11,6
2016,11,6
2016,11,6
2016,11,6
2016,11,6
2016,11,6
2016,11,6
2016,11,6
2016,11,6
2016,11,6
2016,11,6
2016,11,6
2016,11,6
2016,11,6
2016,11,6
2016,11,6
2016,11,6
2016,11,6
2016,11,6
2016,11,6
2016,11,6
2016,11,6
2016,11,6
2016,11,6
2016,11,6
2016,11,6
2016,11,6
2016,11,6
2016,11,6
2016,11,6
2016,11,6
2016,11,6
2016,11,6
2016,11,6
2016,11,6
2016,11,6
2016,11,6
2016,11,6
2016,11,6
2016,11,6
2016,11,6
2016,11,6
2016,11,6
2016,11,6
2016,11,6
2016,11,6
2016,11,6
2016,11,6
2016,11,6
2016,11,6
2016,11,6
2016,11,6
2016,11,6
2016,11,6
2016,11,6
2016,11,6
2016,11,6
2016,11,6
2016,11,6
2016,11,6
2016,11,6
2016,11,6
2016,11,6
2016,11,6
2016,11,6
2016,11,6
2016,11,6
2016,11,6
2016,11,6
2016,11,6
2016,11,6
2016,11,6
2016,11,6
2016,11,6
2016,11,6
2016,11,6
2016,11,6
2016,11,6
2016,11,6
2016,11,6
2016,11,6
2016,11,6
2016,11,6
2016,11,6
2016,11,6
2016,11,6
2016,11,6
2016,11,6
2016,11,6
2016,11,6
2016,11,6
2016,11,6
2016,11,6
2016,11,6
2016,11,6
2016,11,6
2016,11,6
2016,11,6
2016,11,6
2016,11,6
2016,11,6
2016,11,6
2016,11,6
2016,11,6
2016,11,6
2016,11,6
2016,11,6
2016,11,6
2016,11,6
2016,11,6
2016,11,6
2016,11,6
2016,11,6
2016,11,6
2016,11,6
2016,11,6
2016,11,6
2016,11,6
2016,11,6
2016,11,6
2016,11,6
2016,11,6
2016,11,6
2016,11,6
2016,11,6
2016,11,6
2016,11,6
2016,11,6
2016,11,6
2016,11,6
2016,11,6
2016,11,6
2016,11,6
2016,11,6
2016,11,6
2016,11,6
2016,11,6
2016,11,6
2016,11,6
2016,11,6
2016,11,6
2016,11,6
2016,11,6
2016,11,6
2016,11,6
2016,11,6
2016,11,6
2016,11,6
2016,11,6
2016,11,6
2016,11,6
2016,11,6
2016,11,6
2016,11,6
2016,11,6
2016,11,6
2016,11,6
2016,11,6
2016,11,6
2016,11,6
2016,11,6
2016,11,6
2016,11,6
2016,11,6
2016,11,6
2016,11,6
2016,11,6
2016,11,6
2016,11,6
2016,11,6
2016,11,6
2016,11,6
2016,11,6
2016,11,6
2016,11,6
2016,11,6
2016,11,6
2016,11,6
2016,11,6
2016,11,6
2016,11,6
2016,11,6
2016,11,6
2016,11,6
2016,11,6
2016,11,6
2016,11,6
2016,11,6
2016,11,6
2016,11,6
2016,11,6
2016,11,6
2016,11,6
2016,11,6
2016,11,6
2016,11,6
2016,11,6
2016,11,6
2016,11,6
2016,11,6
2016,11,6
2016,11,6
2016,11,6
2016,11,6
2016,11,6
2016,11,6
2016,11,6
2016,11,6
2016,11,6
2016,11,6
2016,11,6
2016,11,6
2016,11,6
2016,11,6
2016,11,6
2016,11,6
2016,11,6
2016,11,6
2016,11,6
2016,11,6
2016,11,6
2016,11,6
2016,11,6
2016,11,6
2016,11,6
2016,11,6
2016,11,6
2016,11,6
2016,11,6
2016,11,6
2016,11,6
2016,11,6
2016,11,6
2016,11,6
2016,11,6
2016,11,6
2016,11,6
2016,11,6
2016,11,6
2016,11,6
2016,11,6
2016,11,6
2016,11,6
2016,11,6
2016,11,6
2016,11,6
2016,11,6
2016,11,6
2016,11,6
2016,11,6
2016,11,6
2016,11,6
2016,11,6
2016,11,6
2016,11,6
2016,11,6
2016,11,6
2016,11,6
2016,11,6
2016,11,6
2016,11,6
2016,11,6
2016,11,6
2016,11,6
2016,11,6
2016,11,6
2016,11,6
2016,11,6
2016,11,6
2016,11,6
2016,11,6
2016,11,6
2016,11,6
2016,11,6
2016,11,6
2016,11,6
2016,11,6
2016,11,6
2016,11,6
2016,11,6
2016,11,6
2016,11,6
2016,11,6
2016,11,6
2016,11,6
2016,11,6
2016,11,6
2016,11,6
2016,11,6
2016,11,6
2016,11,6
2016,11,6
2016,11,6
2016,11,6
2016,11,6
2016,11,6
2016,11,6
2016,11,6
2016,11,6
2016,11,6
2016,11,6
2016,11,6
2016,11,6
2016,11,6
2016,11,6
2016,11,6
2016,11,6
2016,11,6
2016,11,6
2016,11,6
2016,11,6
2016,11,6
2016,11,6
2016,11,6
2016,11,6
2016,11,6
2016,11,6
2016,11,6
2016,11,6
2016,11,6
2016,11,6
2016,11,6
2016,11,6
2016,11,6
2016,11,6
2016,11,6
2016,11,6
2016,11,6
2016,11,6
2016,11,6
2016,11,6
2016,11,6
2016,11,6
2016,11,6
2016,11,6
2016,11,6
2016,11,6
2016,11,6
2016,11,6
2016,11,6
2016,11,6
2016,11,6
2016,11,6
2016,11,6
2016,11,6
2016,11,6
2016,11,6
2016,11,6
2016,11,6
2016,11,6
2016,11,6
2016,11,6
2016,11,6
2016,11,6
2016,11,6
2016,11,6
2016,11,6
2016,11,6
2016,11,6
2016,11,6
2016,11,6
2016,11,6
2016,11,6
2016,11,6
2016,11,6
2016,11,6
2016,11,6
2016,11,6
2016,11,6
2016,11,6
2016,11,6
2016,11,6
2016,11,6
2016,11,6
2016,11,6
2016,11,6
2016,11,6
2016,11,6
2016,11,6
2016,11,6
2016,11,6
2016,11,6
2016,11,6
2016,11,6
2016,11,6
2016,11,6
2016,11,6
2016,11,6
2016,11,6
2016,11,6
2016,11,6
2016,11,6
2016,11,6
2016,11,6
2016,11,6
2016,11,6
2016,11,6
2016,11,6
2016,11,6
2016,11,6
2016,11,6
2016,11,6
2016,11,6
2016,11,6
2016,11,6
2016,11,6
2016,11,6
2016,11,6
2016,11,6
2016,11,6
2016,11,6
2016,11,6
2016,11,6
2016,11,6
2016,11,6
2016,11,6
2016,11,6
2016,11,6
2016,11,6
2016,11,6
2016,11,6
2016,11,6
2016,11,6
2016,11,6
2016,11,6
2016,11,6
2016,11,6
2016,11,6
2016,11,6
2016,11,6
2016,11,6
2016,11,6
2016,11,6
2016,11,6
2016,11,6
2016,11,6
2016,11,6
2016,11,6
2016,11,6
2016,11,6
2016,11,6
2016,11,6
2016,11,6
2016,11,6
2016,11,6
2016,11,6
2016,11,6
2016,11,6
2016,11,6
2016,11,6
2016,11,6
2016,11,6
2016,11,6
2016,11,6
2016,11,6
2016,11,6
2016,11,6
2016,11,6
2016,11,6
2016,11,6
2016,11,6
2016,11,6
2016,11,6
2016,11,6
2016,11,6
2016,11,6
2016,11,6
2016,11,6
2016,11,6
2016,11,6
2016,11,6
2016,11,6
2016,11,6
2016,11,6
2016,11,6
2016,11,6
2016,11,6
2016,11,6
2016,11,6
2016,11,6
2016,11,6
2016,11,6
2016,11,6
2016,11,6
2016,11,6
2016,11,6
2016,11,6
2016,11,6
2016,11,6
2016,11,6
2016,11,6
2016,11,6
2016,11,6
2016,11,6
2016,11,6
2016,11,6
2016,11,6
2016,11,6
2016,11,6
2016,11,6
2016,11,6
2016,11,6
2016,11,6
2016,11,6
2016,11,6
2016,11,6
2016,11,6
2016,11,6
2016,11,6
2016,11,6
2016,11,6
2016,11,6
2016,11,6
2016,11,6
2016,11,6
2016,11,6
2016,11,6
2016,11,6
2016,11,6
2016,11,6
2016,11,6
2016,11,6
2016,11,6
2016,11,6
2016,11,6
2016,11,6
2016,11,6
2016,11,6
2016,11,6
2016,11,6
2016,11,6
2016,11,6
2016,11,6
2016,11,6
2016,11,6
2016,11,6
2016,11,6
2016,11,6
2016,11,6
2016,11,6
2016,11,6
2016,11,6
2016,11,6
2016,11,6
2016,11,6
2016,11,6
2016,11,6
2016,11,6
2016,11,6
2016,11,6
2016,11,6
2016,11,6
2016,11,6
2016,11,6
2016,11,6
2016,11,6
2016,11,6
2016,11,6
2016,11,6
2016,11,6
2016,11,6
2016,11,6
2016,11,6
2016,11,6
2016,11,6
2016,11,6
2016,11,6
2016,11,6
2016,11,6
2016,11,6
2016,11,6
2016,11,6
2016,11,6
2016,11,6
2016,11,6
2016,11,6
2016,11,6
2016,11,6
2016,11,6
2016,11,6
2016,11,6
2016,11,6
2016,11,6
2016,11,6
2016,11,6
2016,11,6
2016,11,6
2016,11,6
2016,11,6
2016,11,6
2016,11,6
2016,11,6
2016,11,6
2016,11,6
2016,11,6
2016,11,6
2016,11,6
2016,11,6
2016,11,6
2016,11,6
2016,11,6
2016,11,6
2016,11,6
2016,11,6
2016,11,6
2016,11,6
2016,11,6
2016,11,6
2016,11,6
2016,11,6
2016,11,6
2016,11,6
2016,11,6
2016,11,6
2016,11,6
2016,11,6
2016,11,6
2016,11,6
2016,11,6
2016,11,6
2016,11,6
2016,11,6
2016,11,6
2016,11,6
2016,11,6
2016,11,6
2016,11,6
2016,11,6
2016,11,6
2016,11,6
2016,11,6
2016,11,6
2016,11,6
2016,11,6
2016,11,6
2016,11,6
2016,11,6
2016,11,6
2016,11,6
2016,11,6
2016,11,6
2016,11,6
2016,11,6
2016,11,6
2016,11,6
2016,11,6
2016,11,6
2016,11,6
2016,11,6
2016,11,6
2016,11,6
2016,11,6
2016,11,6
2016,11,6
2016,11,6
2016,11,6
2016,11,6
2016,11,6
2016,11,6
2016,11,6
2016,11,6
2016,11,6
2016,11,6
2016,11,6
2016,11,6
2016,11,6
2016,11,6
2016,11,6
2016,11,6
2016,11,6
2016,11,6
2016,11,6
2016,11,6
2016,11,6
2016,11,6
2016,11,6
2016,11,6
2016,11,6
2016,11,6
2016,11,6
2016,11,6
2016,11,6
2016,11,6
2016,11,6
2016,11,6
2016,11,6
2016,11,6
2016,11,6
2016,11,6
2016,11,6
2016,11,6
2016,11,6
2016,11,6
2016,11,6
2016,11,6
2016,11,6
2016,11,6
2016,11,6
2016,11,6
2016,11,6
2016,11,6
2016,11,6
2016,11,6
2016,11,6
2016,11,6
2016,11,6
2016,11,6
2016,11,6
2016,11,6
2016,11,6
2016,11,6
2016,11,6
2016,11,6
2016,11,6
2016,11,6
2016,11,6
2016,11,6
2016,11,6
2016,11,6
2016,11,6
2016,11,6
2016,11,6
2016,11,6
2016,11,6
2016,11,6
2016,11,6
2016,11,6
2016,11,6
2016,11,6
2016,11,6
2016,11,6
2016,11,6
2016,11,6
2016,11,6
2016,11,6
2016,11,6
2016,11,6
2016,11,6
2016,11,6
2016,11,6
2016,11,6
2016,11,6
2016,11,6
2016,11,6
2016,11,6
2016,11,6
2016,11,6
2016,11,6
2016,11,6
2016,11,6
2016,11,6
2016,11,6
2016,11,6
2016,11,6
2016,11,6
2016,11,6
2016,11,6
2016,11,6
2016,11,6
2016,11,6
2016,11,6
2016,11,6
2016,11,6
2016,11,6
2016,11,6
2016,11,6
2016,11,6
2016,11,6
2016,11,6
2016,11,6
2016,11,6
2016,11,6
2016,11,6
2016,11,6
2016,11,6
2016,11,6
2016,11,6
2016,11,6
2016,11,6
2016,11,6
2016,11,6
2016,11,6
2016,11,6
2016,11,6
2016,11,6
2016,11,6
2016,11,6
2016,11,6
2016,11,6
2016,11,6
2016,11,6
2016,11,6
2016,11,6
2016,11,6
2016,11,6
2016,11,6
2016,11,6
2016,11,6
2016,11,6
2016,11,6
2016,11,6
2016,11,6
2016,11,6
2016,11,6
2016,11,6
2016,11,6
2016,11,6
2016,11,6
2016,11,6
2016,11,6
2016,11,6
2016,11,6
2016,11,6
2016,11,6
2016,11,6
2016,11,6
2016,11,6
2016,11,6
2016,11,6
2016,11,6
2016,11,6
2016,11,6
2016,11,6
2016,11,6
2016,11,6
2016,11,6
2016,11,6
2016,11,6
2016,11,6
2016,11,6
2016,11,6
2016,11,6
2016,11,6
2016,11,6
2016,11,6
2016,11,6
2016,11,6
2016,11,6
2016,11,6
2016,11,6
2016,11,6
2016,11,6
2016,11,6
2016,11,6
2016,11,6
2016,11,6
2016,11,6
2016,11,6
2016,11,6
2016,11,6
2016,11,6
2016,11,6
2016,11,6
2016,11,6
2016,11,6
2016,11,6
2016,11,6
2016,11,6
2016,11,6
2016,11,6
2016,11,6
2016,11,6
2016,11,6
2016,11,6
2016,11,6
2016,11,6
2016,11,6
2016,11,6
2016,11,6
2016,11,6
2016,11,6
2016,11,6
2016,11,6
2016,11,6
2016,11,6
2016,11,6
2016,11,6
2016,11,6
2016,11,6
2016,11,6
2016,11,6
2016,11,6
2016,11,6
2016,11,6
2016,11,6
2016,11,6
2016,11,6
2016,11,6
2016,11,6
2016,11,6
2016,11,6
2016,11,6
2016,11,6
2016,11,6
2016,11,6
2016,11,6
2016,11,6
2016,11,6
2016,11,6
2016,11,6
2016,11,6
2016,11,6
2016,11,6
2016,11,6
2016,11,6
2016,11,6
2016,11,6
2016,11,6
2016,11,6
2016,11,6
2016,11,6
2016,11,6
2016,11,6
2016,11,6
2016,11,6
2016,11,6
2016,11,6
2016,11,6
2016,11,6
2016,11,6
2016,11,6
2016,11,6
2016,11,6
2016,11,6
2016,11,6
2016,11,6
2016,11,6
2016,11,6
2016,11,6
2016,11,6
2016,11,6
2016,11,6
2016,11,6
2016,11,6
2016,11,6
2016,11,6
2016,11,6
2016,11,6
2016,11,6
2016,11,6
2016,11,6
2016,11,6
2016,11,6
2016,11,6
2016,11,6
2016,11,6
2016,11,6
2016,11,6
2016,11,6
2016,11,6
2016,11,6
2016,11,6
2016,11,6
2016,11,6
2016,11,6
2016,11,6
2016,11,6
2016,11,6
2016,11,6
2016,11,6
2016,11,6
2016,11,6
2016,11,6
2016,11,6
2016,11,6
2016,11,6
2016,11,6
2016,11,6
2016,11,6
2016,11,6
2016,11,6
2016,11,6
2016,11,6
2016,11,6
2016,11,6
2016,11,6
2016,11,6
2016,11,6
2016,11,6
2016,11,6
2016,11,6
2016,11,6
2016,11,6
2016,11,6
2016,11,6
2016,11,6
2016,11,6
2016,11,6
2016,11,6
2016,11,6
2016,11,6
2016,11,6
2016,11,6
2016,11,6
2016,11,6
2016,11,6
2016,11,6
2016,11,6
2016,11,6
2016,11,6
2016,11,6
2016,11,6
2016,11,6
2016,11,6
2016,11,6
2016,11,6
2016,11,6
2016,11,6
2016,11,6
2016,11,6
2016,11,6
2016,11,6
2016,11,6
2016,11,6
2016,11,6
2016,11,6
2016,11,6
2016,11,6
2016,11,6
2016,11,6
2016,11,6
2016,11,6
2016,11,6
2016,11,6
2016,11,6
2016,11,6
2016,11,6
2016,11,6
2016,11,6
2016,11,6
2016,11,6
2016,11,6
2016,11,6
2016,11,6
2016,11,6
2016,11,6
2016,11,6
2016,11,6
2016,11,6
2016,11,6
2016,11,6
2016,11,6
2016,11,6
2016,11,6
2016,11,6
2016,11,6
2016,11,6
2016,11,6
2016,11,6
2016,11,6
2016,11,6
2016,11,6
2016,11,6
2016,11,6
2016,11,6
2016,11,6
2016,11,6
2016,11,6
2016,11,6
2016,11,6
2016,11,6
2016,11,6
2016,11,6
2016,11,6
2016,11,6
2016,11,6
2016,11,6
2016,11,6
2016,11,6
2016,11,6
2016,11,6
2016,11,6
2016,11,6
2016,11,6
2016,11,6
2016,11,6
2016,11,6
2016,11,6
2016,11,6
2016,11,6
2016,11,6
2016,11,6
2016,11,6
2016,11,6
2016,11,6
2016,11,6
2016,11,6
2016,11,6
2016,11,6
2016,11,6
2016,11,6
2016,11,6
2016,11,6
2016,11,6
2016,11,6
2016,11,6
2016,11,6
2016,11,6
2016,11,6
2016,11,6
2016,11,6
2016,11,6
2016,11,6
2016,11,6
2016,11,6
2016,11,6
2016,11,6
2016,11,6
2016,11,6
2016,11,6
2016,11,6
2016,11,6
2016,11,6
2016,11,6
2016,11,6
2016,11,6
2016,11,6
2016,11,6
2016,11,6
2016,11,6
2016,11,6
2016,11,6
2016,11,6
2016,11,6
2016,11,6
2016,11,6
2016,11,6
2016,11,6
2016,11,6
2016,11,6
2016,11,6
2016,11,6
2016,11,6
2016,11,6
2016,11,6
2016,11,6
2016,11,6
2016,11,6
2016,11,6
2016,11,6
2016,11,6
2016,11,6
2016,11,6
2016,11,6
2016,11,6
2016,11,6
2016,11,6
2016,11,6
2016,11,6
2016,11,6
2016,11,6
2016,11,6
2016,11,6
2016,11,6
2016,11,6
2016,11,6
2016,11,6
2016,11,6
2016,11,6
2016,11,6
2016,11,6
2016,11,6
2016,11,6
2016,11,6
2016,11,6
2016,11,6
2016,11,6
2016,11,6
2016,11,6
2016,11,6
2016,11,6
2016,11,6
2016,11,6
2016,11,6
2016,11,6
2016,11,6
2016,11,6
2016,11,6
2016,11,6
2016,11,6
2016,11,6
2016,11,6
2016,11,6
2016,11,6
2016,11,6
2016,11,6
2016,11,6
2016,11,6
2016,11,6
2016,11,6
2016,11,6
2016,11,6
2016,11,6
2016,11,6
2016,11,6
2016,11,6
2016,11,6
2016,11,6
2016,11,6
2016,11,6
2016,11,6
2016,11,6
2016,11,6
2016,11,6
2016,11,6
2016,11,6
2016,11,6
2016,11,6
2016,11,6
2016,11,6
2016,11,6
2016,11,6
2016,11,6
2016,11,6
2016,11,6
2016,11,6
2016,11,6
2016,11,6
2016,11,6
2016,11,6
2016,11,6
2016,11,6
2016,11,6
2016,11,6
2016,11,6
2016,11,6
2016,11,6
2016,11,6
2016,11,6
2016,11,6
2016,11,6
2016,11,6
2016,11,6
2016,11,6
2016,11,6
2016,11,6
2016,11,6
2016,11,6
2016,11,6
2016,11,6
2016,11,6
2016,11,6
2016,11,6
2016,11,6
2016,11,6
2016,11,6
2016,11,6
2016,11,6
2016,11,6
2016,11,6
2016,11,6
2016,11,6
2016,11,6
2016,11,6
2016,11,6
2016,11,6
2016,11,6
2016,11,6
2016,11,6
2016,11,6
2016,11,6
2016,11,6
2016,11,6
2016,11,6
2016,11,6
2016,11,6
2016,11,6
2016,11,6
2016,11,6
2016,11,6
2016,11,6
2016,11,6
2016,11,6
2016,11,6
2016,11,6
2016,11,6
2016,11,6
2016,11,6
2016,11,6
2016,11,6
2016,11,6
2016,11,6
2016,11,6
2016,11,6
2016,11,6
2016,11,6
2016,11,6
2016,11,6
2016,11,6
2016,11,6
2016,11,6
2016,11,6
2016,11,6
2016,11,6
2016,11,6
2016,11,6
2016,11,6
2016,11,6
2016,11,6
2016,11,6
2016,11,6
2016,11,6
2016,11,6
2016,11,6
2016,11,6
2016,11,6
2016,11,6
2016,11,6
2016,11,6
2016,11,6
2016,11,6
2016,11,6
2016,11,6
2016,11,6
2016,11,6
2016,11,6
2016,11,6
2016,11,6
2016,11,6
2016,11,6
2016,11,6
2016,11,6
2016,11,6
2016,11,6
2016,11,6
2016,11,6
2016,11,6
2016,11,6
2016,11,6
2016,11,6
2016,11,6
2016,11,6
2016,11,6
2016,11,6
2016,11,6
2016,11,6
2016,11,6
2016,11,6
2016,11,6
2016,11,6
2016,11,6
2016,11,6
2016,11,6
2016,11,6
2016,11,6
2016,11,6
2016,11,6
2016,11,6
2016,11,6
2016,11,6
2016,11,6
2016,11,6
2016,11,6
2016,11,6
2016,11,6
2016,11,6
2016,11,6
2016,11,6
2016,11,6
2016,11,6
2016,11,6
2016,11,6
2016,11,6
2016,11,6
2016,11,6
2016,11,6
2016,11,6
2016,11,6
2016,11,6
2016,11,6
2016,11,6
2016,11,6
2016,11,6
2016,11,6
2016,11,6
2016,11,6
2016,11,6
2016,11,6
2016,11,6
2016,11,6
2016,11,6
2016,11,6
2016,11,6
2016,11,6
2016,11,6
2016,11,6
2016,11,6
2016,11,6
2016,11,6
2016,11,6
2016,11,6
2016,11,6
2016,11,6
2016,11,6
2016,11,6
2016,11,6
2016,11,6
2016,11,6
2016,11,6
2016,11,6
2016,11,6
2016,11,6
2016,11,6
2016,11,6
2016,11,6
2016,11,6
2016,11,6
2016,11,6
2016,11,6
2016,11,6
2016,11,6
2016,11,6
2016,11,6
2016,11,6
2016,11,6
2016,11,6
2016,11,6
2016,11,6
2016,11,6
2016,11,6
2016,11,6
2016,11,6
2016,11,6
2016,11,6
2016,11,6
2016,11,6
2016,11,6
2016,11,6
2016,11,6
2016,11,6
2016,11,6
2016,11,6
2016,11,6
2016,11,6
2016,11,6
2016,11,6
2016,11,6
2016,11,6
2016,11,6
2016,11,6
2016,11,6
2016,11,6
2016,11,6
2016,11,6
2016,11,6
2016,11,6
2016,11,6
2016,11,6
2016,11,6
2016,11,6
2016,11,6
2016,11,6
2016,11,6
2016,11,6
2016,11,6
2016,11,6
2016,11,6
2016,11,6
2016,11,6
2016,11,6
2016,11,6
2016,11,6
2016,11,6
2016,11,6
2016,11,6
2016,11,6
2016,11,6
2016,11,6
2016,11,6
2016,11,6
2016,11,6
2016,11,6
2016,11,6
2016,11,6
2016,11,6
2016,11,6
2016,11,6
2016,11,6
2016,11,6
2016,11,6
2016,11,6
2016,11,6
2016,11,6
2016,11,6
2016,11,6
2016,11,6
2016,11,6
2016,11,6
2016,11,6
2016,11,6
2016,11,6
2016,11,6
2016,11,6
2016,11,6
2016,11,6
2016,11,6
2016,11,6
2016,11,6
2016,11,6
2016,11,6
2016,11,6
2016,11,6
2016,11,6
2016,11,6
2016,11,6
2016,11,6
2016,11,6
2016,11,6
2016,11,6
2016,11,6
2016,11,6
2016,11,6
2016,11,6
2016,11,6
2016,11,6
2016,11,6
2016,11,6
2016,11,6
2016,11,6
2016,11,6
2016,11,6
2016,11,6
2016,11,6
2016,11,6
2016,11,6
2016,11,6
2016,11,6
2016,11,6
2016,11,6
2016,11,6
2016,11,6
2016,11,6
2016,11,6
2016,11,6
2016,11,6
2016,11,6
2016,11,6
2016,11,6
2016,11,6
2016,11,6
2016,11,6
2016,11,6
2016,11,6
2016,11,6
2016,11,6
2016,11,6
2016,11,6
2016,11,6
2016,11,6
2016,11,6
2016,11,6
2016,11,6
2016,11,6
2016,11,6
2016,11,6
2016,11,6
2016,11,6
2016,11,6
2016,11,6
2016,11,6
2016,11,6
2016,11,6
2016,11,6
2016,11,6
2016,11,6
2016,11,6
2016,11,6
2016,11,6
2016,11,6
2016,11,6
2016,11,6
2016,11,6
2016,11,6
2016,11,6
2016,11,6
2016,11,6
2016,11,6
2016,11,6
2016,11,6
2016,11,6
2016,11,6
2016,11,6
2016,11,6
2016,11,6
2016,11,6
2016,11,6
2016,11,6
2016,11,6
2016,11,6
2016,11,6
2016,11,6
2016,11,6
2016,11,6
2016,11,6
2016,11,6
2016,11,6
2016,11,6
2016,11,6
2016,11,6
2016,11,6
2016,11,6
2016,11,6
2016,11,6
2016,11,6
2016,11,6
2016,11,6
2016,11,6
2016,11,6
2016,11,6
2016,11,6
2016,11,6
2016,11,6
2016,11,6
2016,11,6
2016,11,6
2016,11,6
2016,11,6
2016,11,6
2016,11,6
2016,11,6
2016,11,6
2016,11,6
2016,11,6
2016,11,6
2016,11,6
2016,11,6
2016,11,6
2016,11,6
2016,11,6
2016,11,6
2016,11,6
2016,11,6
2016,11,6
2016,11,6
2016,11,6
2016,11,6
2016,11,6
2016,11,6
2016,11,6
2016,11,6
2016,11,6
2016,11,6
2016,11,6
2016,11,6
2016,11,6
2016,11,6
2016,11,6
2016,11,6
2016,11,6
2016,11,6
2016,11,6
2016,11,6
2016,11,6
2016,11,6
2016,11,6
2016,11,6
2016,11,6
2016,11,6
2016,11,6
2016,11,6
2016,11,6
2016,11,6
2016,11,6
2016,11,6
2016,11,6
2016,11,6
2016,11,6
2016,11,6
2016,11,6
2016,11,6
2016,11,6
2016,11,6
2016,11,6
2016,11,6
2016,11,6
2016,11,6
2016,11,6
2016,11,6
2016,11,6
2016,11,6
2016,11,6
2016,11,6
2016,11,6
2016,11,6
2016,11,6
2016,11,6
2016,11,6
2016,11,6
2016,11,6
2016,11,6
2016,11,6
2016,11,6
2016,11,6
2016,11,6
2016,11,6
2016,11,6
2016,11,6
2016,11,6
2016,11,6
2016,11,6
2016,11,6
2016,11,6
2016,11,6
2016,11,6
2016,11,6
2016,11,6
2016,11,6
2016,11,6
2016,11,6
2016,11,6
2016,11,6
2016,11,6
2016,11,6
2016,11,6
2016,11,6
2016,11,6
2016,11,6
2016,11,6
2016,11,6
2016,11,6
2016,11,6
2016,11,6
2016,11,6
2016,11,6
2016,11,6
2016,11,6
2016,11,6
2016,11,6
2016,11,6
2016,11,6
2016,11,6
2016,11,6
2016,11,6
2016,11,6
2016,11,6
2016,11,6
2016,11,6
2016,11,6
2016,11,6
2016,11,6
2016,11,6
2016,11,6
2016,11,6
2016,11,6
2016,11,6
2016,11,6
2016,11,6
2016,11,6
2016,11,6
2016,11,6
2016,11,6
2016,11,6
2016,11,6
2016,11,6
2016,11,6
2016,11,6
2016,11,6
2016,11,6
2016,11,6
2016,11,6
2016,11,6
2016,11,6
2016,11,6
2016,11,6
2016,11,6
2016,11,6
2016,11,6
2016,11,6
2016,11,6
2016,11,6
2016,11,6
2016,11,6
2016,11,6
2016,11,6
2016,11,6
2016,11,6
2016,11,6
2016,11,6
2016,11,6
2016,11,6
2016,11,6
2016,11,6
2016,11,6
2016,11,6
2016,11,6
2016,11,6
2016,11,6
2016,11,6
2016,11,6
2016,11,6
2016,11,6
2016,11,6
2016,11,6
2016,11,6
2016,11,6
2016,11,6
2016,11,6
2016,11,6
2016,11,6
2016,11,6
2016,11,6
2016,11,6
2016,11,6
2016,11,6
2016,11,6
2016,11,6
2016,11,6
2016,11,6
2016,11,6
2016,11,6
2016,11,6
2016,11,6
2016,11,6
2016,11,6
2016,11,6
2016,11,6
2016,11,6
2016,11,6
2016,11,6
2016,11,6
2016,11,6
2016,11,6
2016,11,6
2016,11,6
2016,11,6
2016,11,6
2016,11,6
2016,11,6
2016,11,6
2016,11,6
2016,11,6
2016,11,6
2016,11,6
2016,11,6
2016,11,6
2016,11,6
2016,11,6
2016,11,6
2016,11,6
2016,11,6
2016,11,6
2016,11,6
2016,11,6
2016,11,6
2016,11,6
2016,11,6
2016,11,6
2016,11,6
2016,11,6
2016,11,6
2016,11,6
2016,11,6
2016,11,6
2016,11,6
2016,11,6
2016,11,6
2016,11,6
2016,11,6
2016,11,6
2016,11,6
2016,11,6
2016,11,6
2016,11,6
2016,11,6
2016,11,6
2016,11,6
2016,11,6
2016,11,6
2016,11,6
2016,11,6
2016,11,6
2016,11,6
2016,11,6
2016,11,6
2016,11,6
2016,11,6
2016,11,6
2016,11,6
2016,11,6
2016,11,6
2016,11,6
2016,11,6
2016,11,6
2016,11,6
2016,11,6
2016,11,6
2016,11,6
2016,11,6
2016,11,6
2016,11,6
2016,11,6
2016,11,6
2016,11,6
2016,11,6
2016,11,6
2016,11,6
2016,11,6
2016,11,6
2016,11,6
2016,11,6
2016,11,6
2016,11,6
2016,11,6
2016,11,6
2016,11,6
2016,11,6
2016,11,6
2016,11,6
2016,11,6
2016,11,6
2016,11,6
2016,11,6
2016,11,6
2016,11,6
2016,11,6
2016,11,6
2016,11,6
2016,11,6
2016,11,6
2016,11,6
2016,11,6
2016,11,6
2016,11,6
2016,11,6
2016,11,6
2016,11,6
2016,11,6
2016,11,6
2016,11,6
2016,11,6
2016,11,6
2016,11,6
2016,11,6
2016,11,6
2016,11,6
2016,11,6
2016,11,6
2016,11,6
2016,11,6
2016,11,6
2016,11,6
2016,11,6
2016,11,6
2016,11,6
2016,11,6
2016,11,6
2016,11,6
2016,11,6
2016,11,6
2016,11,6
2016,11,6
2016,11,6
2016,11,6
2016,11,6
2016,11,6
2016,11,6
2016,11,6
2016,11,6
2016,11,6
2016,11,6
2016,11,6
2016,11,6
2016,11,6
2016,11,6
2016,11,6
2016,11,6
2016,11,6
2016,11,6
2016,11,6
2016,11,6
2016,11,6
2016,11,6
2016,11,6
2016,11,6
2016,11,6
2016,11,6
2016,11,6
2016,11,6
2016,11,6
2016,11,6
2016,11,6
2016,11,6
2016,11,6
2016,11,6
2016,11,6
2016,11,6
2016,11,6
2016,11,6
2016,11,6
2016,11,6
2016,11,6
2016,11,6
2016,11,6
2016,11,6
2016,11,6
2016,11,6
2016,11,6
2016,11,6
2016,11,6
2016,11,6
2016,11,6
2016,11,6
2016,11,6
2016,11,6
2016,11,6
2016,11,6
2016,11,6
2016,11,6
2016,11,6
2016,11,6
2016,11,6
2016,11,6
2016,11,6
2016,11,6
2016,11,6
2016,11,6
2016,11,6
2016,11,6
2016,11,6
2016,11,6
2016,11,6
2016,11,6
2016,11,6
2016,11,6
2016,11,6
2016,11,6
2016,11,6
2016,11,6
2016,11,6
2016,11,6
2016,11,6
2016,11,6
2016,11,6
2016,11,6
2016,11,6
2016,11,6
2016,11,6
2016,11,6
2016,11,6
2016,11,6
2016,11,6
2016,11,6
2016,11,6
2016,11,6
2016,11,6
2016,11,6
2016,11,6
2016,11,6
2016,11,6
2016,11,6
2016,11,6
2016,11,6
2016,11,6
2016,11,6
2016,11,6
2016,11,6
2016,11,6
2016,11,6
2016,11,6
2016,11,6
2016,11,6
2016,11,6
2016,11,6
2016,11,6
2016,11,6
2016,11,6
2016,11,6
2016,11,6
2016,11,6
2016,11,6
2016,11,6
2016,11,6
2016,11,6
2016,11,6
2016,11,6
2016,11,6
2016,11,6
2016,11,6
2016,11,6
2016,11,6
2016,11,6
2016,11,6
2016,11,6
2016,11,6
2016,11,6
2016,11,6
2016,11,6
2016,11,6
2016,11,6
2016,11,6
2016,11,6
2016,11,6
2016,11,6
2016,11,6
2016,11,6
2016,11,6
2016,11,6
2016,11,6
2016,11,6
2016,11,6
2016,11,6
2016,11,6
2016,11,6
2016,11,6
2016,11,6
2016,11,6
2016,11,6
2016,11,6
2016,11,6
2016,11,6
2016,11,6
2016,11,6
2016,11,6
2016,11,6
2016,11,6
2016,11,6
2016,11,6
2016,11,6
2016,11,6
2016,11,6
2016,11,6
2016,11,6
2016,11,6
2016,11,6
2016,11,6
2016,11,6
2016,11,6
2016,11,6
2016,11,6
2016,11,6
2016,11,6
2016,11,6
2016,11,6
2016,11,6
2016,11,6
2016,11,6
2016,11,6
2016,11,6
2016,11,6
2016,11,6
2016,11,6
2016,11,6
2016,11,6
2016,11,6
2016,11,6
2016,11,6
2016,11,6
2016,11,6
2016,11,6
2016,11,6
2016,11,6
2016,11,6
2016,11,6
2016,11,6
2016,11,6
2016,11,6
2016,11,6
2016,11,6
2016,11,6
2016,11,6
2016,11,6
2016,11,6
2016,11,6
2016,11,6
2016,11,6
2016,11,6
2016,11,6
2016,11,6
2016,11,6
2016,11,6
2016,11,6
2016,11,6
2016,11,6
2016,11,6
2016,11,6
2016,11,6
2016,11,6
2016,11,6
2016,11,6
2016,11,6
2016,11,6
2016,11,6
2016,11,6
2016,11,6
2016,11,6
2016,11,6
2016,11,6
2016,11,6
2016,11,6
2016,11,6
2016,11,6
2016,11,6
2016,11,6
2016,11,6
2016,11,6
2016,11,6
2016,11,6
2016,11,6
2016,11,6
2016,11,6
2016,11,6
2016,11,6
2016,11,6
2016,11,6
2016,11,6
2016,11,6
2016,11,6
2016,11,6
2016,11,6
2016,11,6
2016,11,6
2016,11,6
2016,11,6
2016,11,6
2016,11,6
2016,11,6
2016,11,6
2016,11,6
2016,11,6
2016,11,6
2016,11,6
2016,11,6
2016,11,6
2016,11,6
2016,11,6
2016,11,6
2016,11,6
2016,11,6
2016,11,6
2016,11,6
2016,11,6
2016,11,6
2016,11,6
2016,11,6
2016,11,6
2016,11,6
2016,11,6
2016,11,6
2016,11,6
2016,11,6
2016,11,6
2016,11,6
2016,11,6
2016,11,6
2016,11,6
2016,11,6
2016,11,6
2016,11,6
2016,11,6
2016,11,6
2016,11,6
2016,11,6
2016,11,6
2016,11,6
2016,11,6
2016,11,6
2016,11,6
2016,11,6
2016,11,6
2016,11,6
2016,11,6
2016,11,6
2016,11,6
2016,11,6
2016,11,6
2016,11,6
2016,11,6
2016,11,6
2016,11,6
2016,11,6
2016,11,6
2016,11,6
2016,11,6
2016,11,6
2016,11,6
2016,11,6
2016,11,6
2016,11,6
2016,11,6
2016,11,6
2016,11,6
2016,11,6
2016,11,6
2016,11,6
2016,11,6
2016,11,6
2016,11,6
2016,11,6
2016,11,6
2016,11,6
2016,11,6
2016,11,6
2016,11,6
2016,11,6
2016,11,6
2016,11,6
2016,11,6
2016,11,6
2016,11,6
2016,11,6
2016,11,6
2016,11,6
2016,11,6
2016,11,6
2016,11,6
2016,11,6
2016,11,6
2016,11,6
2016,11,6
2016,11,6
2016,11,6
2016,11,6
2016,11,6
2016,11,6
2016,11,6
2016,11,6
2016,11,6
2016,11,6
2016,11,6
2016,11,6
2016,11,6
2016,11,6
2016,11,6
2016,11,6
2016,11,6
2016,11,6
2016,11,6
2016,11,6
2016,11,6
2016,11,6
2016,11,6
2016,11,6
2016,11,6
2016,11,6
2016,11,6
2016,11,6
2016,11,6
2016,11,6
2016,11,6
2016,11,6
2016,11,6
2016,11,6
2016,11,6
2016,11,6
2016,11,6
2016,11,6
2016,11,6
2016,11,6
2016,11,6
2016,11,6
2016,11,6
2016,11,6
2016,11,6
2016,11,6
2016,11,6
2016,11,6
2016,11,6
2016,11,6
2016,11,6
2016,11,6
2016,11,6
2016,11,6
2016,11,6
2016,11,6
2016,11,6
2016,11,6
2016,11,6
2016,11,6
2016,11,6
2016,11,6
2016,11,6
2016,11,6
2016,11,6
2016,11,6
2016,11,6
2016,11,6
2016,11,6
2016,11,6
2016,11,6
2016,11,6
2016,11,6
2016,11,6
2016,11,6
2016,11,6
2016,11,6
2016,11,6
2016,11,6
2016,11,6
2016,11,6
2016,11,6
2016,11,6
2016,11,6
2016,11,6
2016,11,6
2016,11,6
2016,11,6
2016,11,6
2016,11,6
2016,11,6
2016,11,6
2016,11,6
2016,11,6
2016,11,6
2016,11,6
2016,11,6
2016,11,6
2016,11,6
2016,11,6
2016,11,6
2016,11,6
2016,11,6
2016,11,6
2016,11,6
2016,11,6
2016,11,6
2016,11,6
2016,11,6
2016,11,6
2016,11,6
2016,11,6
2016,11,6
2016,11,6
2016,11,6
2016,11,6
2016,11,6
2016,11,6
2016,11,6
2016,11,6
2016,11,6
2016,11,6
2016,11,6
2016,11,6
2016,11,6
2016,11,6
2016,11,6
2016,11,6
2016,11,6
2016,11,6
2016,11,6
2016,11,6
2016,11,6
2016,11,6
2016,11,6
2016,11,6
2016,11,6
2016,11,6
2016,11,6
2016,11,6
2016,11,6
2016,11,6
2016,11,6
2016,11,6
2016,11,6
2016,11,6
2016,11,6
2016,11,6
2016,11,6
2016,11,6
2016,11,6
2016,11,6
2016,11,6
2016,11,6
2016,11,6
2016,11,6
2016,11,6
2016,11,6
2016,11,6
2016,11,6
2016,11,6
2016,11,6
2016,11,6
2016,11,6
2016,11,6
2016,11,6
2016,11,6
2016,11,6
2016,11,6
2016,11,6
2016,11,6
2016,11,6
2016,11,6
2016,11,6
2016,11,6
2016,11,6
2016,11,6
2016,11,6
2016,11,6
2016,11,6
2016,11,6
2016,11,6
2016,11,6
2016,11,6
2016,11,6
2016,11,6
2016,11,6
2016,11,6
2016,11,6
2016,11,6
2016,11,6
2016,11,6
2016,11,6
2016,11,6
2016,11,6
2016,11,6
2016,11,6
2016,11,6
2016,11,6
2016,11,6
2016,11,6
2016,11,6
2016,11,6
2016,11,6
2016,11,6
2016,11,6
2016,11,6
2016,11,6
2016,11,6
2016,11,6
2016,11,6
2016,11,6
2016,11,6
2016,11,6
2016,11,6
2016,11,6
2016,11,6
2016,11,6
2016,11,6
2016,11,6
2016,11,6
2016,11,6
2016,11,6
2016,11,6
2016,11,6
2016,11,6
2016,11,6
2016,11,6
2016,11,6
2016,11,6
2016,11,6
2016,11,6
2016,11,6
2016,11,6
2016,11,6
2016,11,6
2016,11,6
2016,11,6
2016,11,6
2016,11,6
2016,11,6
2016,11,6
2016,11,6
2016,11,6
2016,11,6
2016,11,6
2016,11,6
2016,11,6
2016,11,6
2016,11,6
2016,11,6
2016,11,6
2016,11,6
2016,11,6
2016,11,6
2016,11,6
2016,11,6
2016,11,6
2016,11,6
2016,11,6
2016,11,6
2016,11,6
2016,11,6
2016,11,6
2016,11,6
2016,11,6
2016,11,6
2016,11,6
2016,11,6
2016,11,6
2016,11,6
2016,11,6
2016,11,6
2016,11,6
2016,11,6
2016,11,6
2016,11,6
2016,11,6
2016,11,6
2016,11,6
2016,11,6
2016,11,6
2016,11,6
2016,11,6
2016,11,6
2016,11,6
2016,11,6
2016,11,6
2016,11,6
2016,11,6
2016,11,6
2016,11,6
2016,11,6
2016,11,6
2016,11,6
2016,11,6
2016,11,6
2016,11,6
2016,11,6
2016,11,6
2016,11,6
2016,11,6
2016,11,6
2016,11,6
2016,11,6
2016,11,6
2016,11,6
2016,11,6
2016,11,6
2016,11,6
2016,11,6
2016,11,6
2016,11,6
2016,11,6
2016,11,6
2016,11,6
2016,11,6
2016,11,6
2016,11,6
2016,11,6
2016,11,6
2016,11,6
2016,11,6
2016,11,6
2016,11,6
2016,11,6
2016,11,6
2016,11,6
2016,11,6
2016,11,6
2016,11,6
2016,11,6
2016,11,6
2016,11,6
2016,11,6
2016,11,6
2016,11,6
2016,11,6
2016,11,6
2016,11,6
2016,11,6
2016,11,6
2016,11,6
2016,11,6
2016,11,6
2016,11,6
2016,11,6
2016,11,6
2016,11,6
2016,11,6
2016,11,6
2016,11,6
2016,11,6
2016,11,6
2016,11,6
2016,11,6
2016,11,6
2016,11,6
2016,11,6
2016,11,6
2016,11,6
2016,11,6
2016,11,6
2016,11,6
2016,11,6
2016,11,6
2016,11,6
2016,11,6
2016,11,6
2016,11,6
2016,11,6
2016,11,6
2016,11,6
2016,11,6
2016,11,6
2016,11,6
2016,11,6
2016,11,6
2016,11,6
2016,11,6
2016,11,6
2016,11,6
2016,11,6
2016,11,6
2016,11,6
2016,11,6
2016,11,6
2016,11,6
2016,11,6
2016,11,6
2016,11,6
2016,11,6
2016,11,6
2016,11,6
2016,11,6
2016,11,6
2016,11,6
2016,11,6
2016,11,6
2016,11,6
2016,11,6
2016,11,6
2016,11,6
2016,11,6
2016,11,6
2016,11,6
2016,11,6
2016,11,6
2016,11,6
2016,11,6
2016,11,6
2016,11,6
2016,11,6
2016,11,6
2016,11,6
2016,11,6
2016,11,6
2016,11,6
2016,11,6
2016,11,6
2016,11,6
2016,11,6
2016,11,6
2016,11,6
2016,11,6
2016,11,6
2016,11,6
2016,11,6
2016,11,6
2016,11,6
2016,11,6
2016,11,6
2016,11,6
2016,11,6
2016,11,6
2016,11,6
2016,11,6
2016,11,6
2016,11,6
2016,11,6
2016,11,6
2016,11,6
2016,11,6
2016,11,6
2016,11,6
2016,11,6
2016,11,6
2016,11,6
2016,11,6
2016,11,6
2016,11,6
2016,11,6
2016,11,6
2016,11,6
2016,11,6
2016,11,6
2016,11,6
2016,11,6
2016,11,6
2016,11,6
2016,11,6
2016,11,6
2016,11,6
2016,11,6
2016,11,6
2016,11,6
2016,11,6
2016,11,6
2016,11,6
2016,11,6
2016,11,6
2016,11,6
2016,11,6
2016,11,6
2016,11,6
2016,11,6
2016,11,6
2016,11,6
2016,11,6
2016,11,6
2016,11,6
2016,11,6
2016,11,6
2016,11,6
2016,11,6
2016,11,6
2016,11,6
2016,11,6
2016,11,6
2016,11,6
2016,11,6
2016,11,6
2016,11,6
2016,11,6
2016,11,6
2016,11,6
2016,11,6
2016,11,6
2016,11,6
2016,11,6
2016,11,6
2016,11,6
2016,11,6
2016,11,6
2016,11,6
2016,11,6
2016,11,6
2016,11,6
2016,11,6
2016,11,6
2016,11,6
2016,11,6
2016,11,6
2016,11,6
2016,11,6
2016,11,6
2016,11,6
2016,11,6
2016,11,6
2016,11,6
2016,11,6
2016,11,6
2016,11,6
2016,11,6
2016,11,6
2016,11,6
2016,11,6
2016,11,6
2016,11,6
2016,11,6
2016,11,6
2016,11,6
2016,11,6
2016,11,6
2016,11,6
2016,11,6
2016,11,6
2016,11,6
2016,11,6
2016,11,6
2016,11,6
2016,11,6
2016,11,6
2016,11,6
2016,11,6
2016,11,6
2016,11,6
2016,11,6
2016,11,6
2016,11,6
2016,11,6
2016,11,6
2016,11,6
2016,11,6
2016,11,6
2016,11,6
2016,11,6
2016,11,6
2016,11,6
2016,11,6
2016,11,6
2016,11,6
2016,11,6
2016,11,6
2016,11,6
2016,11,6
2016,11,6
2016,11,6
2016,11,6
2016,11,6
2016,11,6
2016,11,6
2016,11,6
2016,11,6
2016,11,6
2016,11,6
2016,11,6
2016,11,6
2016,11,6
2016,11,6
2016,11,6
2016,11,6
2016,11,6
2016,11,6
2016,11,6
2016,11,6
2016,11,6
2016,11,6
2016,11,6
2016,11,6
2016,11,6
2016,11,6
2016,11,6
2016,11,6
2016,11,6
2016,11,6
2016,11,6
2016,11,6
2016,11,6
2016,11,6
2016,11,6
2016,11,6
2016,11,6
2016,11,6
2016,11,6
2016,11,6
2016,11,6
2016,11,6
2016,11,6
2016,11,6
2016,11,6
2016,11,6
2016,11,6
2016,11,6
2016,11,6
2016,11,6
2016,11,6
2016,11,6
2016,11,6
2016,11,6
2016,11,6
2016,11,6
2016,11,6
2016,11,6
2016,11,6
2016,11,6
2016,11,6
2016,11,6
2016,11,6
2016,11,6
2016,11,6
2016,11,6
2016,11,6
2016,11,6
2016,11,6
2016,11,6
2016,11,6
2016,11,6
2016,11,6
2016,11,6
2016,11,6
2016,11,6
2016,11,6
2016,11,6
2016,11,6
2016,11,6
2016,11,6
2016,11,6
2016,11,6
2016,11,6
2016,11,6
2016,11,6
2016,11,6
2016,11,6
2016,11,6
2016,11,6
2016,11,6
2016,11,6
2016,11,6
2016,11,6
2016,11,6
2016,11,6
2016,11,6
2016,11,6
2016,11,6
2016,11,6
2016,11,6
2016,11,6
2016,11,6
2016,11,6
2016,11,6
2016,11,6
2016,11,6
2016,11,6
2016,11,6
2016,11,6
2016,11,6
2016,11,6
2016,11,6
2016,11,6
2016,11,6
2016,11,6
2016,11,6
2016,11,6
2016,11,6
2016,11,6
2016,11,6
2016,11,6
2016,11,6
2016,11,6
2016,11,6
2016,11,6
2016,11,6
2016,11,6
2016,11,6
2016,11,6
2016,11,6
2016,11,6
2016,11,6
2016,11,6
2016,11,6
2016,11,6
2016,11,6
2016,11,6
2016,11,6
2016,11,6
2016,11,6
2016,11,6
2016,11,6
2016,11,6
2016,11,6
2016,11,6
2016,11,6
2016,11,6
2016,11,6
2016,11,6
2016,11,6
2016,11,6
2016,11,6
2016,11,6
2016,11,6
2016,11,6
2016,11,6
2016,11,6
2016,11,6
2016,11,6
2016,11,6
2016,11,6
2016,11,6
2016,11,6
2016,11,6
2016,11,6
2016,11,6
2016,11,6
2016,11,6
2016,11,6
2016,11,6
2016,11,6
2016,11,6
2016,11,6
2016,11,6
2016,11,6
2016,11,6
2016,11,6
2016,11,6
2016,11,6
2016,11,6
2016,11,6
2016,11,6
2016,11,6
2016,11,6
2016,11,6
2016,11,6
2016,11,6
2016,11,6
2016,11,6
2016,11,6
2016,11,6
2016,11,6
2016,11,6
2016,11,6
2016,11,6
2016,11,6
2016,11,6
2016,11,6
2016,11,6
2016,11,6
2016,11,6
2016,11,6
2016,11,6
2016,11,6
2016,11,6
2016,11,6
2016,11,6
2016,11,6
2016,11,6
2016,11,6
2016,11,6
2016,11,6
2016,11,6
2016,11,6
2016,11,6
2016,11,6
2016,11,6
2016,11,6
2016,11,6
2016,11,6
2016,11,6
2016,11,6
2016,11,6
2016,11,6
2016,11,6
2016,11,6
2016,11,6
2016,11,6
2016,11,6
2016,11,6
2016,11,6
2016,11,6
2016,11,6
2016,11,6
2016,11,6
2016,11,6
2016,11,6
2016,11,6
2016,11,6
2016,11,6
2016,11,6
2016,11,6
2016,11,6
2016,11,6
2016,11,6
2016,11,6
2016,11,6
2016,11,6
2016,11,6
2016,11,6
2016,11,6
2016,11,6
2016,11,6
2016,11,6
2016,11,6
2016,11,6
2016,11,6
2016,11,6
2016,11,6
2016,11,6
2016,11,6
2016,11,6
2016,11,6
2016,11,6
2016,11,6
2016,11,6
2016,11,6
2016,11,6
2016,11,6
2016,11,6
2016,11,6
2016,11,6
2016,11,6
2016,11,6
2016,11,6
2016,11,6
2016,11,6
2016,11,6
2016,11,6
2016,11,6
2016,11,6
2016,11,6
2016,11,6
2016,11,6
2016,11,6
2016,11,6
2016,11,6
2016,11,6
2016,11,6
2016,11,6
2016,11,6
2016,11,6
2016,11,6
2016,11,6
2016,11,6
2016,11,6
2016,11,6
2016,11,6
2016,11,6
2016,11,6
2016,11,6
2016,11,6
2016,11,6
2016,11,6
2016,11,6
2016,11,6
2016,11,6
2016,11,6
2016,11,6
2016,11,6
2016,11,6
2016,11,6
2016,11,6
2016,11,6
2016,11,6
2016,11,6
2016,11,6
2016,11,6
2016,11,6
2016,11,6
2016,11,6
2016,11,6
2016,11,6
2016,11,6
2016,11,6
2016,11,6
2016,11,6
2016,11,6
2016,11,6
2016,11,6
2016,11,6
2016,11,6
2016,11,6
2016,11,6
2016,11,6
2016,11,6
2016,11,6
2016,11,6
2016,11,6
2016,11,6
2016,11,6
2016,11,6
2016,11,6
2016,11,6
2016,11,6
2016,11,6
2016,11,6
2016,11,6
2016,11,6
2016,11,6
2016,11,6
2016,11,6
2016,11,6
2016,11,6
2016,11,6
2016,11,6
2016,11,6
2016,11,6
2016,11,6
2016,11,6
2016,11,6
2016,11,6
2016,11,6
2016,11,6
2016,11,6
2016,11,6
2016,11,6
2016,11,6
2016,11,6
2016,11,6
2016,11,6
2016,11,6
2016,11,6
2016,11,6
2016,11,6
2016,11,6
2016,11,6
2016,11,6
2016,11,6
2016,11,6
2016,11,6
2016,11,6
2016,11,6
2016,11,6
2016,11,6
2016,11,6
2016,11,6
2016,11,6
2016,11,6
2016,11,6
2016,11,6
2016,11,6
2016,11,6
2016,11,6
2016,11,6
2016,11,6
2016,11,6
2016,11,6
2016,11,6
2016,11,6
2016,11,6
2016,11,6
2016,11,6
2016,11,6
2016,11,6
2016,11,6
2016,11,6
2016,11,6
2016,11,6
2016,11,6
2016,11,6
2016,11,6
2016,11,6
2016,11,6
2016,11,6
2016,11,6
2016,11,6
2016,11,6
2016,11,6
2016,11,6
2016,11,6
2016,11,6
2016,11,6
2016,11,6
2016,11,6
2016,11,6
2016,11,6
2016,11,6
2016,11,6
2016,11,6
2016,11,6
2016,11,6
2016,11,6
2016,11,6
2016,11,6
2016,11,6
2016,11,6
2016,11,6
2016,11,6
2016,11,6
2016,11,6
2016,11,6
2016,11,6
2016,11,6
2016,11,6
2016,11,6
2016,11,6
2016,11,6
2016,11,6
2016,11,6
2016,11,6
2016,11,6
2016,11,6
2016,11,6
2016,11,6
2016,11,6
2016,11,6
2016,11,6
2016,11,6
2016,11,6
2016,11,6
2016,11,6
2016,11,6
2016,11,6
2016,11,6
2016,11,6
2016,11,6
2016,11,6
2016,11,6
2016,11,6
2016,11,6
2016,11,6
2016,11,6
2016,11,6
2016,11,6
2016,11,6
2016,11,6
2016,11,6
2016,11,6
2016,11,6
2016,11,6
2016,11,6
2016,11,6
2016,11,6
2016,11,6
2016,11,6
2016,11,6
2016,11,6
2016,11,6
2016,11,6
2016,11,6
2016,11,6
2016,11,6
2016,11,6
2016,11,6
2016,11,6
2016,11,6
2016,11,6
2016,11,6
2016,11,6
2016,11,6
2016,11,6
2016,11,6
2016,11,6
2016,11,6
2016,11,6
2016,11,6
2016,11,6
2016,11,6
2016,11,6
2016,11,6
2016,11,6
2016,11,6
2016,11,6
2016,11,6
2016,11,6
2016,11,6
2016,11,6
2016,11,6
2016,11,6
2016,11,6
2016,11,6
2016,11,6
2016,11,6
2016,11,6
2016,11,6
2016,11,6
2016,11,6
2016,11,6
2016,11,6
2016,11,6
2016,11,6
2016,11,6
2016,11,6
2016,11,6
2016,11,6
2016,11,6
2016,11,6
2016,11,6
2016,11,6
2016,11,6
2016,11,6
2016,11,6
2016,11,6
2016,11,6
2016,11,6
2016,11,6
2016,11,6
2016,11,6
2016,11,6
2016,11,6
2016,11,6
2016,11,6
2016,11,6
2016,11,6
2016,11,6
2016,11,6
2016,11,6
2016,11,6
2016,11,6
2016,11,6
2016,11,6
2016,11,6
2016,11,6
2016,11,6
2016,11,6
2016,11,6
2016,11,6
2016,11,6
2016,11,6
2016,11,6
2016,11,6
2016,11,6
2016,11,6
2016,11,6
2016,11,6
2016,11,6
2016,11,6
2016,11,6
2016,11,6
2016,11,6
2016,11,6
2016,11,6
2016,11,6
2016,11,6
2016,11,6
2016,11,6
2016,11,6
2016,11,6
2016,11,6
2016,11,6
2016,11,6
2016,11,6
2016,11,6
2016,11,6
2016,11,6
2016,11,6
2016,11,6
2016,11,6
2016,11,6
2016,11,6
2016,11,6
2016,11,6
2016,11,6
2016,11,6
2016,11,6
2016,11,6
2016,11,6
2016,11,6
2016,11,6
2016,11,6
2016,11,6
2016,11,6
2016,11,6
2016,11,6
2016,11,6
2016,11,6
2016,11,6
2016,11,6
2016,11,6
2016,11,6
2016,11,6
2016,11,6
2016,11,6
2016,11,6
2016,11,6
2016,11,6
2016,11,6
2016,11,6
2016,11,6
2016,11,6
2016,11,6
2016,11,6
2016,11,6
2016,11,6
2016,11,6
2016,11,6
2016,11,6
2016,11,6
2016,11,6
2016,11,6
2016,11,6
2016,11,6
2016,11,6
2016,11,6
2016,11,6
2016,11,6
2016,11,6
2016,11,6
2016,11,6
2016,11,6
2016,11,6
2016,11,6
2016,11,6
2016,11,6
2016,11,6
2016,11,6
2016,11,6
2016,11,6
2016,11,6
2016,11,6
2016,11,6
2016,11,6
2016,11,6
2016,11,6
2016,11,6
2016,11,6
2016,11,6
2016,11,6
2016,11,6
2016,11,6
2016,11,6
2016,11,6
2016,11,6
2016,11,6
2016,11,6
2016,11,6
2016,11,6
2016,11,6
2016,11,6
2016,11,6
2016,11,6
2016,11,6
2016,11,6
2016,11,6
2016,11,6
2016,11,6
2016,11,6
2016,11,6
2016,11,6
2016,11,6
2016,11,6
2016,11,6
2016,11,6
2016,11,6
2016,11,6
2016,11,6
2016,11,6
2016,11,6
2016,11,6
2016,11,6
2016,11,6
2016,11,6
2016,11,6
2016,11,6
2016,11,6
2016,11,6
2016,11,6
2016,11,6
2016,11,6
2016,11,6
2016,11,6
2016,11,6
2016,11,6
2016,11,6
2016,11,6
2016,11,6
2016,11,6
2016,11,6
2016,11,6
2016,11,6
2016,11,6
2016,11,6
2016,11,6
2016,11,6
2016,11,6
2016,11,6
2016,11,6
2016,11,6
2016,11,6
2016,11,6
2016,11,6
2016,11,6
2016,11,6
2016,11,6
2016,11,6
2016,11,6
2016,11,6
2016,11,6
2016,11,6
2016,11,6
2016,11,6
2016,11,6
2016,11,6
2016,11,6
2016,11,6
2016,11,6
2016,11,6
2016,11,6
2016,11,6
2016,11,6
2016,11,6
2016,11,6
2016,11,6
2016,11,6
2016,11,6
2016,11,6
2016,11,6
2016,11,6
2016,11,6
2016,11,6
2016,11,6
2016,11,6
2016,11,6
2016,11,6
2016,11,6
2016,11,6
2016,11,6
2016,11,6
2016,11,6
2016,11,6
2016,11,6
2016,11,6
2016,11,6
2016,11,6
2016,11,6
2016,11,6
2016,11,6
2016,11,6
2016,11,6
2016,11,6
2016,11,6
2016,11,6
2016,11,6
2016,11,6
2016,11,6
2016,11,6
2016,11,6
2016,11,6
2016,11,6
2016,11,6
2016,11,6
2016,11,6
2016,11,6
2016,11,6
2016,11,6
2016,11,6
2016,11,6
2016,11,6
2016,11,6
2016,11,6
2016,11,6
2016,11,6
2016,11,6
2016,11,6
2016,11,6
2016,11,6
2016,11,6
2016,11,6
2016,11,6
2016,11,6
2016,11,6
2016,11,6
2016,11,6
2016,11,6
2016,11,6
2016,11,6
2016,11,6
2016,11,6
2016,11,6
2016,11,6
2016,11,6
2016,11,6
2016,11,6
2016,11,6
2016,11,6
2016,11,6
2016,11,6
2016,11,6
2016,11,6
2016,11,6
2016,11,6
2016,11,6
2016,11,6
2016,11,6
2016,11,6
2016,11,6
2016,11,6
2016,11,6
2016,11,6
2016,11,6
2016,11,6
2016,11,6
2016,11,6
2016,11,6
2016,11,6
2016,11,6
2016,11,6
2016,11,6
2016,11,6
2016,11,6
2016,11,6
2016,11,6
2016,11,6
2016,11,6
2016,11,6
2016,11,6
2016,11,6
2016,11,6
2016,11,6
2016,11,6
2016,11,6
2016,11,6
2016,11,6
2016,11,6
2016,11,6
2016,11,6
2016,11,6
2016,11,6
2016,11,6
2016,11,6
2016,11,6
2016,11,6
2016,11,6
2016,11,6
2016,11,6
2016,11,6
2016,11,6
2016,11,6
2016,11,6
2016,11,6
2016,11,6
2016,11,6
2016,11,6
2016,11,6
2016,11,6
2016,11,6
2016,11,6
2016,11,6
2016,11,6
2016,11,6
2016,11,6
2016,11,6
2016,11,6
2016,11,6
2016,11,6
2016,11,6
2016,11,6
2016,11,6
2016,11,6
2016,11,6
2016,11,6
2016,11,6
2016,11,6
2016,11,6
2016,11,6
2016,11,6
2016,11,6
2016,11,6
2016,11,6
2016,11,6
2016,11,6
2016,11,6
2016,11,6
2016,11,6
2016,11,6
2016,11,6
2016,11,6
2016,11,6
2016,11,6
2016,11,6
2016,11,6
2016,11,6
2016,11,6
2016,11,6
2016,11,6
2016,11,6
2016,11,6
2016,11,6
2016,11,6
2016,11,6
2016,11,6
2016,11,6
2016,11,6
2016,11,6
2016,11,6
2016,11,6
2016,11,6
2016,11,6
2016,11,6
2016,11,6
2016,11,6
2016,11,6
2016,11,6
2016,11,6
2016,11,6
2016,11,6
2016,11,6
2016,11,6
2016,11,6
2016,11,6
2016,11,6
2016,11,6
2016,11,6
2016,11,6
2016,11,6
2016,11,6
2016,11,6
2016,11,6
2016,11,6
2016,11,6
2016,11,6
2016,11,6
2016,11,6
2016,11,6
2016,11,6
2016,11,6
2016,11,6
2016,11,6
2016,11,6
2016,11,6
2016,11,6
2016,11,6
2016,11,6
2016,11,6
2016,11,6
2016,11,6
2016,11,6
2016,11,6
2016,11,6
2016,11,6
2016,11,6
2016,11,6
2016,11,6
2016,11,6
2016,11,6
2016,11,6
2016,11,6
2016,11,6
2016,11,6
2016,11,6
2016,11,6
2016,11,6
2016,11,6
2016,11,6
2016,11,6
2016,11,6
2016,11,6
2016,11,6
2016,11,6
2016,11,6
2016,11,6
2016,11,6
2016,11,6
2016,11,6
2016,11,6
2016,11,6
2016,11,6
2016,11,6
2016,11,6
2016,11,6
2016,11,6
2016,11,6
2016,11,6
2016,11,6
2016,11,6
2016,11,6
2016,11,6
2016,11,6
2016,11,6
2016,11,6
2016,11,6
2016,11,6
2016,11,6
2016,11,6
2016,11,6
2016,11,6
2016,11,6
2016,11,6
2016,11,6
2016,11,6
2016,11,6
2016,11,6
2016,11,6
2016,11,6
2016,11,6
2016,11,6
2016,11,6
2016,11,6
2016,11,6
2016,11,6
2016,11,6
2016,11,6
2016,11,6
2016,11,6
2016,11,6
2016,11,6
2016,11,6
2016,11,6
2016,11,6
2016,11,6
2016,11,6
2016,11,6
2016,11,6
2016,11,6
2016,11,6
2016,11,6
2016,11,6
2016,11,6
2016,11,6
2016,11,6
2016,11,6
2016,11,6
2016,11,6
2016,11,6
2016,11,6
2016,11,6
2016,11,6
2016,11,6
2016,11,6
2016,11,6
2016,11,6
2016,11,6
2016,11,6
2016,11,6
2016,11,6
2016,11,6
2016,11,6
2016,11,6
2016,11,6
2016,11,6
2016,11,6
2016,11,6
2016,11,6
2016,11,6
2016,11,6
2016,11,6
2016,11,6
2016,11,6
2016,11,6
2016,11,6
2016,11,6
2016,11,6
2016,11,6
2016,11,6
2016,11,6
2016,11,6
2016,11,6
2016,11,6
2016,11,6
2016,11,6
2016,11,6
2016,11,6
2016,11,6
2016,11,6
2016,11,6
2016,11,6
2016,11,6
2016,11,6
2016,11,6
2016,11,6
2016,11,6
2016,11,6
2016,11,6
2016,11,6
2016,11,6
2016,11,6
2016,11,6
2016,11,6
2016,11,6
2016,11,6
2016,11,6
2016,11,6
2016,11,6
2016,11,6
2016,11,6
2016,11,6
2016,11,6
2016,11,6
2016,11,6
2016,11,6
2016,11,6
2016,11,6
2016,11,6
2016,11,6
2016,11,6
2016,11,6
2016,11,6
2016,11,6
2016,11,6
2016,11,6
2016,11,6
2016,11,6
2016,11,6
2016,11,6
2016,11,6
2016,11,6
2016,11,6
2016,11,6
2016,11,6
2016,11,6
2016,11,6
2016,11,6
2016,11,6
2016,11,6
2016,11,6
2016,11,6
2016,11,6
2016,11,6
2016,11,6
2016,11,6
2016,11,6
2016,11,6
2016,11,6
2016,11,6
2016,11,6
2016,11,6
2016,11,6
2016,11,6
2016,11,6
2016,11,6
2016,11,6
2016,11,6
2016,11,6
2016,11,6
2016,11,6
2016,11,6
2016,11,6
2016,11,6
2016,11,6
2016,11,6
2016,11,6
2016,11,6
2016,11,6
2016,11,6
2016,11,6
2016,11,6
2016,11,6
2016,11,6
2016,11,6
2016,11,6
2016,11,6
2016,11,6
2016,11,6
2016,11,6
2016,11,6
2016,11,6
2016,11,6
2016,11,6
2016,11,6
2016,11,6
2016,11,6
2016,11,6
2016,11,6
2016,11,6
2016,11,6
2016,11,6
2016,11,6
2016,11,6
2016,11,6
2016,11,6
2016,11,6
2016,11,6
2016,11,6
2016,11,6
2016,11,6
2016,11,6
2016,11,6
2016,11,6
2016,11,6
2016,11,6
2016,11,6
2016,11,6
2016,11,6
2016,11,6
2016,11,6
2016,11,6
2016,11,6
2016,11,6
2016,11,6
2016,11,6
2016,11,6
2016,11,6
2016,11,6
2016,11,6
2016,11,6
2016,11,6
2016,11,6
2016,11,6
2016,11,6
2016,11,6
2016,11,6
2016,11,6
2016,11,6
2016,11,6
2016,11,6
2016,11,6
2016,11,6
2016,11,6
2016,11,6
2016,11,6
2016,11,6
2016,11,6
2016,11,6
2016,11,6
2016,11,6
2016,11,6
2016,11,6
2016,11,6
2016,11,6
2016,11,6
2016,11,6
2016,11,6
2016,11,6
2016,11,6
2016,11,6
2016,11,6
2016,11,6
2016,11,6
2016,11,6
2016,11,6
2016,11,6
2016,11,6
2016,11,6
2016,11,6
2016,11,6
2016,11,6
2016,11,6
2016,11,6
2016,11,6
2016,11,6
2016,11,6
2016,11,6
2016,11,6
2016,11,6
2016,11,6
2016,11,6
2016,11,6
2016,11,6
2016,11,6
2016,11,6
2016,11,6
2016,11,6
2016,11,6
2016,11,6
2016,11,6
2016,11,6
2016,11,6
2016,11,6
2016,11,6
2016,11,6
2016,11,6
2016,11,6
2016,11,6
2016,11,6
2016,11,6
2016,11,6
2016,11,6
2016,11,6
2016,11,6
2016,11,6
2016,11,6
2016,11,6
2016,11,6
2016,11,6
2016,11,6
2016,11,6
2016,11,6
2016,11,6
2016,11,6
2016,11,6
2016,11,6
2016,11,6
2016,11,6
2016,11,6
2016,11,6
2016,11,6
2016,11,6
2016,11,6
2016,11,6
2016,11,6
2016,11,6
2016,11,6
2016,11,6
2016,11,6
2016,11,6
2016,11,6
2016,11,6
2016,11,6
2016,11,6
2016,11,6
2016,11,6
2016,11,6
2016,11,6
2016,11,6
2016,11,6
2016,11,6
2016,11,6
2016,11,6
2016,11,6
2016,11,6
2016,11,6
2016,11,6
2016,11,6
2016,11,6
2016,11,6
2016,11,6
2016,11,6
2016,11,6
2016,11,6
2016,11,6
2016,11,6
2016,11,6
2016,11,6
2016,11,6
2016,11,6
2016,11,6
2016,11,6
2016,11,6
2016,11,6
2016,11,6
2016,11,6
2016,11,6
2016,11,6
2016,11,6
2016,11,6
2016,11,6
2016,11,6
2016,11,6
2016,11,6
2016,11,6
2016,11,6
2016,11,6
2016,11,6
2016,11,6
2016,11,6
2016,11,6
2016,11,6
2016,11,6
2016,11,6
2016,11,6
2016,11,6
2016,11,6
2016,11,6
2016,11,6
2016,11,6
2016,11,6
2016,11,6
2016,11,6
2016,11,6
2016,11,6
2016,11,6
2016,11,6
2016,11,6
2016,11,6
2016,11,6
2016,11,6
2016,11,6
2016,11,6
2016,11,6
2016,11,6
2016,11,6
2016,11,6
2016,11,6
2016,11,6
2016,11,6
2016,11,6
2016,11,6
2016,11,6
2016,11,6
2016,11,6
2016,11,6
2016,11,6
2016,11,6
2016,11,6
2016,11,6
2016,11,6
2016,11,6
2016,11,6
2016,11,6
2016,11,6
2016,11,6
2016,11,6
2016,11,6
2016,11,6
2016,11,6
2016,11,6
2016,11,6
2016,11,6
2016,11,6
2016,11,6
2016,11,6
2016,11,6
2016,11,6
2016,11,6
2016,11,6
2016,11,6
2016,11,6
2016,11,6
2016,11,6
2016,11,6
2016,11,6
2016,11,6
2016,11,6
2016,11,6
2016,11,6
2016,11,6
2016,11,6
2016,11,6
2016,11,6
2016,11,6
2016,11,6
2016,11,6
2016,11,6
2016,11,6
2016,11,6
2016,11,6
2016,11,6
2016,11,6
2016,11,6
2016,11,6
2016,11,6
2016,11,6
2016,11,6
2016,11,6
2016,11,6
2016,11,6
2016,11,6
2016,11,6
2016,11,6
2016,11,6
2016,11,6
2016,11,6
2016,11,6
2016,11,6
2016,11,6
2016,11,6
2016,11,6
2016,11,6
2016,11,6
2016,11,6
2016,11,6
2016,11,6
2016,11,6
2016,11,6
2016,11,6
2016,11,6
2016,11,6
2016,11,6
2016,11,6
2016,11,6
2016,11,6
2016,11,6
2016,11,6
2016,11,6
2016,11,6
2016,11,6
2016,11,6
2016,11,6
2016,11,6
2016,11,6
2016,11,6
2016,11,6
2016,11,6
2016,11,6
2016,11,6
2016,11,6
2016,11,6
2016,11,6
2016,11,6
2016,11,6
2016,11,6
2016,11,6
2016,11,6
2016,11,6
2016,11,6
2016,11,6
2016,11,6
2016,11,6
2016,11,6
2016,11,6
2016,11,6
2016,11,6
2016,11,6
2016,11,6
2016,11,6
2016,11,6
2016,11,6
2016,11,6
2016,11,6
2016,11,6
2016,11,6
2016,11,6
2016,11,6
2016,11,6
2016,11,6
2016,11,6
2016,11,6
2016,11,6
2016,11,6
2016,11,6
2016,11,6
2016,11,6
2016,11,6
2016,11,6
2016,11,6
2016,11,6
2016,11,6
2016,11,6
2016,11,6
2016,11,6
2016,11,6
2016,11,6
2016,11,6
2016,11,6
2016,11,6
2016,11,6
2016,11,6
2016,11,6
2016,11,6
2016,11,6
2016,11,6
2016,11,6
2016,11,6
2016,11,6
2016,11,6
2016,11,6
2016,11,6
2016,11,6
2016,11,6
2016,11,6
2016,11,6
2016,11,6
2016,11,6
2016,11,6
2016,11,6
2016,11,6
2016,11,6
2016,11,6
2016,11,6
2016,11,6
2016,11,6
2016,11,6
2016,11,6
2016,11,6
2016,11,6
2016,11,6
2016,11,6
2016,11,6
2016,11,6
2016,11,6
2016,11,6
2016,11,6
2016,11,6
2016,11,6
2016,11,6
2016,11,6
2016,11,6
2016,11,6
2016,11,6
2016,11,6
2016,11,6
2016,11,6
2016,11,6
2016,11,6
2016,11,6
2016,11,6
2016,11,6
2016,11,6
2016,11,6
2016,11,6
2016,11,6
2016,11,6
2016,11,6
2016,11,6
2016,11,6
2016,11,6
2016,11,6
2016,11,6
2016,11,6
2016,11,6
2016,11,6
2016,11,6
2016,11,6
2016,11,6
2016,11,6
2016,11,6
2016,11,6
2016,11,6
2016,11,6
2016,11,6
2016,11,6
2016,11,6
2016,11,6
2016,11,6
2016,11,6
2016,11,6
2016,11,6
2016,11,6
2016,11,6
2016,11,6
2016,11,6
2016,11,6
2016,11,6
2016,11,6
2016,11,6
2016,11,6
2016,11,6
2016,11,6
2016,11,6
2016,11,6
2016,11,6
2016,11,6
2016,11,6
2016,11,6
2016,11,6
2016,11,6
2016,11,6
2016,11,6
2016,11,6
2016,11,6
2016,11,6
2016,11,6
2016,11,6
2016,11,6
2016,11,6
2016,11,6
2016,11,6
2016,11,6
2016,11,6
2016,11,6
2016,11,6
2016,11,6
2016,11,6
2016,11,6
2016,11,6
2016,11,6
2016,11,6
2016,11,6
2016,11,6
2016,11,6
2016,11,6
2016,11,6
2016,11,6
2016,11,6
2016,11,6
2016,11,6
2016,11,6
2016,11,6
2016,11,6
2016,11,6
2016,11,6
2016,11,6
2016,11,6
2016,11,6
2016,11,6
2016,11,6
2016,11,6
2016,11,6
2016,11,6
2016,11,6
2016,11,6
2016,11,6
2016,11,6
2016,11,6
2016,11,6
2016,11,6
2016,11,6
2016,11,6
2016,11,6
2016,11,6
2016,11,6
2016,11,6
2016,11,6
2016,11,6
2016,11,6
2016,11,6
2016,11,6
2016,11,6
2016,11,6
2016,11,6
2016,11,6
2016,11,6
2016,11,6
2016,11,6
2016,11,6
2016,11,6
2016,11,6
2016,11,6
2016,11,6
2016,11,6
2016,11,6
2016,11,6
2016,11,6
2016,11,6
2016,11,6
2016,11,6
2016,11,6
2016,11,6
2016,11,6
2016,11,6
2016,11,6
2016,11,6
2016,11,6
2016,11,6
2016,11,6
2016,11,6
2016,11,6
2016,11,6
2016,11,6
2016,11,6
2016,11,6
2016,11,6
2016,11,6
2016,11,6
2016,11,6
2016,11,6
2016,11,6
2016,11,6
2016,11,6
2016,11,6
2016,11,6
2016,11,6
2016,11,6
2016,11,6
2016,11,6
2016,11,6
2016,11,6
2016,11,6
2016,11,6
2016,11,6
2016,11,6
2016,11,6
2016,11,6
2016,11,6
2016,11,6
2016,11,6
2016,11,6
2016,11,6
2016,11,6
2016,11,6
2016,11,6
2016,11,6
2016,11,6
2016,11,6
2016,11,6
2016,11,6
2016,11,6
2016,11,6
2016,11,6
2016,11,6
2016,11,6
2016,11,6
2016,11,6
2016,11,6
2016,11,6
2016,11,6
2016,11,6
2016,11,6
2016,11,6
2016,11,6
2016,11,6
2016,11,6
2016,11,6
2016,11,6
2016,11,6
2016,11,6
2016,11,6
2016,11,6
2016,11,6
2016,11,6
2016,11,6
2016,11,6
2016,11,6
2016,11,6
2016,11,6
2016,11,6
2016,11,6
2016,11,6
2016,11,6
2016,11,6
2016,11,6
2016,11,6
2016,11,6
2016,11,6
2016,11,6
2016,11,6
2016,11,6
2016,11,6
2016,11,6
2016,11,6
2016,11,6
2016,11,6
2016,11,6
2016,11,6
2016,11,6
2016,11,6
2016,11,6
2016,11,6
2016,11,6
2016,11,6
2016,11,6
2016,11,6
2016,11,6
2016,11,6
2016,11,6
2016,11,6
2016,11,6
2016,11,6
2016,11,6
2016,11,6
2016,11,6
2016,11,6
2016,11,6
2016,11,6
2016,11,6
2016,11,6
2016,11,6
2016,11,6
2016,11,6
2016,11,6
2016,11,6
2016,11,6
2016,11,6
2016,11,6
2016,11,6
2016,11,6
2016,11,6
2016,11,6
2016,11,6
2016,11,6
2016,11,6
2016,11,6
2016,11,6
2016,11,6
2016,11,6
2016,11,6
2016,11,6
2016,11,6
2016,11,6
2016,11,6
2016,11,6
2016,11,6
2016,11,6
2016,11,6
2016,11,6
2016,11,6
2016,11,6
2016,11,6
2016,11,6
2016,11,6
2016,11,6
2016,11,6
2016,11,6
2016,11,6
2016,11,6
2016,11,6
2016,11,6
2016,11,6
2016,11,6
2016,11,6
2016,11,6
2016,11,6
2016,11,6
2016,11,6
2016,11,6
2016,11,6
2016,11,6
2016,11,6
2016,11,6
2016,11,6
2016,11,6
2016,11,6
2016,11,6
2016,11,6
2016,11,6
2016,11,6
2016,11,6
2016,11,6
2016,11,6
2016,11,6
2016,11,6
2016,11,6
2016,11,6
2016,11,6
2016,11,6
2016,11,6
2016,11,6
2016,11,6
2016,11,6
2016,11,6
2016,11,6
2016,11,6
2016,11,6
2016,11,6
2016,11,6
2016,11,6
2016,11,6
2016,11,6
2016,11,6
2016,11,6
2016,11,6
2016,11,6
2016,11,6
2016,11,6
2016,11,6
2016,11,6
2016,11,6
2016,11,6
2016,11,6
2016,11,6
2016,11,6
2016,11,6
2016,11,6
2016,11,6
2016,11,6
2016,11,6
2016,11,6
2016,11,6
2016,11,6
2016,11,6
2016,11,6
2016,11,6
2016,11,6
2016,11,6
2016,11,6
2016,11,6
2016,11,6
2016,11,6
2016,11,6
2016,11,6
2016,11,6
2016,11,6
2016,11,6
2016,11,6
2016,11,6
2016,11,6
2016,11,6
2016,11,6
2016,11,6
2016,11,6
2016,11,6
2016,11,6
2016,11,6
2016,11,6
2016,11,6
2016,11,6
2016,11,6
2016,11,6
2016,11,6
2016,11,6
2016,11,6
2016,11,6
2016,11,6
2016,11,6
2016,11,6
2016,11,6
2016,11,6
2016,11,6
2016,11,6
2016,11,6
2016,11,6
2016,11,6
2016,11,6
2016,11,6
2016,11,6
2016,11,6
2016,11,6
2016,11,6
2016,11,6
2016,11,6
2016,11,6
2016,11,6
2016,11,6
2016,11,6
2016,11,6
2016,11,6
2016,11,6
2016,11,6
2016,11,6
2016,11,6
2016,11,6
2016,11,6
2016,11,6
2016,11,6
2016,11,6
2016,11,6
2016,11,6
2016,11,6
2016,11,6
2016,11,6
2016,11,6
2016,11,6
2016,11,6
2016,11,6
2016,11,6
2016,11,6
2016,11,6
2016,11,6
2016,11,6
2016,11,6
2016,11,6
2016,11,6
2016,11,6
2016,11,6
2016,11,6
2016,11,6
2016,11,6
2016,11,6
2016,11,6
2016,11,6
2016,11,6
2016,11,6
2016,11,6
2016,11,6
2016,11,6
2016,11,6
2016,11,6
2016,11,6
2016,11,6
2016,11,6
2016,11,6
2016,11,6
2016,11,6
2016,11,6
2016,11,6
2016,11,6
2016,11,6
2016,11,6
2016,11,6
2016,11,6
2016,11,6
2016,11,6
2016,11,6
2016,11,6
2016,11,6
2016,11,6
2016,11,6
2016,11,6
2016,11,6
2016,11,6
2016,11,6
2016,11,6
2016,11,6
2016,11,6
2016,11,6
2016,11,6
2016,11,6
2016,11,6
2016,11,6
2016,11,6
2016,11,6
2016,11,6
2016,11,6
2016,11,6
2016,11,6
2016,11,6
2016,11,6
2016,11,6
2016,11,6
2016,11,6
2016,11,6
2016,11,6
2016,11,6
2016,11,6
2016,11,6
2016,11,6
2016,11,6
2016,11,6
2016,11,6
2016,11,6
2016,11,6
2016,11,6
2016,11,6
2016,11,6
2016,11,6
2016,11,6
2016,11,6
2016,11,6
2016,11,6
2016,11,6
2016,11,6
2016,11,6
2016,11,6
2016,11,6
2016,11,6
2016,11,6
2016,11,6
2016,11,6
2016,11,6
2016,11,6
2016,11,6
2016,11,6
2016,11,6
2016,11,6
2016,11,6
2016,11,6
2016,11,6
2016,11,6
2016,11,6
2016,11,6
2016,11,6
2016,11,6
2016,11,6
2016,11,6
2016,11,6
2016,11,6
2016,11,6
2016,11,6
2016,11,6
2016,11,6
2016,11,6
2016,11,6
2016,11,6
2016,11,6
2016,11,6
2016,11,6
2016,11,6
2016,11,6
2016,11,6
2016,11,6
2016,11,6
2016,11,6
2016,11,6
2016,11,6
2016,11,6
2016,11,6
2016,11,6
2016,11,6
2016,11,6
2016,11,6
2016,11,6
2016,11,6
2016,11,6
2016,11,6
2016,11,6
2016,11,6
2016,11,6
2016,11,6
2016,11,6
2016,11,6
2016,11,6
2016,11,6
2016,11,6
2016,11,6
2016,11,6
2016,11,6
2016,11,6
2016,11,6
2016,11,6
2016,11,6
2016,11,6
2016,11,6
2016,11,6
2016,11,6
2016,11,6
2016,11,6
2016,11,6
2016,11,6
2016,11,6
2016,11,6
2016,11,6
2016,11,6
2016,11,6
2016,11,6
2016,11,6
2016,11,6
2016,11,6
2016,11,6
2016,11,6
2016,11,6
2016,11,6
2016,11,6
2016,11,6
2016,11,6
2016,11,6
2016,11,6
2016,11,6
2016,11,6
2016,11,6
2016,11,6
2016,11,6
2016,11,6
2016,11,6
2016,11,6
2016,11,6
2016,11,6
2016,11,6
2016,11,6
2016,11,6
2016,11,6
2016,11,6
2016,11,6
2016,11,6
2016,11,6
2016,11,6
2016,11,6
2016,11,6
2016,11,6
2016,11,6
2016,11,6
2016,11,6
2016,11,6
2016,11,6
2016,11,6
2016,11,6
2016,11,6
2016,11,6
2016,11,6
2016,11,6
2016,11,6
2016,11,6
2016,11,6
2016,11,6
2016,11,6
2016,11,6
2016,11,6
2016,11,6
2016,11,6
2016,11,6
2016,11,6
2016,11,6
2016,11,6
2016,11,6
2016,11,6
2016,11,6
2016,11,6
2016,11,6
2016,11,6
2016,11,6
2016,11,6
2016,11,6
2016,11,6
2016,11,6
2016,11,6
2016,11,6
2016,11,6
2016,11,6
2016,11,6
2016,11,6
2016,11,6
2016,11,6
2016,11,6
2016,11,6
2016,11,6
2016,11,6
2016,11,6
2016,11,6
2016,11,6
2016,11,6
2016,11,6
2016,11,6
2016,11,6
2016,11,6
2016,11,6
2016,11,6
2016,11,6
2016,11,6
2016,11,6
2016,11,6
2016,11,6
2016,11,6
2016,11,6
2016,11,6
2016,11,6
2016,11,6
2016,11,6
2016,11,6
2016,11,6
2016,11,6
2016,11,6
2016,11,6
2016,11,6
2016,11,6
2016,11,6
2016,11,6
2016,11,6
2016,11,6
2016,11,6
2016,11,6
2016,11,6
2016,11,6
2016,11,6
2016,11,6
2016,11,6
2016,11,6
2016,11,6
2016,11,6
2016,11,6
2016,11,6
2016,11,6
2016,11,6
2016,11,6
2016,11,6
2016,11,6
2016,11,6
2016,11,6
2016,11,6
2016,11,6
2016,11,6
2016,11,6
2016,11,6
2016,11,6
2016,11,6
2016,11,6
2016,11,6
2016,11,6
2016,11,6
2016,11,6
2016,11,6
2016,11,6
2016,11,6
2016,11,6
2016,11,6
2016,11,6
2016,11,6
2016,11,6
2016,11,6
2016,11,6
2016,11,6
2016,11,6
2016,11,6
2016,11,6
2016,11,6
2016,11,6
2016,11,6
2016,11,6
2016,11,6
2016,11,6
2016,11,6
2016,11,6
2016,11,6
2016,11,6
2016,11,6
2016,11,6
2016,11,6
2016,11,6
2016,11,6
2016,11,6
2016,11,6
2016,11,6
2016,11,6
2016,11,6
2016,11,6
2016,11,6
2016,11,6
2016,11,6
2016,11,6
2016,11,6
2016,11,6
2016,11,6
2016,11,6
2016,11,6
2016,11,6
2016,11,6
2016,11,6
2016,11,6
2016,11,6
2016,11,6
2016,11,6
2016,11,6
2016,11,6
2016,11,6
2016,11,6
2016,11,6
2016,11,6
2016,11,6
2016,11,6
2016,11,6
2016,11,6
2016,11,6
2016,11,6
2016,11,6
2016,11,6
2016,11,6
2016,11,6
2016,11,6
2016,11,6
2016,11,6
2016,11,6
2016,11,6
2016,11,6
2016,11,6
2016,11,6
2016,11,6
2016,11,6
2016,11,6
2016,11,6
2016,11,6
2016,11,6
2016,11,6
2016,11,6
2016,11,6
2016,11,6
2016,11,6
2016,11,6
2016,11,6
2016,11,6
2016,11,6
2016,11,6
2016,11,6
2016,11,6
2016,11,6
2016,11,6
2016,11,6
2016,11,6
2016,11,6
2016,11,6
2016,11,6
2016,11,6
2016,11,6
2016,11,6
2016,11,6
2016,11,6
2016,11,6
2016,11,6
2016,11,6
2016,11,6
2016,11,6
2016,11,6
2016,11,6
2016,11,6
2016,11,6
2016,11,6
2016,11,6
2016,11,6
2016,11,6
2016,11,6
2016,11,6
2016,11,6
2016,11,6
2016,11,6
2016,11,6
2016,11,6
2016,11,6
2016,11,6
2016,11,6
2016,11,6
2016,11,6
2016,11,6
2016,11,6
2016,11,6
2016,11,6
2016,11,6
2016,11,6
2016,11,6
2016,11,6
2016,11,6
2016,11,6
2016,11,6
2016,11,6
2016,11,6
2016,11,6
2016,11,6
2016,11,6
2016,11,6
2016,11,6
2016,11,6
2016,11,6
2016,11,6
2016,11,6
2016,11,6
2016,11,6
2016,11,6
2016,11,6
2016,11,6
2016,11,6
2016,11,6
2016,11,6
2016,11,6
2016,11,6
2016,11,6
2016,11,6
2016,11,6
2016,11,6
2016,11,6
2016,11,6
2016,11,6
2016,11,6
2016,11,6
2016,11,6
2016,11,6
2016,11,6
2016,11,6
2016,11,6
2016,11,6
2016,11,6
2016,11,6
2016,11,6
2016,11,6
2016,11,6
2016,11,6
2016,11,6
2016,11,6
2016,11,6
2016,11,6
2016,11,6
2016,11,6
2016,11,6
2016,11,6
2016,11,6
2016,11,6
2016,11,6
2016,11,6
2016,11,6
2016,11,6
2016,11,6
2016,11,6
2016,11,6
2016,11,6
2016,11,6
2016,11,6
2016,11,6
2016,11,6
2016,11,6
2016,11,6
2016,11,6
2016,11,6
2016,11,6
2016,11,6
2016,11,6
2016,11,6
2016,11,6
2016,11,6
2016,11,6
2016,11,6
2016,11,6
2016,11,6
2016,11,6
2016,11,6
2016,11,6
2016,11,6
2016,11,6
2016,11,6
2016,11,6
2016,11,6
2016,11,6
2016,11,6
2016,11,6
2016,11,6
2016,11,6
2016,11,6
2016,11,6
2016,11,6
2016,11,6
2016,11,6
2016,11,6
2016,11,6
2016,11,6
2016,11,6
2016,11,6
2016,11,6
2016,11,6
2016,11,6
2016,11,6
2016,11,6
2016,11,6
2016,11,6
2016,11,6
2016,11,6
2016,11,6
2016,11,6
2016,11,6
2016,11,6
2016,11,6
2016,11,6
2016,11,6
2016,11,6
2016,11,6
2016,11,6
2016,11,6
2016,11,6
2016,11,6
2016,11,6
2016,11,6
2016,11,6
2016,11,6
2016,11,6
2016,11,6
2016,11,6
2016,11,6
2016,11,6
2016,11,6
2016,11,6
2016,11,6
2016,11,6
2016,11,6
2016,11,6
2016,11,6
2016,11,6
2016,11,6
2016,11,6
2016,11,6
2016,11,6
2016,11,6
2016,11,6
2016,11,6
2016,11,6
2016,11,6
2016,11,6
2016,11,6
2016,11,6
2016,11,6
2016,11,6
2016,11,6
2016,11,6
2016,11,6
2016,11,6
2016,11,6
2016,11,6
2016,11,6
2016,11,6
2016,11,6
2016,11,6
2016,11,6
2016,11,6
2016,11,6
2016,11,6
2016,11,6
2016,11,6
2016,11,6
2016,11,6
2016,11,6
2016,11,6
2016,11,6
2016,11,6
2016,11,6
2016,11,6
2016,11,6
2016,11,6
2016,11,6
2016,11,6
2016,11,6
2016,11,6
2016,11,6
2016,11,6
2016,11,6
2016,11,6
2016,11,6
2016,11,6
2016,11,6
2016,11,6
2016,11,6
2016,11,6
2016,11,6
2016,11,6
2016,11,6
2016,11,6
2016,11,6
2016,11,6
2016,11,6
2016,11,6
2016,11,6
2016,11,6
2016,11,6
2016,11,6
2016,11,6
2016,11,6
2016,11,6
2016,11,6
2016,11,6
2016,11,6
2016,11,6
2016,11,6
2016,11,6
2016,11,6
2016,11,6
2016,11,6
2016,11,6
2016,11,6
2016,11,6
2016,11,6
2016,11,6
2016,11,6
2016,11,6
2016,11,6
2016,11,6
2016,11,6
2016,11,6
2016,11,6
2016,11,6
2016,11,6
2016,11,6
2016,11,6
2016,11,6
2016,11,6
2016,11,6
2016,11,6
2016,11,6
2016,11,6
2016,11,6
2016,11,6
2016,11,6
2016,11,6
2016,11,6
2016,11,6
2016,11,6
2016,11,6
2016,11,6
2016,11,6
2016,11,6
2016,11,6
2016,11,6
2016,11,6
2016,11,6
2016,11,6
2016,11,6
2016,11,6
2016,11,6
2016,11,6
2016,11,6
2016,11,6
2016,11,6
2016,11,6
2016,11,6
2016,11,6
2016,11,6
2016,11,6
2016,11,6
2016,11,6
2016,11,6
2016,11,6
2016,11,6
2016,11,6
2016,11,6
2016,11,6
2016,11,6
2016,11,6
2016,11,6
2016,11,6
2016,11,6
2016,11,6
2016,11,6
2016,11,6
2016,11,6
2016,11,6
2016,11,6
2016,11,6
2016,11,6
2016,11,6
2016,11,6
2016,11,6
2016,11,6
2016,11,6
2016,11,6
2016,11,6
2016,11,6
2016,11,6
2016,11,6
2016,11,6
2016,11,6
2016,11,6
2016,11,6
2016,11,6
2016,11,6
2016,11,6
2016,11,6
2016,11,6
2016,11,6
2016,11,6
2016,11,6
2016,11,6
2016,11,6
2016,11,6
2016,11,6
2016,11,6
2016,11,6
2016,11,6
2016,11,6
2016,11,6
2016,11,6
2016,11,6
2016,11,6
2016,11,6
2016,11,6
2016,11,6
2016,11,6
2016,11,6
2016,11,6
2016,11,6
2016,11,6
2016,11,6
2016,11,6
2016,11,6
2016,11,6
2016,11,6
2016,11,6
2016,11,6
2016,11,6
2016,11,6
2016,11,6
2016,11,6
2016,11,6
2016,11,6
2016,11,6
2016,11,6
2016,11,6
2016,11,6
2016,11,6
2016,11,6
2016,11,6
2016,11,6
2016,11,6
2016,11,6
2016,11,6
2016,11,6
2016,11,6
2016,11,6
2016,11,6
2016,11,6
2016,11,6
2016,11,6
2016,11,6
2016,11,6
2016,11,6
2016,11,6
2016,11,6
2016,11,6
2016,11,6
2016,11,6
2016,11,6
2016,11,6
2016,11,6
2016,11,6
2016,11,6
2016,11,6
2016,11,6
2016,11,6
2016,11,6
2016,11,6
2016,11,6
2016,11,6
2016,11,6
2016,11,6
2016,11,6
2016,11,6
2016,11,6
2016,11,6
2016,11,6
2016,11,6
2016,11,6
2016,11,6
2016,11,6
2016,11,6
2016,11,6
2016,11,6
2016,11,6
2016,11,6
2016,11,6
2016,11,6
2016,11,6
2016,11,6
2016,11,6
2016,11,6
2016,11,6
2016,11,6
2016,11,6
2016,11,6
2016,11,6
2016,11,6
2016,11,6
2016,11,6
2016,11,6
2016,11,6
2016,11,6
2016,11,6
2016,11,6
2016,11,6
2016,11,6
2016,11,6
2016,11,6
2016,11,6
2016,11,6
2016,11,6
2016,11,6
2016,11,6
2016,11,6
2016,11,6
2016,11,6
2016,11,6
2016,11,6
2016,11,6
2016,11,6
2016,11,6
2016,11,6
2016,11,6
2016,11,6
2016,11,6
2016,11,6
2016,11,6
2016,11,6
2016,11,6
2016,11,6
2016,11,6
2016,11,6
2016,11,6
2016,11,6
2016,11,6
2016,11,6
2016,11,6
2016,11,6
2016,11,6
2016,11,6
2016,11,6
2016,11,6
2016,11,6
2016,11,6
2016,11,6
2016,11,6
2016,11,6
2016,11,6
2016,11,6
2016,11,6
2016,11,6
2016,11,6
2016,11,6
2016,11,6
2016,11,6
2016,11,6
2016,11,6
2016,11,6
2016,11,6
2016,11,6
2016,11,6
2016,11,6
2016,11,6
2016,11,6
2016,11,6
2016,11,6
2016,11,6
2016,11,6
2016,11,6
2016,11,6
2016,11,6
2016,11,6
2016,11,6
2016,11,6
2016,11,6
2016,11,6
2016,11,6
2016,11,6
2016,11,6
2016,11,6
2016,11,6
2016,11,6
2016,11,6
2016,11,6
2016,11,6
2016,11,6
2016,11,6
2016,11,6
2016,11,6
2016,11,6
2016,11,6
2016,11,6
2016,11,6
2016,11,6
2016,11,6
2016,11,6
2016,11,6
2016,11,6
2016,11,6
2016,11,6
2016,11,6
2016,11,6
2016,11,6
2016,11,6
2016,11,6
2016,11,6
2016,11,6
2016,11,6
2016,11,6
2016,11,6
2016,11,6
2016,11,6
2016,11,6
2016,11,6
2016,11,6
2016,11,6
2016,11,6
2016,11,6
2016,11,6
2016,11,6
2016,11,6
2016,11,6
2016,11,6
2016,11,6
2016,11,6
2016,11,6
2016,11,6
2016,11,6
2016,11,6
2016,11,6
2016,11,6
2016,11,6
2016,11,6
2016,11,6
2016,11,6
2016,11,6
2016,11,6
2016,11,6
2016,11,6
2016,11,6
2016,11,6
2016,11,6
2016,11,6
2016,11,6
2016,11,6
2016,11,6
2016,11,6
2016,11,6
2016,11,6
2016,11,6
2016,11,6
2016,11,6
2016,11,6
2016,11,6
2016,11,6
2016,11,6
2016,11,6
2016,11,6
2016,11,6
2016,11,6
2016,11,6
2016,11,6
2016,11,6
2016,11,6
2016,11,6
2016,11,6
2016,11,6
2016,11,6
2016,11,6
2016,11,6
2016,11,6
2016,11,6
2016,11,6
2016,11,6
2016,11,6
2016,11,6
2016,11,6
2016,11,6
2016,11,6
2016,11,6
2016,11,6
2016,11,6
2016,11,6
2016,11,6
2016,11,6
2016,11,6
2016,11,6
2016,11,6
2016,11,6
2016,11,6
2016,11,6
2016,11,6
2016,11,6
2016,11,6
2016,11,6
2016,11,6
2016,11,6
2016,11,6
2016,11,6
2016,11,6
2016,11,6
2016,11,6
2016,11,6
2016,11,6
2016,11,6
2016,11,6
2016,11,6
2016,11,6
2016,11,6
2016,11,6
2016,11,6
2016,11,6
2016,11,6
2016,11,6
2016,11,6
2016,11,6
2016,11,6
2016,11,6
2016,11,6
2016,11,6
2016,11,6
2016,11,6
2016,11,6
2016,11,6
2016,11,6
2016,11,6
2016,11,6
2016,11,6
2016,11,6
2016,11,6
2016,11,6
2016,11,6
2016,11,6
2016,11,6
2016,11,6
2016,11,6
2016,11,6
2016,11,6
2016,11,6
2016,11,6
2016,11,6
2016,11,6
2016,11,6
2016,11,6
2016,11,6
2016,11,6
2016,11,6
2016,11,6
2016,11,6
2016,11,6
2016,11,6
2016,11,6
2016,11,6
2016,11,6
2016,11,6
2016,11,6
2016,11,6
2016,11,6
2016,11,6
2016,11,6
2016,11,6
2016,11,6
2016,11,6
2016,11,6
2016,11,6
2016,11,6
2016,11,6
2016,11,6
2016,11,6
2016,11,6
2016,11,6
2016,11,6
2016,11,6
2016,11,6
2016,11,6
2016,11,6
2016,11,6
2016,11,6
2016,11,6
2016,11,6
2016,11,6
2016,11,6
2016,11,6
2016,11,6
2016,11,6
2016,11,6
2016,11,6
2016,11,6
2016,11,6
2016,11,6
2016,11,6
2016,11,6
2016,11,6
2016,11,6
2016,11,6
2016,11,6
2016,11,6
2016,11,6
2016,11,6
2016,11,6
2016,11,6
2016,11,6
2016,11,6
2016,11,6
2016,11,6
2016,11,6
2016,11,6
2016,11,6
2016,11,6
2016,11,6
2016,11,6
2016,11,6
2016,11,6
2016,11,6
2016,11,6
2016,11,6
2016,11,6
2016,11,6
2016,11,6
2016,11,6
2016,11,6
2016,11,6
2016,11,6
2016,11,6
2016,11,6
2016,11,6
2016,11,6
2016,11,6
2016,11,6
2016,11,6
2016,11,6
2016,11,6
2016,11,6
2016,11,6
2016,11,6
2016,11,6
2016,11,6
2016,11,6
2016,11,6
2016,11,6
2016,11,6
2016,11,6
2016,11,6
2016,11,6
2016,11,6
2016,11,6
2016,11,6
2016,11,6
2016,11,6
2016,11,6
2016,11,6
2016,11,6
2016,11,6
2016,11,6
2016,11,6
2016,11,6
2016,11,6
2016,11,6
2016,11,6
2016,11,6
2016,11,6
2016,11,6
2016,11,6
2016,11,6
2016,11,6
2016,11,6
2016,11,6
2016,11,6
2016,11,6
2016,11,6
2016,11,6
2016,11,6
2016,11,6
2016,11,6
2016,11,6
2016,11,6
2016,11,6
2016,11,6
2016,11,6
2016,11,6
2016,11,6
2016,11,6
2016,11,6
2016,11,6
2016,11,6
2016,11,6
2016,11,6
2016,11,6
2016,11,6
2016,11,6
2016,11,6
2016,11,6
2016,11,6
2016,11,6
2016,11,6
2016,11,6
2016,11,6
2016,11,6
2016,11,6
2016,11,6
2016,11,6
2016,11,6
2016,11,6
2016,11,6
2016,11,6
2016,11,6
2016,11,6
2016,11,6
2016,11,6
2016,11,6
2016,11,6
2016,11,6
2016,11,6
2016,11,6
2016,11,6
2016,11,6
2016,11,6
2016,11,6
2016,11,6
2016,11,6
2016,11,6
2016,11,6
2016,11,6
2016,11,6
2016,11,6
2016,11,6
2016,11,6
2016,11,6
2016,11,6
2016,11,6
2016,11,6
2016,11,6
2016,11,6
2016,11,6
2016,11,6
2016,11,6
2016,11,6
2016,11,6
2016,11,6
2016,11,6
2016,11,6
2016,11,6
2016,11,6
2016,11,6
2016,11,6
2016,11,6
2016,11,6
2016,11,6
2016,11,6
2016,11,6
2016,11,6
2016,11,6
2016,11,6
2016,11,6
2016,11,6
2016,11,6
2016,11,6
2016,11,6
2016,11,6
2016,11,6
2016,11,6
2016,11,6
2016,11,6
2016,11,6
2016,11,6
2016,11,6
2016,11,6
2016,11,6
2016,11,6
2016,11,6
2016,11,6
2016,11,6
2016,11,6
2016,11,6
2016,11,6
2016,11,6
2016,11,6
2016,11,6
2016,11,6
2016,11,6
2016,11,6
2016,11,6
2016,11,6
2016,11,6
2016,11,6
2016,11,6
2016,11,6
2016,11,6
2016,11,6
2016,11,6
2016,11,6
2016,11,6
2016,11,6
2016,11,6
2016,11,6
2016,11,6
2016,11,6
2016,11,6
2016,11,6
2016,11,6
2016,11,6
2016,11,6
2016,11,6
2016,11,6
2016,11,6
2016,11,6
2016,11,6
2016,11,6
2016,11,6
2016,11,6
2016,11,6
2016,11,6
2016,11,6
2016,11,6
2016,11,6
2016,11,6
2016,11,6
2016,11,6
2016,11,6
2016,11,6
2016,11,6
2016,11,6
2016,11,6
2016,11,6
2016,11,6
2016,11,6
2016,11,6
2016,11,6
2016,11,6
2016,11,6
2016,11,6
2016,11,6
2016,11,6
2016,11,6
2016,11,6
2016,11,6
2016,11,6
2016,11,6
2016,11,6
2016,11,6
2016,11,6
2016,11,6
2016,11,6
2016,11,6
2016,11,6
2016,11,6
2016,11,6
2016,11,6
2016,11,6
2016,11,6
2016,11,6
2016,11,6
2016,11,6
2016,11,6
2016,11,6
2016,11,6
2016,11,6
2016,11,6
2016,11,6
2016,11,6
2016,11,6
2016,11,6
2016,11,6
2016,11,6
2016,11,6
2016,11,6
2016,11,6
2016,11,6
2016,11,6
2016,11,6
2016,11,6
2016,11,6
2016,11,6
2016,11,6
2016,11,6
2016,11,6
2016,11,6
2016,11,6
2016,11,6
2016,11,6
2016,11,6
2016,11,6
2016,11,6
2016,11,6
2016,11,6
2016,11,6
2016,11,6
2016,11,6
2016,11,6
2016,11,6
2016,11,6
2016,11,6
2016,11,6
2016,11,6
2016,11,6
2016,11,6
2016,11,6
2016,11,6
2016,11,6
2016,11,6
2016,11,6
2016,11,6
2016,11,6
2016,11,6
2016,11,6
2016,11,6
2016,11,6
2016,11,6
2016,11,6
2016,11,6
2016,11,6
2016,11,6
2016,11,6
2016,11,6
2016,11,6
2016,11,6
2016,11,6
2016,11,6
2016,11,6
2016,11,6
2016,11,6
2016,11,6
2016,11,6
2016,11,6
2016,11,6
2016,11,6
2016,11,6
2016,11,6
2016,11,6
2016,11,6
2016,11,6
2016,11,6
2016,11,6
2016,11,6
2016,11,6
2016,11,6
2016,11,6
2016,11,6
2016,11,6
2016,11,6
2016,11,6
2016,11,6
2016,11,6
2016,11,6
2016,11,6
2016,11,6
2016,11,6
2016,11,6
2016,11,6
2016,11,6
2016,11,6
2016,11,6
2016,11,6
2016,11,6
2016,11,6
2016,11,6
2016,11,6
2016,11,6
2016,11,6
2016,11,6
2016,11,6
2016,11,6
2016,11,6
2016,11,6
2016,11,6
2016,11,6
2016,11,6
2016,11,6
2016,11,6
2016,11,6
2016,11,6
2016,11,6
2016,11,6
2016,11,6
2016,11,6
2016,11,6
2016,11,6
2016,11,6
2016,11,6
2016,11,6
2016,11,6
2016,11,6
2016,11,6
2016,11,6
2016,11,6
2016,11,6
2016,11,6
2016,11,6
2016,11,6
2016,11,6
2016,11,6
2016,11,6
2016,11,6
2016,11,6
2016,11,6
2016,11,6
2016,11,6
2016,11,6
2016,11,6
2016,11,6
2016,11,6
2016,11,6
2016,11,6
2016,11,6
2016,11,6
2016,11,6
2016,11,6
2016,11,6
2016,11,6
2016,11,6
2016,11,6
2016,11,6
2016,11,6
2016,11,6
2016,11,6
2016,11,6
2016,11,6
2016,11,6
2016,11,6
2016,11,6
2016,11,6
2016,11,6
2016,11,6
2016,11,6
2016,11,6
2016,11,6
2016,11,6
2016,11,6
2016,11,6
2016,11,6
2016,11,6
2016,11,6
2016,11,6
2016,11,6
2016,11,6
2016,11,6
2016,11,6
2016,11,6
2016,11,6
2016,11,6
2016,11,6
2016,11,6
2016,11,6
2016,11,6
2016,11,6
2016,11,6
2016,11,6
2016,11,6
2016,11,6
2016,11,6
2016,11,6
2016,11,6
2016,11,6
2016,11,6
2016,11,6
2016,11,6
2016,11,6
2016,11,6
2016,11,6
2016,11,6
2016,11,6
2016,11,6
2016,11,6
2016,11,6
2016,11,6
2016,11,6
2016,11,6
2016,11,6
2016,11,6
2016,11,6
2016,11,6
2016,11,6
2016,11,6
2016,11,6
2016,11,6
2016,11,6
2016,11,6
2016,11,6
2016,11,6
2016,11,6
2016,11,6
2016,11,6
2016,11,6
2016,11,6
2016,11,6
2016,11,6
2016,11,6
2016,11,6
2016,11,6
2016,11,6
2016,11,6
2016,11,6
2016,11,6
2016,11,6
2016,11,6
2016,11,6
2016,11,6
2016,11,6
2016,11,6
2016,11,6
2016,11,6
2016,11,6
2016,11,6
2016,11,6
2016,11,6
2016,11,6
2016,11,6
2016,11,6
2016,11,6
2016,11,6
2016,11,6
2016,11,6
2016,11,6
2016,11,6
2016,11,6
2016,11,6
2016,11,6
2016,11,6
2016,11,6
2016,11,6
2016,11,6
2016,11,6
2016,11,6
2016,11,6
2016,11,6
2016,11,6
2016,11,6
2016,11,6
2016,11,6
2016,11,6
2016,11,6
2016,11,6
2016,11,6
2016,11,6
2016,11,6
2016,11,6
2016,11,6
2016,11,6
2016,11,6
2016,11,6
2016,11,6
2016,11,6
2016,11,6
2016,11,6
2016,11,6
2016,11,6
2016,11,6
2016,11,6
2016,11,6
2016,11,6
2016,11,6
2016,11,6
2016,11,6
2016,11,6
2016,11,6
2016,11,6
2016,11,6
2016,11,6
2016,11,6
2016,11,6
2016,11,6
2016,11,6
2016,11,6
2016,11,6
2016,11,6
2016,11,6
2016,11,6
2016,11,6
2016,11,6
2016,11,6
2016,11,6
2016,11,6
2016,11,6
2016,11,6
2016,11,6
2016,11,6
2016,11,6
2016,11,6
2016,11,6
2016,11,6
2016,11,6
2016,11,6
2016,11,6
2016,11,6
2016,11,6
2016,11,6
2016,11,6
2016,11,6
2016,11,6
2016,11,6
2016,11,6
2016,11,6
2016,11,6
2016,11,6
2016,11,6
2016,11,6
2016,11,6
2016,11,6
2016,11,6
2016,11,6
2016,11,6
2016,11,6
2016,11,6
2016,11,6
2016,11,6
2016,11,6
2016,11,6
2016,11,6
2016,11,6
2016,11,6
2016,11,6
2016,11,6
2016,11,6
2016,11,6
2016,11,6
2016,11,6
2016,11,6
2016,11,6
2016,11,6
2016,11,6
2016,11,6
2016,11,6
2016,11,6
2016,11,6
2016,11,6
2016,11,6
2016,11,6
2016,11,6
2016,11,6
2016,11,6
2016,11,6
2016,11,6
2016,11,6
2016,11,6
2016,11,6
2016,11,6
2016,11,6
2016,11,6
2016,11,6
2016,11,6
2016,11,6
2016,11,6
2016,11,6
2016,11,6
2016,11,6
2016,11,6
2016,11,6
2016,11,6
2016,11,6
2016,11,6
2016,11,6
2016,11,6
2016,11,6
2016,11,6
2016,11,6
2016,11,6
2016,11,6
2016,11,6
2016,11,6
2016,11,6
2016,11,6
2016,11,6
2016,11,6
2016,11,6
2016,11,6
2016,11,6
2016,11,6
2016,11,6
2016,11,6
2016,11,6
2016,11,6
2016,11,6
2016,11,6
2016,11,6
2016,11,6
2016,11,6
2016,11,6
2016,11,6
2016,11,6
2016,11,6
2016,11,6
2016,11,6
2016,11,6
2016,11,6
2016,11,6
2016,11,6
2016,11,6
2016,11,6
2016,11,6
2016,11,6
2016,11,6
2016,11,6
2016,11,6
2016,11,6
2016,11,6
2016,11,6
2016,11,6
2016,11,6
2016,11,6
2016,11,6
2016,11,6
2016,11,6
2016,11,6
2016,11,6
2016,11,6
2016,11,6
2016,11,6
2016,11,6
2016,11,6
2016,11,6
2016,11,6
2016,11,6
2016,11,6
2016,11,6
2016,11,6
2016,11,6
2016,11,6
2016,11,6
2016,11,6
2016,11,6
2016,11,6
2016,11,6
2016,11,6
2016,11,6
2016,11,6
2016,11,6
2016,11,6
2016,11,6
2016,11,6
2016,11,6
2016,11,6
2016,11,6
2016,11,6
2016,11,6
2016,11,6
2016,11,6
2016,11,6
2016,11,6
2016,11,6
2016,11,6
2016,11,6
2016,11,6
2016,11,6
2016,11,6
2016,11,6
2016,11,6
2016,11,6
2016,11,6
2016,11,6
2016,11,6
2016,11,6
2016,11,6
2016,11,6
2016,11,6
2016,11,6
2016,11,6
2016,11,6
2016,11,6
2016,11,6
2016,11,6
2016,11,6
2016,11,6
2016,11,6
2016,11,6
2016,11,6
2016,11,6
2016,11,6
2016,11,6
2016,11,6
2016,11,6
2016,11,6
2016,11,6
2016,11,6
2016,11,6
2016,11,6
2016,11,6
2016,11,6
2016,11,6
2016,11,6
2016,11,6
2016,11,6
2016,11,6
2016,11,6
2016,11,6
2016,11,6
2016,11,6
2016,11,6
2016,11,6
2016,11,6
2016,11,6
2016,11,6
2016,11,6
2016,11,6
2016,11,6
2016,11,6
2016,11,6
2016,11,6
2016,11,6
2016,11,6
2016,11,6
2016,11,6
2016,11,6
2016,11,6
2016,11,6
2016,11,6
2016,11,6
2016,11,6
2016,11,6
2016,11,6
2016,11,6
2016,11,6
2016,11,6
2016,11,6
2016,11,6
2016,11,6
2016,11,6
2016,11,6
2016,11,6
2016,11,6
2016,11,6
2016,11,6
2016,11,6
2016,11,6
2016,11,6
2016,11,6
2016,11,6
2016,11,6
2016,11,6
2016,11,6
2016,11,6
2016,11,6
2016,11,6
2016,11,6
2016,11,6
2016,11,6
2016,11,6
2016,11,6
2016,11,6
2016,11,6
2016,11,6
2016,11,6
2016,11,6
2016,11,6
2016,11,6
2016,11,6
2016,11,6
2016,11,6
2016,11,6
2016,11,6
2016,11,6
2016,11,6
2016,11,6
2016,11,6
2016,11,6
2016,11,6
2016,11,6
2016,11,6
2016,11,6
2016,11,6
2016,11,6
2016,11,6
2016,11,6
2016,11,6
2016,11,6
2016,11,6
2016,11,6
2016,11,6
2016,11,6
2016,11,6
2016,11,6
2016,11,6
2016,11,6
2016,11,6
2016,11,6
2016,11,6
2016,11,6
2016,11,6
2016,11,6
2016,11,6
2016,11,6
2016,11,6
2016,11,6
2016,11,6
2016,11,6
2016,11,6
2016,11,6
2016,11,6
2016,11,6
2016,11,6
2016,11,6
2016,11,6
2016,11,6
2016,11,6
2016,11,6
2016,11,6
2016,11,6
2016,11,6
2016,11,6
2016,11,6
2016,11,6
2016,11,6
2016,11,6
2016,11,6
2016,11,6
2016,11,6
2016,11,6
2016,11,6
2016,11,6
2016,11,6
2016,11,6
2016,11,6
2016,11,6
2016,11,6
2016,11,6
2016,11,6
2016,11,6
2016,11,6
2016,11,6
2016,11,6
2016,11,6
2016,11,6
2016,11,6
2016,11,6
2016,11,6
2016,11,6
2016,11,6
2016,11,6
2016,11,6
2016,11,6
2016,11,6
2016,11,6
2016,11,6
2016,11,6
2016,11,6
2016,11,6
2016,11,6
2016,11,6
2016,11,6
2016,11,6
2016,11,6
2016,11,6
2016,11,6
2016,11,6
2016,11,6
2016,11,6
2016,11,6
2016,11,6
2016,11,6
2016,11,6
2016,11,6
2016,11,6
2016,11,6
2016,11,6
2016,11,6
2016,11,6
2016,11,6
2016,11,6
2016,11,6
2016,11,6
2016,11,6
2016,11,6
2016,11,6
2016,11,6
2016,11,6
2016,11,6
2016,11,6
2016,11,6
2016,11,6
2016,11,6
2016,11,6
2016,11,6
2016,11,6
2016,11,6
2016,11,6
2016,11,6
2016,11,6
2016,11,6
2016,11,6
2016,11,6
2016,11,6
2016,11,6
2016,11,6
2016,11,6
2016,11,6
2016,11,6
2016,11,6
2016,11,6
2016,11,6
2016,11,6
2016,11,6
2016,11,6
2016,11,6
2016,11,6
2016,11,6
2016,11,6
2016,11,6
2016,11,6
2016,11,6
2016,11,6
2016,11,6
2016,11,6
2016,11,6
2016,11,6
2016,11,6
2016,11,6
2016,11,6
2016,11,6
2016,11,6
2016,11,6
2016,11,6
2016,11,6
2016,11,6
2016,11,6
2016,11,6
2016,11,6
2016,11,6
2016,11,6
2016,11,6
2016,11,6
2016,11,6
2016,11,6
2016,11,6
2016,11,6
2016,11,6
2016,11,6
2016,11,6
2016,11,6
2016,11,6
2016,11,6
2016,11,6
2016,11,6
2016,11,6
2016,11,6
2016,11,6
2016,11,6
2016,11,6
2016,11,6
2016,11,6
2016,11,6
2016,11,6
2016,11,6
2016,11,6
2016,11,6
2016,11,6
2016,11,6
2016,11,6
2016,11,6
2016,11,6
2016,11,6
2016,11,6
2016,11,6
2016,11,6
2016,11,6
2016,11,6
2016,11,6
2016,11,6
2016,11,6
2016,11,6
2016,11,6
2016,11,6
2016,11,6
2016,11,6
2016,11,6
2016,11,6
2016,11,6
2016,11,6
2016,11,6
2016,11,6
2016,11,6
2016,11,6
2016,11,6
2016,11,6
2016,11,6
2016,11,6
2016,11,6
2016,11,6
2016,11,6
2016,11,6
2016,11,6
2016,11,6
2016,11,6
2016,11,6
2016,11,6
2016,11,6
2016,11,6
2016,11,6
2016,11,6
2016,11,6
2016,11,6
2016,11,6
2016,11,6
2016,11,6
2016,11,6
2016,11,6
2016,11,6
2016,11,6
2016,11,6
2016,11,6
2016,11,6
2016,11,6
2016,11,6
2016,11,6
2016,11,6
2016,11,6
2016,11,6
2016,11,6
2016,11,6
2016,11,6
2016,11,6
2016,11,6
2016,11,6
2016,11,6
2016,11,6
2016,11,6
2016,11,6
2016,11,6
2016,11,6
2016,11,6
2016,11,6
2016,11,6
2016,11,6
2016,11,6
2016,11,6
2016,11,6
2016,11,6
2016,11,6
2016,11,6
2016,11,6
2016,11,6
2016,11,6
2016,11,6
2016,11,6
2016,11,6
2016,11,6
2016,11,6
2016,11,6
2016,11,6
2016,11,6
2016,11,6
2016,11,6
2016,11,6
2016,11,6
2016,11,6
2016,11,6
2016,11,6
2016,11,6
2016,11,6
2016,11,6
2016,11,6
2016,11,6
2016,11,6
2016,11,6
2016,11,6
2016,11,6
2016,11,6
2016,11,6
2016,11,6
2016,11,6
2016,11,6
2016,11,6
2016,11,6
2016,11,6
2016,11,6
2016,11,6
2016,11,6
2016,11,6
2016,11,6
2016,11,6
2016,11,6
2016,11,6
2016,11,6
2016,11,6
2016,11,6
2016,11,6
2016,11,6
2016,11,6
2016,11,6
2016,11,6
2016,11,6
2016,11,6
2016,11,6
2016,11,6
2016,11,6
2016,11,6
2016,11,6
2016,11,6
2016,11,6
2016,11,6
2016,11,6
2016,11,6
2016,11,6
2016,11,6
2016,11,6
2016,11,6
2016,11,6
2016,11,6
2016,11,6
2016,11,6
2016,11,6
2016,11,6
2016,11,6
2016,11,6
2016,11,6
2016,11,6
2016,11,6
2016,11,6
2016,11,6
2016,11,6
2016,11,6
2016,11,6
2016,11,6
2016,11,6
2016,11,6
2016,11,6
2016,11,6
2016,11,6
2016,11,6
2016,11,6
2016,11,6
2016,11,6
2016,11,6
2016,11,6
2016,11,6
2016,11,6
2016,11,6
2016,11,6
2016,11,6
2016,11,6
2016,11,6
2016,11,6
2016,11,6
2016,11,6
2016,11,6
2016,11,6
2016,11,6
2016,11,6
2016,11,6
2016,11,6
2016,11,6
2016,11,6
2016,11,6
2016,11,6
2016,11,6
2016,11,6
2016,11,6
2016,11,6
2016,11,6
2016,11,6
2016,11,6
2016,11,6
2016,11,6
2016,11,6
2016,11,6
2016,11,6
2016,11,6
2016,11,6
2016,11,6
2016,11,6
2016,11,6
2016,11,6
2016,11,6
2016,11,6
2016,11,6
2016,11,6
2016,11,6
2016,11,6
2016,11,6
2016,11,6
2016,11,6
2016,11,6
2016,11,6
2016,11,6
2016,11,6
2016,11,6
2016,11,6
2016,11,6
2016,11,6
2016,11,6
2016,11,6
2016,11,6
2016,11,6
2016,11,6
2016,11,6
2016,11,6
2016,11,6
2016,11,6
2016,11,6
2016,11,6
2016,11,6
2016,11,6
2016,11,6
2016,11,6
2016,11,6
2016,11,6
2016,11,6
2016,11,6
2016,11,6
2016,11,6
2016,11,6
2016,11,6
2016,11,6
2016,11,6
2016,11,6
2016,11,6
2016,11,6
2016,11,6
2016,11,6
2016,11,6
2016,11,6
2016,11,6
2016,11,6
2016,11,6
2016,11,6
2016,11,6
2016,11,6
2016,11,6
2016,11,6
2016,11,6
2016,11,6
2016,11,6
2016,11,6
2016,11,6
2016,11,6
2016,11,6
2016,11,6
2016,11,6
2016,11,6
2016,11,6
2016,11,6
2016,11,6
2016,11,6
2016,11,6
2016,11,6
2016,11,6
2016,11,6
2016,11,6
2016,11,6
2016,11,6
2016,11,6
2016,11,6
2016,11,6
2016,11,6
2016,11,6
2016,11,6
2016,11,6
2016,11,6
2016,11,6
2016,11,6
2016,11,6
2016,11,6
2016,11,6
2016,11,6
2016,11,6
2016,11,6
2016,11,6
2016,11,6
2016,11,6
2016,11,6
2016,11,6
2016,11,6
2016,11,6
2016,11,6
2016,11,6
2016,11,6
2016,11,6
2016,11,6
2016,11,6
2016,11,6
2016,11,6
2016,11,6
2016,11,6
2016,11,6
2016,11,6
2016,11,6
2016,11,6
2016,11,6
2016,11,6
2016,11,6
2016,11,6
2016,11,6
2016,11,6
2016,11,6
2016,11,6
2016,11,6
2016,11,6
2016,11,6
2016,11,6
2016,11,6
2016,11,6
2016,11,6
2016,11,6
2016,11,6
2016,11,6
2016,11,6
2016,11,6
2016,11,6
2016,11,6
2016,11,6
2016,11,6
2016,11,6
2016,11,6
2016,11,6
2016,11,6
2016,11,6
2016,11,6
2016,11,6
2016,11,6
2016,11,6
2016,11,6
2016,11,6
2016,11,6
2016,11,6
2016,11,6
2016,11,6
2016,11,6
2016,11,6
2016,11,6
2016,11,6
2016,11,6
2016,11,6
2016,11,6
2016,11,6
2016,11,6
2016,11,6
2016,11,6
2016,11,6
2016,11,6
2016,11,6
2016,11,6
2016,11,6
2016,11,6
2016,11,6
2016,11,6
2016,11,6
2016,11,6
2016,11,6
2016,11,6
2016,11,6
2016,11,6
2016,11,6
2016,11,6
2016,11,6
2016,11,6
2016,11,6
2016,11,6
2016,11,6
2016,11,6
2016,11,6
2016,11,6
2016,11,6
2016,11,6
2016,11,6
2016,11,6
2016,11,6
2016,11,6
2016,11,6
2016,11,6
2016,11,6
2016,11,6
2016,11,6
2016,11,6
2016,11,6
2016,11,6
2016,11,6
2016,11,6
2016,11,6
2016,11,6
2016,11,6
2016,11,6
2016,11,6
2016,11,6
2016,11,6
2016,11,6
2016,11,6
2016,11,6
2016,11,6
2016,11,6
2016,11,6
2016,11,6
2016,11,6
2016,11,6
2016,11,6
2016,11,6
2016,11,6
2016,11,6
2016,11,6
2016,11,6
2016,11,6
2016,11,6
2016,11,6
2016,11,6
2016,11,6
2016,11,6
2016,11,6
2016,11,6
2016,11,6
2016,11,6
2016,11,6
2016,11,6
2016,11,6
2016,11,6
2016,11,6
2016,11,6
2016,11,6
2016,11,6
2016,11,6
2016,11,6
2016,11,6
2016,11,6
2016,11,6
2016,11,6
2016,11,6
2016,11,6
2016,11,6
2016,11,6
2016,11,6
2016,11,6
2016,11,6
2016,11,6
2016,11,6
2016,11,6
2016,11,6
2016,11,6
2016,11,6
2016,11,6
2016,11,6
2016,11,6
2016,11,6
2016,11,6
2016,11,6
2016,11,6
2016,11,6
2016,11,6
2016,11,6
2016,11,6
2016,11,6
2016,11,6
2016,11,6
2016,11,6
2016,11,6
2016,11,6
2016,11,6
2016,11,6
2016,11,6
2016,11,6
2016,11,6
2016,11,6
2016,11,6
2016,11,6
2016,11,6
2016,11,6
2016,11,6
2016,11,6
2016,11,6
2016,11,6
2016,11,6
2016,11,6
2016,11,6
2016,11,6
2016,11,6
2016,11,6
2016,11,6
2016,11,6
2016,11,6
2016,11,6
2016,11,6
2016,11,6
2016,11,6
2016,11,6
2016,11,6
2016,11,6
2016,11,6
2016,11,6
2016,11,6
2016,11,6
2016,11,6
2016,11,6
2016,11,6
2016,11,6
2016,11,6
2016,11,6
2016,11,6
2016,11,6
2016,11,6
2016,11,6
2016,11,6
2016,11,6
2016,11,6
2016,11,6
2016,11,6
2016,11,6
2016,11,6
2016,11,6
2016,11,6
2016,11,6
2016,11,6
2016,11,6
2016,11,6
2016,11,6
2016,11,6
2016,11,6
2016,11,6
2016,11,6
2016,11,6
2016,11,6
2016,11,6
2016,11,6
2016,11,6
2016,11,6
2016,11,6
2016,11,6
2016,11,6
2016,11,6
2016,11,6
2016,11,6
2016,11,6
2016,11,6
2016,11,6
2016,11,6
2016,11,6
2016,11,6
2016,11,6
2016,11,6
2016,11,6
2016,11,6
2016,11,6
2016,11,6
2016,11,6
2016,11,6
2016,11,6
2016,11,6
2016,11,6
2016,11,6
2016,11,6
2016,11,6
2016,11,6
2016,11,6
2016,11,6
2016,11,6
2016,11,6
2016,11,6
2016,11,6
2016,11,6
2016,11,6
2016,11,6
2016,11,6
2016,11,6
2016,11,6
2016,11,6
2016,11,6
2016,11,6
2016,11,6
2016,11,6
2016,11,6
2016,11,6
2016,11,6
2016,11,6
2016,11,6
2016,11,6
2016,11,6
2016,11,6
2016,11,6
2016,11,6
2016,11,6
2016,11,6
2016,11,6
2016,11,6
2016,11,6
2016,11,6
2016,11,6
2016,11,6
2016,11,6
2016,11,6
2016,11,6
2016,11,6
2016,11,6
2016,11,6
2016,11,6
2016,11,6
2016,11,6
2016,11,6
2016,11,6
2016,11,6
2016,11,6
2016,11,6
2016,11,6
2016,11,6
2016,11,6
2016,11,6
2016,11,6
2016,11,6
2016,11,6
2016,11,6
2016,11,6
2016,11,6
2016,11,6
2016,11,6
2016,11,6
2016,11,6
2016,11,6
2016,11,6
2016,11,6
2016,11,6
2016,11,6
2016,11,6
2016,11,6
2016,11,6
2016,11,6
2016,11,6
2016,11,6
2016,11,6
2016,11,6
2016,11,6
2016,11,6
2016,11,6
2016,11,6
2016,11,6
2016,11,6
2016,11,6
2016,11,6
2016,11,6
2016,11,6
2016,11,6
2016,11,6
2016,11,6
2016,11,6
2016,11,6
2016,11,6
2016,11,6
2016,11,6
2016,11,6
2016,11,6
2016,11,6
2016,11,6
2016,11,6
2016,11,6
2016,11,6
2016,11,6
2016,11,6
2016,11,6
2016,11,6
2016,11,6
2016,11,6
2016,11,6
2016,11,6
2016,11,6
2016,11,6
2016,11,6
2016,11,6
2016,11,6
2016,11,6
2016,11,6
2016,11,6
2016,11,6
2016,11,6
2016,11,6
2016,11,6
2016,11,6
2016,11,6
2016,11,6
2016,11,6
2016,11,6
2016,11,6
2016,11,6
2016,11,6
2016,11,6
2016,11,6
2016,11,6
2016,11,6
2016,11,6
2016,11,6
2016,11,6
2016,11,6
2016,11,6
2016,11,6
2016,11,6
2016,11,6
2016,11,6
2016,11,6
2016,11,6
2016,11,6
2016,11,6
2016,11,6
2016,11,6
2016,11,6
2016,11,6
2016,11,6
2016,11,6
2016,11,6
2016,11,6
2016,11,6
2016,11,6
2016,11,6
2016,11,6
2016,11,6
2016,11,6
2016,11,6
2016,11,6
2016,11,6
2016,11,6
2016,11,6
2016,11,6
2016,11,6
2016,11,6
2016,11,6
2016,11,6
2016,11,6
2016,11,6
2016,11,6
2016,11,6
2016,11,6
2016,11,6
2016,11,6
2016,11,6
2016,11,6
2016,11,6
2016,11,6
2016,11,6
2016,11,6
2016,11,6
2016,11,6
2016,11,6
2016,11,6
2016,11,6
2016,11,6
2016,11,6
2016,11,6
2016,11,6
2016,11,6
2016,11,6
2016,11,6
2016,11,6
2016,11,6
2016,11,6
2016,11,6
2016,11,6
2016,11,6
2016,11,6
2016,11,6
2016,11,6
2016,11,6
2016,11,6
2016,11,6
2016,11,6
2016,11,6
2016,11,6
2016,11,6
2016,11,6
2016,11,6
2016,11,6
2016,11,6
2016,11,6
2016,11,6
2016,11,6
2016,11,6
2016,11,6
2016,11,6
2016,11,6
2016,11,6
2016,11,6
2016,11,6
2016,11,6
2016,11,6
2016,11,6
2016,11,6
2016,11,6
2016,11,6
2016,11,6
2016,11,6
2016,11,6
2016,11,6
2016,11,6
2016,11,6
2016,11,6
2016,11,6
2016,11,6
2016,11,6
2016,11,6
2016,11,6
2016,11,6
2016,11,6
2016,11,6
2016,11,6
2016,11,6
2016,11,6
2016,11,6
2016,11,6
2016,11,6
2016,11,6
2016,11,6
2016,11,6
2016,11,6
2016,11,6
2016,11,6
2016,11,6
2016,11,6
2016,11,6
2016,11,6
2016,11,6
2016,11,6
2016,11,6
2016,11,6
2016,11,6
2016,11,6
2016,11,6
2016,11,6
2016,11,6
2016,11,6
2016,11,6
2016,11,6
2016,11,6
2016,11,6
2016,11,6
2016,11,6
2016,11,6
2016,11,6
2016,11,6
2016,11,6
2016,11,6
2016,11,6
2016,11,6
2016,11,6
2016,11,6
2016,11,6
2016,11,6
2016,11,6
2016,11,6
2016,11,6
2016,11,6
2016,11,6
2016,11,6
2016,11,6
2016,11,6
2016,11,6
2016,11,6
2016,11,6
2016,11,6
2016,11,6
2016,11,6
2016,11,6
2016,11,6
2016,11,6
2016,11,6
2016,11,6
2016,11,6
2016,11,6
2016,11,6
2016,11,6
2016,11,6
2016,11,6
2016,11,6
2016,11,6
2016,11,6
2016,11,6
2016,11,6
2016,11,6
2016,11,6
2016,11,6
2016,11,6
2016,11,6
2016,11,6
2016,11,6
2016,11,6
2016,11,6
2016,11,6
2016,11,6
2016,11,6
2016,11,6
2016,11,6
2016,11,6
2016,11,6
2016,11,6
2016,11,6
2016,11,6
2016,11,6
2016,11,6
2016,11,6
2016,11,6
2016,11,6
2016,11,6
2016,11,6
2016,11,6
2016,11,6
2016,11,6
2016,11,6
2016,11,6
2016,11,6
2016,11,6
2016,11,6
2016,11,6
2016,11,6
2016,11,6
2016,11,6
2016,11,6
2016,11,6
2016,11,6
2016,11,6
2016,11,6
2016,11,6
2016,11,6
2016,11,6
2016,11,6
2016,11,6
2016,11,6
2016,11,6
2016,11,6
2016,11,6
2016,11,6
2016,11,6
2016,11,6
2016,11,6
2016,11,6
2016,11,6
2016,11,6
2016,11,6
2016,11,6
2016,11,6
2016,11,6
2016,11,6
2016,11,6
2016,11,6
2016,11,6
2016,11,6
2016,11,6
2016,11,6
2016,11,6
2016,11,6
2016,11,6
2016,11,6
2016,11,6
2016,11,6
2016,11,6
2016,11,6
2016,11,6
2016,11,6
2016,11,6
2016,11,6
2016,11,6
2016,11,6
2016,11,6
2016,11,6
2016,11,6
2016,11,6
2016,11,6
2016,11,6
2016,11,6
2016,11,6
2016,11,6
2016,11,6
2016,11,6
2016,11,6
2016,11,6
2016,11,6
2016,11,6
2016,11,6
2016,11,6
2016,11,6
2016,11,6
2016,11,6
2016,11,6
2016,11,6
2016,11,6
2016,11,6
2016,11,6
2016,11,6
2016,11,6
2016,11,6
2016,11,6
2016,11,6
2016,11,6
2016,11,6
2016,11,6
2016,11,6
2016,11,6
2016,11,6
2016,11,6
2016,11,6
2016,11,6
2016,11,6
2016,11,6
2016,11,6
2016,11,6
2016,11,6
2016,11,6
2016,11,6
2016,11,6
2016,11,6
2016,11,6
2016,11,6
2016,11,6
2016,11,6
2016,11,6
2016,11,6
2016,11,6
2016,11,6
2016,11,6
2016,11,6
2016,11,6
2016,11,6
2016,11,6
2016,11,6
2016,11,6
2016,11,6
2016,11,6
2016,11,6
2016,11,6
2016,11,6
2016,11,6
2016,11,6
2016,11,6
2016,11,6
2016,11,6
2016,11,6
2016,11,6
2016,11,6
2016,11,6
2016,11,6
2016,11,6
2016,11,6
2016,11,6
2016,11,6
2016,11,6
2016,11,6
2016,11,6
2016,11,6
2016,11,6
2016,11,6
2016,11,6
2016,11,6
2016,11,6
2016,11,6
2016,11,6
2016,11,6
2016,11,6
2016,11,6
2016,11,6
2016,11,6
2016,11,6
2016,11,6
2016,11,6
2016,11,6
2016,11,6
2016,11,6
2016,11,6
2016,11,6
2016,11,6
2016,11,6
2016,11,6
2016,11,6
2016,11,6
2016,11,6
2016,11,6
2016,11,6
2016,11,6
2016,11,6
2016,11,6
2016,11,6
2016,11,6
2016,11,6
2016,11,6
2016,11,6
2016,11,6
2016,11,6
2016,11,6
2016,11,6
2016,11,6
2016,11,6
2016,11,6
2016,11,6
2016,11,6
2016,11,6
2016,11,6
2016,11,6
2016,11,6
2016,11,6
2016,11,6
2016,11,6
2016,11,6
2016,11,6
2016,11,6
2016,11,6
2016,11,6
2016,11,6
2016,11,6
2016,11,6
2016,11,6
2016,11,6
2016,11,6
2016,11,6
2016,11,6
2016,11,6
2016,11,6
2016,11,6
2016,11,6
2016,11,6
2016,11,6
2016,11,6
2016,11,6
2016,11,6
2016,11,6
2016,11,6
2016,11,6
2016,11,6
2016,11,6
2016,11,6
2016,11,6
2016,11,6
2016,11,6
2016,11,6
2016,11,6
2016,11,6
2016,11,6
2016,11,6
2016,11,6
2016,11,6
2016,11,6
2016,11,6
2016,11,6
2016,11,6
2016,11,6
2016,11,6
2016,11,6
2016,11,6
2016,11,6
2016,11,6
2016,11,6
2016,11,6
2016,11,6
2016,11,6
2016,11,6
2016,11,6
2016,11,6
2016,11,6
2016,11,6
2016,11,6
2016,11,6
2016,11,6
2016,11,6
2016,11,6
2016,11,6
2016,11,6
2016,11,6
2016,11,6
2016,11,6
2016,11,6
2016,11,6
2016,11,6
2016,11,6
2016,11,6
2016,11,6
2016,11,6
2016,11,6
2016,11,6
2016,11,6
2016,11,6
2016,11,6
2016,11,6
2016,11,6
2016,11,6
2016,11,6
2016,11,6
2016,11,6
2016,11,6
2016,11,6
2016,11,6
2016,11,6
2016,11,6
2016,11,6
2016,11,6
2016,11,6
2016,11,6
2016,11,6
2016,11,6
2016,11,6
2016,11,6
2016,11,6
2016,11,6
2016,11,6
2016,11,6
2016,11,6
2016,11,6
2016,11,6
2016,11,6
2016,11,6
2016,11,6
2016,11,6
2016,11,6
2016,11,6
2016,11,6
2016,11,6
2016,11,6
2016,11,6
2016,11,6
2016,11,6
2016,11,6
2016,11,6
2016,11,6
2016,11,6
2016,11,6
2016,11,6
2016,11,6
2016,11,6
2016,11,6
2016,11,6
2016,11,6
2016,11,6
2016,11,6
2016,11,6
2016,11,6
2016,11,6
2016,11,6
2016,11,6
2016,11,6
2016,11,6
2016,11,6
2016,11,6
2016,11,6
2016,11,6
2016,11,6
2016,11,6
2016,11,6
2016,11,6
2016,11,6
2016,11,6
2016,11,6
2016,11,6
2016,11,6
2016,11,6
2016,11,6
2016,11,6
2016,11,6
2016,11,6
2016,11,6
2016,11,6
2016,11,6
2016,11,6
2016,11,6
2016,11,6
2016,11,6
2016,11,6
2016,11,6
2016,11,6
2016,11,6
2016,11,6
2016,11,6
2016,11,6
2016,11,6
2016,11,6
2016,11,6
2016,11,6
2016,11,6
2016,11,6
2016,11,6
2016,11,6
2016,11,6
2016,11,6
2016,11,6
2016,11,6
2016,11,6
2016,11,6
2016,11,6
2016,11,6
2016,11,6
2016,11,6
2016,11,6
2016,11,6
2016,11,6
2016,11,6
2016,11,6
2016,11,6
2016,11,6
2016,11,6
2016,11,6
2016,11,6
2016,11,6
2016,11,6
2016,11,6
2016,11,6
2016,11,6
2016,11,6
2016,11,6
2016,11,6
2016,11,6
2016,11,6
2016,11,6
2016,11,6
2016,11,6
2016,11,6
2016,11,6
2016,11,6
2016,11,6
2016,11,6
2016,11,6
2016,11,6
2016,11,6
2016,11,6
2016,11,6
2016,11,6
2016,11,6
2016,11,6
2016,11,6
2016,11,6
2016,11,6
2016,11,6
2016,11,6
2016,11,6
2016,11,6
2016,11,6
2016,11,6
2016,11,6
2016,11,6
2016,11,6
2016,11,6
2016,11,6
2016,11,6
2016,11,6
2016,11,6
2016,11,6
2016,11,6
2016,11,6
2016,11,6
2016,11,6
2016,11,6
2016,11,6
2016,11,6
2016,11,6
2016,11,6
2016,11,6
2016,11,6
2016,11,6
2016,11,6
2016,11,6
2016,11,6
2016,11,6
2016,11,6
2016,11,6
2016,11,6
2016,11,6
2016,11,6
2016,11,6
2016,11,6
2016,11,6
2016,11,6
2016,11,6
2016,11,6
2016,11,6
2016,11,6
2016,11,6
2016,11,6
2016,11,6
2016,11,6
2016,11,6
2016,11,6
2016,11,6
2016,11,6
2016,11,6
2016,11,6
2016,11,6
2016,11,6
2016,11,6
2016,11,6
2016,11,6
2016,11,6
2016,11,6
2016,11,6
2016,11,6
2016,11,6
2016,11,6
2016,11,6
2016,11,6
2016,11,6
2016,11,6
2016,11,6
2016,11,6
2016,11,6
2016,11,6
2016,11,6
2016,11,6
2016,11,6
2016,11,6
2016,11,6
2016,11,6
2016,11,6
2016,11,6
2016,11,6
2016,11,6
2016,11,6
2016,11,6
2016,11,6
2016,11,6
2016,11,6
2016,11,6
2016,11,6
2016,11,6
2016,11,6
2016,11,6
2016,11,6
2016,11,6
2016,11,6
2016,11,6
2016,11,6
2016,11,6
2016,11,6
2016,11,6
2016,11,6
2016,11,6
2016,11,6
2016,11,6
2016,11,6
2016,11,6
2016,11,6
2016,11,6
2016,11,6
2016,11,6
2016,11,6
2016,11,6
2016,11,6
2016,11,6
2016,11,6
2016,11,6
2016,11,6
2016,11,6
2016,11,6
2016,11,6
2016,11,6
2016,11,6
2016,11,6
2016,11,6
2016,11,6
2016,11,6
2016,11,6
2016,11,6
2016,11,6
2016,11,6
2016,11,6
2016,11,6
2016,11,6
2016,11,6
2016,11,6
2016,11,6
2016,11,6
2016,11,6
2016,11,6
2016,11,6
2016,11,6
2016,11,6
2016,11,6
2016,11,6
2016,11,6
2016,11,6
2016,11,6
2016,11,6
2016,11,6
2016,11,6
2016,11,6
2016,11,6
2016,11,6
2016,11,6
2016,11,6
2016,11,6
2016,11,6
2016,11,6
2016,11,6
2016,11,6
2016,11,6
2016,11,6
2016,11,6
2016,11,6
2016,11,6
2016,11,6
2016,11,6
2016,11,6
2016,11,6
2016,11,6
2016,11,6
2016,11,6
2016,11,6
2016,11,6
2016,11,6
2016,11,6
2016,11,6
2016,11,6
2016,11,6
2016,11,6
2016,11,6
2016,11,6
2016,11,6
2016,11,6
2016,11,6
2016,11,6
2016,11,6
2016,11,6
2016,11,6
2016,11,6
2016,11,6
2016,11,6
2016,11,6
2016,11,6
2016,11,6
2016,11,6
2016,11,6
2016,11,6
2016,11,6
2016,11,6
2016,11,6
2016,11,6
2016,11,6
2016,11,6
2016,11,6
2016,11,6
2016,11,6
2016,11,6
2016,11,6
2016,11,6
2016,11,6
2016,11,6
2016,11,6
2016,11,6
2016,11,6
2016,11,6
2016,11,6
2016,11,6
2016,11,6
2016,11,6
2016,11,6
2016,11,6
2016,11,6
2016,11,6
2016,11,6
2016,11,6
2016,11,6
2016,11,6
2016,11,6
2016,11,6
2016,11,6
2016,11,6
2016,11,6
2016,11,6
2016,11,6
2016,11,6
2016,11,6
2016,11,6
2016,11,6
2016,11,6
2016,11,6
2016,11,6
2016,11,6
2016,11,6
2016,11,6
2016,11,6
2016,11,6
2016,11,6
2016,11,6
2016,11,6
2016,11,6
2016,11,6
2016,11,6
2016,11,6
2016,11,6
2016,11,6
2016,11,6
2016,11,6
2016,11,6
2016,11,6
2016,11,6
2016,11,6
2016,11,6
2016,11,6
2016,11,6
2016,11,6
2016,11,6
2016,11,6
2016,11,6
2016,11,6
2016,11,6
2016,11,6
2016,11,6
2016,11,6
2016,11,6
2016,11,6
2016,11,6
2016,11,6
2016,11,6
2016,11,6
2016,11,6
2016,11,6
2016,11,6
2016,11,6
2016,11,6
2016,11,6
2016,11,6
2016,11,6
2016,11,6
2016,11,6
2016,11,6
2016,11,6
2016,11,6
2016,11,6
2016,11,6
2016,11,6
2016,11,6
2016,11,6
2016,11,6
2016,11,6
2016,11,6
2016,11,6
2016,11,6
2016,11,6
2016,11,6
2016,11,6
2016,11,6
2016,11,6
2016,11,6
2016,11,6
2016,11,6
2016,11,6
2016,11,6
2016,11,6
2016,11,6
2016,11,6
2016,11,6
2016,11,6
2016,11,6
2016,11,6
2016,11,6
2016,11,6
2016,11,6
2016,11,6
2016,11,6
2016,11,6
2016,11,6
2016,11,6
2016,11,6
2016,11,6
2016,11,6
2016,11,6
2016,11,6
2016,11,6
2016,11,6
2016,11,6
2016,11,6
2016,11,6
2016,11,6
2016,11,6
2016,11,6
2016,11,6
2016,11,6
2016,11,6
2016,11,6
2016,11,6
2016,11,6
2016,11,6
2016,11,6
2016,11,6
2016,11,6
2016,11,6
2016,11,6
2016,11,6
2016,11,6
2016,11,6
2016,11,6
2016,11,6
2016,11,6
2016,11,6
2016,11,6
2016,11,6
2016,11,6
2016,11,6
2016,11,6
2016,11,6
2016,11,6
2016,11,6
2016,11,6
2016,11,6
2016,11,6
2016,11,6
2016,11,6
2016,11,6
2016,11,6
2016,11,6
2016,11,6
2016,11,6
2016,11,6
2016,11,6
2016,11,6
2016,11,6
2016,11,6
2016,11,6
2016,11,6
2016,11,6
2016,11,6
2016,11,6
2016,11,6
2016,11,6
2016,11,6
2016,11,6
2016,11,6
2016,11,6
2016,11,6
2016,11,6
2016,11,6
2016,11,6
2016,11,6
2016,11,6
2016,11,6
2016,11,6
2016,11,6
2016,11,6
2016,11,6
2016,11,6
2016,11,6
2016,11,6
2016,11,6
2016,11,6
2016,11,6
2016,11,6
2016,11,6
2016,11,6
2016,11,6
2016,11,6
2016,11,6
2016,11,6
2016,11,6
2016,11,6
2016,11,6
2016,11,6
2016,11,6
2016,11,6
2016,11,6
2016,11,6
2016,11,6
2016,11,6
2016,11,6
2016,11,6
2016,11,6
2016,11,6
2016,11,6
2016,11,6
2016,11,6
2016,11,6
2016,11,6
2016,11,6
2016,11,6
2016,11,6
2016,11,6
2016,11,6
2016,11,6
2016,11,6
2016,11,6
2016,11,6
2016,11,6
2016,11,6
2016,11,6
2016,11,6
2016,11,6
2016,11,6
2016,11,6
2016,11,6
2016,11,6
2016,11,6
2016,11,6
2016,11,6
2016,11,6
2016,11,6
2016,11,6
2016,11,6
2016,11,6
2016,11,6
2016,11,6
2016,11,6
2016,11,6
2016,11,6
2016,11,6
2016,11,6
2016,11,6
2016,11,6
2016,11,6
2016,11,6
2016,11,6
2016,11,6
2016,11,6
2016,11,6
2016,11,6
2016,11,6
2016,11,6
2016,11,6
2016,11,6
2016,11,6
2016,11,6
2016,11,6
2016,11,6
2016,11,6
2016,11,6
2016,11,6
2016,11,6
2016,11,6
2016,11,6
2016,11,6
2016,11,6
2016,11,6
2016,11,6
2016,11,6
2016,11,6
2016,11,6
2016,11,6
2016,11,6
2016,11,6
2016,11,6
2016,11,6
2016,11,6
2016,11,6
2016,11,6
2016,11,6
2016,11,6
2016,11,6
2016,11,6
2016,11,6
2016,11,6
2016,11,6
2016,11,6
2016,11,6
2016,11,6
2016,11,6
2016,11,6
2016,11,6
2016,11,6
2016,11,6
2016,11,6
2016,11,6
2016,11,6
2016,11,6
2016,11,6
2016,11,6
2016,11,6
2016,11,6
2016,11,6
2016,11,6
2016,11,6
2016,11,6
2016,11,6
2016,11,6
2016,11,6
2016,11,6
2016,11,6
2016,11,6
2016,11,6
2016,11,6
2016,11,6
2016,11,6
2016,11,6
2016,11,6
2016,11,6
2016,11,6
2016,11,6
2016,11,6
2016,11,6
2016,11,6
2016,11,6
2016,11,6
2016,11,6
2016,11,6
2016,11,6
2016,11,6
2016,11,6
2016,11,6
2016,11,6
2016,11,6
2016,11,6
2016,11,6
2016,11,6
2016,11,6
2016,11,6
2016,11,6
2016,11,6
2016,11,6
2016,11,6
2016,11,6
2016,11,6
2016,11,6
2016,11,6
2016,11,6
2016,11,6
2016,11,6
2016,11,6
2016,11,6
2016,11,6
2016,11,6
2016,11,6
2016,11,6
2016,11,6
2016,11,6
2016,11,6
2016,11,6
2016,11,6
2016,11,6
2016,11,6
2016,11,6
2016,11,6
2016,11,6
2016,11,6
2016,11,6
2016,11,6
2016,11,6
2016,11,6
2016,11,6
2016,11,6
2016,11,6
2016,11,6
2016,11,6
2016,11,6
2016,11,6
2016,11,6
2016,11,6
2016,11,6
2016,11,6
2016,11,6
2016,11,6
2016,11,6
2016,11,6
2016,11,6
2016,11,6
2016,11,6
2016,11,6
2016,11,6
2016,11,6
2016,11,6
2016,11,6
2016,11,6
2016,11,6
2016,11,6
2016,11,6
2016,11,6
2016,11,6
2016,11,6
2016,11,6
2016,11,6
2016,11,6
2016,11,6
2016,11,6
2016,11,6
2016,11,6
2016,11,6
2016,11,6
2016,11,6
2016,11,6
2016,11,6
2016,11,6
2016,11,6
2016,11,6
2016,11,6
2016,11,6
2016,11,6
2016,11,6
2016,11,6
2016,11,6
2016,11,6
2016,11,6
2016,11,6
2016,11,6
2016,11,6
2016,11,6
2016,11,6
2016,11,6
2016,11,6
2016,11,6
2016,11,6
2016,11,6
2016,11,6
2016,11,6
2016,11,6
2016,11,6
2016,11,6
2016,11,6
2016,11,6
2016,11,6
2016,11,6
2016,11,6
2016,11,6
2016,11,6
2016,11,6
2016,11,6
2016,11,6
2016,11,6
2016,11,6
2016,11,6
2016,11,6
2016,11,6
2016,11,6
2016,11,6
2016,11,6
2016,11,6
2016,11,6
2016,11,6
2016,11,6
2016,11,6
2016,11,6
2016,11,6
2016,11,6
2016,11,6
2016,11,6
2016,11,6
2016,11,6
2016,11,6
2016,11,6
2016,11,6
2016,11,6
2016,11,6
2016,11,6
2016,11,6
2016,11,6
2016,11,6
2016,11,6
2016,11,6
2016,11,6
2016,11,6
2016,11,6
2016,11,6
2016,11,6
2016,11,6
2016,11,6
2016,11,6
2016,11,6
2016,11,6
2016,11,6
2016,11,6
2016,11,6
2016,11,6
2016,11,6
2016,11,6
2016,11,6
2016,11,6
2016,11,6
2016,11,6
2016,11,6
2016,11,6
2016,11,6
2016,11,6
2016,11,6
2016,11,6
2016,11,6
2016,11,6
2016,11,6
2016,11,6
2016,11,6
2016,11,6
2016,11,6
2016,11,6
2016,11,6
2016,11,6
2016,11,6
2016,11,6
2016,11,6
2016,11,6
2016,11,6
2016,11,6
2016,11,6
2016,11,6
2016,11,6
2016,11,6
2016,11,6
2016,11,6
2016,11,6
2016,11,6
2016,11,6
2016,11,6
2016,11,6
2016,11,6
2016,11,6
2016,11,6
2016,11,6
2016,11,6
2016,11,6
2016,11,6
2016,11,6
2016,11,6
2016,11,6
2016,11,6
2016,11,6
2016,11,6
2016,11,6
2016,11,6
2016,11,6
2016,11,6
2016,11,6
2016,11,6
2016,11,6
2016,11,6
2016,11,6
2016,11,6
2016,11,6
2016,11,6
2016,11,6
2016,11,6
2016,11,6
2016,11,6
2016,11,6
2016,11,6
2016,11,6
2016,11,6
2016,11,6
2016,11,6
2016,11,6
2016,11,6
2016,11,6
2016,11,6
2016,11,6
2016,11,6
2016,11,6
2016,11,6
2016,11,6
2016,11,6
2016,11,6
2016,11,6
2016,11,6
2016,11,6
2016,11,6
2016,11,6
2016,11,6
2016,11,6
2016,11,6
2016,11,6
2016,11,6
2016,11,6
2016,11,6
2016,11,6
2016,11,6
2016,11,6
2016,11,6
2016,11,6
2016,11,6
2016,11,6
2016,11,6
2016,11,6
2016,11,6
2016,11,6
2016,11,6
2016,11,6
2016,11,6
2016,11,6
2016,11,6
2016,11,6
2016,11,6
2016,11,6
2016,11,6
2016,11,6
2016,11,6
2016,11,6
2016,11,6
2016,11,6
2016,11,6
2016,11,6
2016,11,6
2016,11,6
2016,11,6
2016,11,6
2016,11,6
2016,11,6
2016,11,6
2016,11,6
2016,11,6
2016,11,6
2016,11,6
2016,11,6
2016,11,6
2016,11,6
2016,11,6
2016,11,6
2016,11,6
2016,11,6
2016,11,6
2016,11,6
2016,11,6
2016,11,6
2016,11,6
2016,11,6
2016,11,6
2016,11,6
2016,11,6
2016,11,6
2016,11,6
2016,11,6
2016,11,6
2016,11,6
2016,11,6
2016,11,6
2016,11,6
2016,11,6
2016,11,6
2016,11,6
2016,11,6
2016,11,6
2016,11,6
2016,11,6
2016,11,6
2016,11,6
2016,11,6
2016,11,6
2016,11,6
2016,11,6
2016,11,6
2016,11,6
2016,11,6
2016,11,6
2016,11,6
2016,11,6
2016,11,6
2016,11,6
2016,11,6
2016,11,6
2016,11,6
2016,11,6
2016,11,6
2016,11,6
2016,11,6
2016,11,6
2016,11,6
2016,11,6
2016,11,6
2016,11,6
2016,11,6
2016,11,6
2016,11,6
2016,11,6
2016,11,6
2016,11,6
2016,11,6
2016,11,6
2016,11,6
2016,11,6
2016,11,6
2016,11,6
2016,11,6
2016,11,6
2016,11,6
2016,11,6
2016,11,6
2016,11,6
2016,11,6
2016,11,6
2016,11,6
2016,11,6
2016,11,6
2016,11,6
2016,11,6
2016,11,6
2016,11,6
2016,11,6
2016,11,6
2016,11,6
2016,11,6
2016,11,6
2016,11,6
2016,11,6
2016,11,6
2016,11,6
2016,11,6
2016,11,6
2016,11,6
2016,11,6
2016,11,6
2016,11,6
2016,11,6
2016,11,6
2016,11,6
2016,11,6
2016,11,6
2016,11,6
2016,11,6
2016,11,6
2016,11,6
2016,11,6
2016,11,6
2016,11,6
2016,11,6
2016,11,6
2016,11,6
2016,11,6
2016,11,6
2016,11,6
2016,11,6
2016,11,6
2016,11,6
2016,11,6
2016,11,6
2016,11,6
2016,11,6
2016,11,6
2016,11,6
2016,11,6
2016,11,6
2016,11,6
2016,11,6
2016,11,6
2016,11,6
2016,11,6
2016,11,6
2016,11,6
2016,11,6
2016,11,6
2016,11,6
2016,11,6
2016,11,6
2016,11,6
2016,11,6
2016,11,6
2016,11,6
2016,11,6
2016,11,6
2016,11,6
2016,11,6
2016,11,6
2016,11,6
2016,11,6
2016,11,6
2016,11,6
2016,11,6
2016,11,6
2016,11,6
2016,11,6
2016,11,6
2016,11,6
2016,11,6
2016,11,6
2016,11,6
2016,11,6
2016,11,6
2016,11,6
2016,11,6
2016,11,6
2016,11,6
2016,11,6
2016,11,6
2016,11,6
2016,11,6
2016,11,6
2016,11,6
2016,11,6
2016,11,6
2016,11,6
2016,11,6
2016,11,6
2016,11,6
2016,11,6
2016,11,6
2016,11,6
2016,11,6
2016,11,6
2016,11,6
2016,11,6
2016,11,6
2016,11,6
2016,11,6
2016,11,6
2016,11,6
2016,11,6
2016,11,6
2016,11,6
2016,11,6
2016,11,6
2016,11,6
2016,11,6
2016,11,6
2016,11,6
2016,11,6
2016,11,6
2016,11,6
2016,11,6
2016,11,6
2016,11,6
2016,11,6
2016,11,6
2016,11,6
2016,11,6
2016,11,6
2016,11,6
2016,11,6
2016,11,6
2016,11,6
2016,11,6
2016,11,6
2016,11,6
2016,11,6
2016,11,6
2016,11,6
2016,11,6
2016,11,6
2016,11,6
2016,11,6
2016,11,6
2016,11,6
2016,11,6
2016,11,6
2016,11,6
2016,11,6
2016,11,6
2016,11,6
2016,11,6
2016,11,6
2016,11,6
2016,11,6
2016,11,6
2016,11,6
2016,11,6
2016,11,6
2016,11,6
2016,11,6
2016,11,6
2016,11,6
2016,11,6
2016,11,6
2016,11,6
2016,11,6
2016,11,6
2016,11,6
2016,11,6
2016,11,6
2016,11,6
2016,11,6
2016,11,6
2016,11,6
2016,11,6
2016,11,6
2016,11,6
2016,11,6
2016,11,6
2016,11,6
2016,11,6
2016,11,6
2016,11,6
2016,11,6
2016,11,6
2016,11,6
2016,11,6
2016,11,6
2016,11,6
2016,11,6
2016,11,6
2016,11,6
2016,11,6
2016,11,6
2016,11,6
2016,11,6
2016,11,6
2016,11,6
2016,11,6
2016,11,6
2016,11,6
2016,11,6
2016,11,6
2016,11,6
2016,11,6
2016,11,6
2016,11,6
2016,11,6
2016,11,6
2016,11,6
2016,11,6
2016,11,6
2016,11,6
2016,11,6
2016,11,6
2016,11,6
2016,11,6
2016,11,6
2016,11,6
2016,11,6
2016,11,6
2016,11,6
2016,11,6
2016,11,6
2016,11,6
2016,11,6
2016,11,6
2016,11,6
2016,11,6
2016,11,6
2016,11,6
2016,11,6
2016,11,6
2016,11,6
2016,11,6
2016,11,6
2016,11,6
2016,11,6
2016,11,6
2016,11,6
2016,11,6
2016,11,6
2016,11,6
2016,11,6
2016,11,6
2016,11,6
2016,11,6
2016,11,6
2016,11,6
2016,11,6
2016,11,6
2016,11,6
2016,11,6
2016,11,6
2016,11,6
2016,11,6
2016,11,6
2016,11,6
2016,11,6
2016,11,6
2016,11,6
2016,11,6
2016,11,6
2016,11,6
2016,11,6
2016,11,6
2016,11,6
2016,11,6
2016,11,6
2016,11,6
2016,11,6
2016,11,6
2016,11,6
2016,11,6
2016,11,6
2016,11,6
2016,11,6
2016,11,6
2016,11,6
2016,11,6
2016,11,6
2016,11,6
2016,11,6
2016,11,6
2016,11,6
2016,11,6
2016,11,6
2016,11,6
2016,11,6
2016,11,6
2016,11,6
2016,11,6
2016,11,6
2016,11,6
2016,11,6
2016,11,6
2016,11,6
2016,11,6
2016,11,6
2016,11,6
2016,11,6
2016,11,6
2016,11,6
2016,11,6
2016,11,6
2016,11,6
2016,11,6
2016,11,6
2016,11,6
2016,11,6
2016,11,6
2016,11,6
2016,11,6
2016,11,6
2016,11,6
2016,11,6
2016,11,6
2016,11,6
2016,11,6
2016,11,6
2016,11,6
2016,11,6
2016,11,6
2016,11,6
2016,11,6
2016,11,6
2016,11,6
2016,11,6
2016,11,6
2016,11,6
2016,11,6
2016,11,6
2016,11,6
2016,11,6
2016,11,6
2016,11,6
2016,11,6
2016,11,6
2016,11,6
2016,11,6
2016,11,6
2016,11,6
2016,11,6
2016,11,6
2016,11,6
2016,11,6
2016,11,6
2016,11,6
2016,11,6
2016,11,6
2016,11,6
2016,11,6
2016,11,6
2016,11,6
2016,11,6
2016,11,6
2016,11,6
2016,11,6
2016,11,6
2016,11,6
2016,11,6
2016,11,6
2016,11,6
2016,11,6
2016,11,6
2016,11,6
2016,11,6
2016,11,6
2016,11,6
2016,11,6
2016,11,6
2016,11,6
2016,11,6
2016,11,6
2016,11,6
2016,11,6
2016,11,6
2016,11,6
2016,11,6
2016,11,6
2016,11,6
2016,11,6
2016,11,6
2016,11,6
2016,11,6
2016,11,6
2016,11,6
2016,11,6
2016,11,6
2016,11,6
2016,11,6
2016,11,6
2016,11,6
2016,11,6
2016,11,6
2016,11,6
2016,11,6
2016,11,6
2016,11,6
2016,11,6
2016,11,6
2016,11,6
2016,11,6
2016,11,6
2016,11,6
2016,11,6
2016,11,6
2016,11,6
2016,11,6
2016,11,6
2016,11,6
2016,11,6
2016,11,6
2016,11,6
2016,11,6
2016,11,6
2016,11,6
2016,11,6
2016,11,6
2016,11,6
2016,11,6
2016,11,6
2016,11,6
2016,11,6
2016,11,6
2016,11,6
2016,11,6
2016,11,6
2016,11,6
2016,11,6
2016,11,6
2016,11,6
2016,11,6
2016,11,6
2016,11,6
2016,11,6
2016,11,6
2016,11,6
2016,11,6
2016,11,6
2016,11,6
2016,11,6
2016,11,6
2016,11,6
2016,11,6
2016,11,6
2016,11,6
2016,11,6
2016,11,6
2016,11,6
2016,11,6
2016,11,6
2016,11,6
2016,11,6
2016,11,6
2016,11,6
2016,11,6
2016,11,6
2016,11,6
2016,11,6
2016,11,6
2016,11,6
2016,11,6
2016,11,6
2016,11,6
2016,11,6
2016,11,6
2016,11,6
2016,11,6
2016,11,6
2016,11,6
2016,11,6
2016,11,6
2016,11,6
2016,11,6
2016,11,6
2016,11,6
2016,11,6
2016,11,6
2016,11,6
2016,11,6
2016,11,6
2016,11,6
2016,11,6
2016,11,6
2016,11,6
2016,11,6
2016,11,6
2016,11,6
2016,11,6
2016,11,6
2016,11,6
2016,11,6
2016,11,6
2016,11,6
2016,11,6
2016,11,6
2016,11,6
2016,11,6
2016,11,6
2016,11,6
2016,11,6
2016,11,6
2016,11,6
2016,11,6
2016,11,6
2016,11,6
2016,11,6
2016,11,6
2016,11,6
2016,11,6
2016,11,6
2016,11,6
2016,11,6
2016,11,6
2016,11,6
2016,11,6
2016,11,6
2016,11,6
2016,11,6
2016,11,6
2016,11,6
2016,11,6
2016,11,6
2016,11,6
2016,11,6
2016,11,6
2016,11,6
2016,11,6
2016,11,6
2016,11,6
2016,11,6
2016,11,6
2016,11,6
2016,11,6
2016,11,6
2016,11,6
2016,11,6
2016,11,6
2016,11,6
2016,11,6
2016,11,6
2016,11,6
2016,11,6
2016,11,6
2016,11,6
2016,11,6
2016,11,6
2016,11,6
2016,11,6
2016,11,6
2016,11,6
2016,11,6
2016,11,6
2016,11,6
2016,11,6
2016,11,6
2016,11,6
2016,11,6
2016,11,6
2016,11,6
2016,11,6
2016,11,6
2016,11,6
2016,11,6
2016,11,6
2016,11,6
2016,11,6
2016,11,6
2016,11,6
2016,11,6
2016,11,6
2016,11,6
2016,11,6
2016,11,6
2016,11,6
2016,11,6
2016,11,6
2016,11,6
2016,11,6
2016,11,6
2016,11,6
2016,11,6
2016,11,6
2016,11,6
2016,11,6
2016,11,6
2016,11,6
2016,11,6
2016,11,6
2016,11,6
2016,11,6
2016,11,6
2016,11,6
2016,11,6
2016,11,6
2016,11,6
2016,11,6
2016,11,6
2016,11,6
2016,11,6
2016,11,6
2016,11,6
2016,11,6
2016,11,6
2016,11,6
2016,11,6
2016,11,6
2016,11,6
2016,11,6
2016,11,6
2016,11,6
2016,11,6
2016,11,6
2016,11,6
2016,11,6
2016,11,6
2016,11,6
2016,11,6
2016,11,6
2016,11,6
2016,11,6
2016,11,6
2016,11,6
2016,11,6
2016,11,6
2016,11,6
2016,11,6
2016,11,6
2016,11,6
2016,11,6
2016,11,6
2016,11,6
2016,11,6
2016,11,6
2016,11,6
2016,11,6
2016,11,6
2016,11,6
2016,11,6
2016,11,6
2016,11,6
2016,11,6
2016,11,6
2016,11,6
2016,11,6
2016,11,6
2016,11,6
2016,11,6
2016,11,6
2016,11,6
2016,11,6
2016,11,6
2016,11,6
2016,11,6
2016,11,6
2016,11,6
2016,11,6
2016,11,6
2016,11,6
2016,11,6
2016,11,6
2016,11,6
2016,11,6
2016,11,6
2016,11,6
2016,11,6
2016,11,6
2016,11,6
2016,11,6
2016,11,6
2016,11,6
2016,11,6
2016,11,6
2016,11,6
2016,11,6
2016,11,6
2016,11,6
2016,11,6
2016,11,6
2016,11,6
2016,11,6
2016,11,6
2016,11,6
2016,11,6
2016,11,6
2016,11,6
2016,11,6
2016,11,6
2016,11,6
2016,11,6
2016,11,6
2016,11,6
2016,11,6
2016,11,6
2016,11,6
2016,11,6
2016,11,6
2016,11,6
2016,11,6
2016,11,6
2016,11,6
2016,11,6
2016,11,6
2016,11,6
2016,11,6
2016,11,6
2016,11,6
2016,11,6
2016,11,6
2016,11,6
2016,11,6
2016,11,6
2016,11,6
2016,11,6
2016,11,6
2016,11,6
2016,11,6
2016,11,6
2016,11,6
2016,11,6
2016,11,6
2016,11,6
2016,11,6
2016,11,6
2016,11,6
2016,11,6
2016,11,6
2016,11,6
2016,11,6
2016,11,6
2016,11,6
2016,11,6
2016,11,6
2016,11,6
2016,11,6
2016,11,6
2016,11,6
2016,11,6
2016,11,6
2016,11,6
2016,11,6
2016,11,6
2016,11,6
2016,11,6
2016,11,6
2016,11,6
2016,11,6
2016,11,6
2016,11,6
2016,11,6
2016,11,6
2016,11,6
2016,11,6
2016,11,6
2016,11,6
2016,11,6
2016,11,6
2016,11,6
2016,11,6
2016,11,6
2016,11,6
2016,11,6
2016,11,6
2016,11,6
2016,11,6
2016,11,6
2016,11,6
2016,11,6
2016,11,6
2016,11,6
2016,11,6
2016,11,6
2016,11,6
2016,11,6
2016,11,6
2016,11,6
2016,11,6
2016,11,6
2016,11,6
2016,11,6
2016,11,6
2016,11,6
2016,11,6
2016,11,6
2016,11,6
2016,11,6
2016,11,6
2016,11,6
2016,11,6
2016,11,6
2016,11,6
2016,11,6
2016,11,6
2016,11,6
2016,11,6
2016,11,6
2016,11,6
2016,11,6
2016,11,6
2016,11,6
2016,11,6
2016,11,6
2016,11,6
2016,11,6
2016,11,6
2016,11,6
2016,11,6
2016,11,6
2016,11,6
2016,11,6
2016,11,6
2016,11,6
2016,11,6
2016,11,6
2016,11,6
2016,11,6
2016,11,6
2016,11,6
2016,11,6
2016,11,6
2016,11,6
2016,11,6
2016,11,6
2016,11,6
2016,11,6
2016,11,6
2016,11,6
2016,11,6
2016,11,6
2016,11,6
2016,11,6
2016,11,6
2016,11,6
2016,11,6
2016,11,6
2016,11,6
2016,11,6
2016,11,6
2016,11,6
2016,11,6
2016,11,6
2016,11,6
2016,11,6
2016,11,6
2016,11,6
2016,11,6
2016,11,6
2016,11,6
2016,11,6
2016,11,6
2016,11,6
2016,11,6
2016,11,6
2016,11,6
2016,11,6
2016,11,6
2016,11,6
2016,11,6
2016,11,6
2016,11,6
2016,11,6
2016,11,6
2016,11,6
2016,11,6
2016,11,6
2016,11,6
2016,11,6
2016,11,6
2016,11,6
2016,11,6
2016,11,6
2016,11,6
2016,11,6
2016,11,6
2016,11,6
2016,11,6
2016,11,6
2016,11,6
2016,11,6
2016,11,6
2016,11,6
2016,11,6
2016,11,6
2016,11,6
2016,11,6
2016,11,6
2016,11,6
2016,11,6
2016,11,6
2016,11,6
2016,11,6
2016,11,6
2016,11,6
2016,11,6
2016,11,6
2016,11,6
2016,11,6
2016,11,6
2016,11,6
2016,11,6
2016,11,6
2016,11,6
2016,11,6
2016,11,6
2016,11,6
2016,11,6
2016,11,6
2016,11,6
2016,11,6
2016,11,6
2016,11,6
2016,11,6
2016,11,6
2016,11,6
2016,11,6
2016,11,6
2016,11,6
2016,11,6
2016,11,6
2016,11,6
2016,11,6
2016,11,6
2016,11,6
2016,11,6
2016,11,6
2016,11,6
2016,11,6
2016,11,6
2016,11,6
2016,11,6
2016,11,6
2016,11,6
2016,11,6
2016,11,6
2016,11,6
2016,11,6
2016,11,6
2016,11,6
2016,11,6
2016,11,6
2016,11,6
2016,11,6
2016,11,6
2016,11,6
2016,11,6
2016,11,6
2016,11,6
2016,11,6
2016,11,6
2016,11,6
2016,11,6
2016,11,6
2016,11,6
2016,11,6
2016,11,6
2016,11,6
2016,11,6
2016,11,6
2016,11,6
2016,11,6
2016,11,6
2016,11,6
2016,11,6
2016,11,6
2016,11,6
2016,11,6
2016,11,6
2016,11,6
2016,11,6
2016,11,6
2016,11,6
2016,11,6
2016,11,6
2016,11,6
2016,11,6
2016,11,6
2016,11,6
2016,11,6
2016,11,6
2016,11,6
2016,11,6
2016,11,6
2016,11,6
2016,11,6
2016,11,6
2016,11,6
2016,11,6
2016,11,6
2016,11,6
2016,11,6
2016,11,6
2016,11,6
2016,11,6
2016,11,6
2016,11,6
2016,11,6
2016,11,6
2016,11,6
2016,11,6
2016,11,6
2016,11,6
2016,11,6
2016,11,6
2016,11,6
2016,11,6
2016,11,6
2016,11,6
2016,11,6
2016,11,6
2016,11,6
2016,11,6
2016,11,6
2016,11,6
2016,11,6
2016,11,6
2016,11,6
2016,11,6
2016,11,6
2016,11,6
2016,11,6
2016,11,6
2016,11,6
2016,11,6
2016,11,6
2016,11,6
2016,11,6
2016,11,6
2016,11,6
2016,11,6
2016,11,6
2016,11,6
2016,11,6
2016,11,6
2016,11,6
2016,11,6
2016,11,6
2016,11,6
2016,11,6
2016,11,6
2016,11,6
2016,11,6
2016,11,6
2016,11,6
2016,11,6
2016,11,6
2016,11,6
2016,11,6
2016,11,6
2016,11,6
2016,11,6
2016,11,6
2016,11,6
2016,11,6
2016,11,6
2016,11,6
2016,11,6
2016,11,6
2016,11,6
2016,11,6
2016,11,6
2016,11,6
2016,11,6
2016,11,6
2016,11,6
2016,11,6
2016,11,6
2016,11,6
2016,11,6
2016,11,6
2016,11,6
2016,11,6
2016,11,6
2016,11,6
2016,11,6
2016,11,6
2016,11,6
2016,11,6
2016,11,6
2016,11,6
2016,11,6
2016,11,6
2016,11,6
2016,11,6
2016,11,6
2016,11,6
2016,11,6
2016,11,6
2016,11,6
2016,11,6
2016,11,6
2016,11,6
2016,11,6
2016,11,6
2016,11,6
2016,11,6
2016,11,6
2016,11,6
2016,11,6
2016,11,6
2016,11,6
2016,11,6
2016,11,6
2016,11,6
2016,11,6
2016,11,6
2016,11,6
2016,11,6
2016,11,6
2016,11,6
2016,11,6
2016,11,6
2016,11,6
2016,11,6
2016,11,6
2016,11,6
2016,11,6
2016,11,6
2016,11,6
2016,11,6
2016,11,6
2016,11,6
2016,11,6
2016,11,6
2016,11,6
2016,11,6
2016,11,6
2016,11,6
2016,11,6
2016,11,6
2016,11,6
2016,11,6
2016,11,6
2016,11,6
2016,11,6
2016,11,6
2016,11,6
2016,11,6
2016,11,6
2016,11,6
2016,11,6
2016,11,6
2016,11,6
2016,11,6
2016,11,6
2016,11,6
2016,11,6
2016,11,6
2016,11,6
2016,11,6
2016,11,6
2016,11,6
2016,11,6
2016,11,6
2016,11,6
2016,11,6
2016,11,6
2016,11,6
2016,11,6
2016,11,6
2016,11,6
2016,11,6
2016,11,6
2016,11,6
2016,11,6
2016,11,6
2016,11,6
2016,11,6
2016,11,6
2016,11,6
2016,11,6
2016,11,6
2016,11,6
2016,11,6
2016,11,6
2016,11,6
2016,11,6
2016,11,6
2016,11,6
2016,11,6
2016,11,6
2016,11,6
2016,11,6
2016,11,6
2016,11,6
2016,11,6
2016,11,6
2016,11,6
2016,11,6
2016,11,6
2016,11,6
2016,11,6
2016,11,6
2016,11,6
2016,11,6
2016,11,6
2016,11,6
2016,11,6
2016,11,6
2016,11,6
2016,11,6
2016,11,6
2016,11,6
2016,11,6
2016,11,6
2016,11,6
2016,11,6
2016,11,6
2016,11,6
2016,11,6
2016,11,6
2016,11,6
2016,11,6
2016,11,6
2016,11,6
2016,11,6
2016,11,6
2016,11,6
2016,11,6
2016,11,6
2016,11,6
2016,11,6
2016,11,6
2016,11,6
2016,11,6
2016,11,6
2016,11,6
2016,11,6
2016,11,6
2016,11,6
2016,11,6
2016,11,6
2016,11,6
2016,11,6
2016,11,6
2016,11,6
2016,11,6
2016,11,6
2016,11,6
2016,11,6
2016,11,6
2016,11,6
2016,11,6
2016,11,6
2016,11,6
2016,11,6
2016,11,6
2016,11,6
2016,11,6
2016,11,6
2016,11,6
2016,11,6
2016,11,6
2016,11,6
2016,11,6
2016,11,6
2016,11,6
2016,11,6
2016,11,6
2016,11,6
2016,11,6
2016,11,6
2016,11,6
2016,11,6
2016,11,6
2016,11,6
2016,11,6
2016,11,6
2016,11,6
2016,11,6
2016,11,6
2016,11,6
2016,11,6
2016,11,6
2016,11,6
2016,11,6
2016,11,6
2016,11,6
2016,11,6
2016,11,6
2016,11,6
2016,11,6
2016,11,6
2016,11,6
2016,11,6
2016,11,6
2016,11,6
2016,11,6
2016,11,6
2016,11,6
2016,11,6
2016,11,6
2016,11,6
2016,11,6
2016,11,6
2016,11,6
2016,11,6
2016,11,6
2016,11,6
2016,11,6
2016,11,6
2016,11,6
2016,11,6
2016,11,6
2016,11,6
2016,11,6
2016,11,6
2016,11,6
2016,11,6
2016,11,6
2016,11,6
2016,11,6
2016,11,6
2016,11,6
2016,11,6
2016,11,6
2016,11,6
2016,11,6
2016,11,6
2016,11,6
2016,11,6
2016,11,6
2016,11,6
2016,11,6
2016,11,6
2016,11,6
2016,11,6
2016,11,6
2016,11,6
2016,11,6
2016,11,6
2016,11,6
2016,11,6
2016,11,6
2016,11,6
2016,11,6
2016,11,6
2016,11,6
2016,11,6
2016,11,6
2016,11,6
2016,11,6
2016,11,6
2016,11,6
2016,11,6
2016,11,6
2016,11,6
2016,11,6
2016,11,6
2016,11,6
2016,11,6
2016,11,6
2016,11,6
2016,11,6
2016,11,6
2016,11,6
2016,11,6
2016,11,6
2016,11,6
2016,11,6
2016,11,6
2016,11,6
2016,11,6
2016,11,6
2016,11,6
2016,11,6
2016,11,6
2016,11,6
2016,11,6
2016,11,6
2016,11,6
2016,11,6
2016,11,6
2016,11,6
2016,11,6
2016,11,6
2016,11,6
2016,11,6
2016,11,6
2016,11,6
2016,11,6
2016,11,6
2016,11,6
2016,11,6
2016,11,6
2016,11,6
2016,11,6
2016,11,6
2016,11,6
2016,11,6
2016,11,6
2016,11,6
2016,11,6
2016,11,6
2016,11,6
2016,11,6
2016,11,6
2016,11,6
2016,11,6
2016,11,6
2016,11,6
2016,11,6
2016,11,6
2016,11,6
2016,11,6
2016,11,6
2016,11,6
2016,11,6
2016,11,6
2016,11,6
2016,11,6
2016,11,6
2016,11,6
2016,11,6
2016,11,6
2016,11,6
2016,11,6
2016,11,6
2016,11,6
2016,11,6
2016,11,6
2016,11,6
2016,11,6
2016,11,6
2016,11,6
2016,11,6
2016,11,6
2016,11,6
2016,11,6
2016,11,6
2016,11,6
2016,11,6
2016,11,6
2016,11,6
2016,11,6
2016,11,6
2016,11,6
2016,11,6
2016,11,6
2016,11,6
2016,11,6
2016,11,6
2016,11,6
2016,11,6
2016,11,6
2016,11,6
2016,11,6
2016,11,6
2016,11,6
2016,11,6
2016,11,6
2016,11,6
2016,11,6
2016,11,6
2016,11,6
2016,11,6
2016,11,6
2016,11,6
2016,11,6
2016,11,6
2016,11,6
2016,11,6
2016,11,6
2016,11,6
2016,11,6
2016,11,6
2016,11,6
2016,11,6
2016,11,6
2016,11,6
2016,11,6
2016,11,6
2016,11,6
2016,11,6
2016,11,6
2016,11,6
2016,11,6
2016,11,6
2016,11,6
2016,11,6
2016,11,6
2016,11,6
2016,11,6
2016,11,6
2016,11,6
2016,11,6
2016,11,6
2016,11,6
2016,11,6
2016,11,6
2016,11,6
2016,11,6
2016,11,6
2016,11,6
2016,11,6
2016,11,6
2016,11,6
2016,11,6
2016,11,6
2016,11,6
2016,11,6
2016,11,6
2016,11,6
2016,11,6
2016,11,6
2016,11,6
2016,11,6
2016,11,6
2016,11,6
2016,11,6
2016,11,6
2016,11,6
2016,11,6
2016,11,6
2016,11,6
2016,11,6
2016,11,6
2016,11,6
2016,11,6
2016,11,6
2016,11,6
2016,11,6
2016,11,6
2016,11,6
2016,11,6
2016,11,6
2016,11,6
2016,11,6
2016,11,6
2016,11,6
2016,11,6
2016,11,6
2016,11,6
2016,11,6
2016,11,6
2016,11,6
2016,11,6
2016,11,6
2016,11,6
2016,11,6
2016,11,6
2016,11,6
2016,11,6
2016,11,6
2016,11,6
2016,11,6
2016,11,6
2016,11,6
2016,11,6
2016,11,6
2016,11,6
2016,11,6
2016,11,6
2016,11,6
2016,11,6
2016,11,6
2016,11,6
2016,11,6
2016,11,6
2016,11,6
2016,11,6
2016,11,6
2016,11,6
2016,11,6
2016,11,6
2016,11,6
2016,11,6
2016,11,6
2016,11,6
2016,11,6
2016,11,6
2016,11,6
2016,11,6
2016,11,6
2016,11,6
2016,11,6
2016,11,6
2016,11,6
2016,11,6
2016,11,6
2016,11,6
2016,11,6
2016,11,6
2016,11,6
2016,11,6
2016,11,6
2016,11,6
2016,11,6
2016,11,6
2016,11,6
2016,11,6
2016,11,6
2016,11,6
2016,11,6
2016,11,6
2016,11,6
2016,11,6
2016,11,6
2016,11,6
2016,11,6
2016,11,6
2016,11,6
2016,11,6
2016,11,6
2016,11,6
2016,11,6
2016,11,6
2016,11,6
2016,11,6
2016,11,6
2016,11,6
2016,11,6
2016,11,6
2016,11,6
2016,11,6
2016,11,6
2016,11,6
2016,11,6
2016,11,6
2016,11,6
2016,11,6
2016,11,6
2016,11,6
2016,11,6
2016,11,6
2016,11,6
2016,11,6
2016,11,6
2016,11,6
2016,11,6
2016,11,6
2016,11,6
2016,11,6
2016,11,6
2016,11,6
2016,11,6
2016,11,6
2016,11,6
2016,11,6
2016,11,6
2016,11,6
2016,11,6
2016,11,6
2016,11,6
2016,11,6
2016,11,6
2016,11,6
2016,11,6
2016,11,6
2016,11,6
2016,11,6
2016,11,6
2016,11,6
2016,11,6
2016,11,6
2016,11,6
2016,11,6
2016,11,6
2016,11,6
2016,11,6
2016,11,6
2016,11,6
2016,11,6
2016,11,6
2016,11,6
2016,11,6
2016,11,6
2016,11,6
2016,11,6
2016,11,6
2016,11,6
2016,11,6
2016,11,6
2016,11,6
2016,11,6
2016,11,6
2016,11,6
2016,11,6
2016,11,6
2016,11,6
2016,11,6
2016,11,6
2016,11,6
2016,11,6
2016,11,6
2016,11,6
2016,11,6
2016,11,6
2016,11,6
2016,11,6
2016,11,6
2016,11,6
2016,11,6
2016,11,6
2016,11,6
2016,11,6
2016,11,6
2016,11,6
2016,11,6
2016,11,6
2016,11,6
2016,11,6
2016,11,6
2016,11,6
2016,11,6
2016,11,6
2016,11,6
2016,11,6
2016,11,6
2016,11,6
2016,11,6
2016,11,6
2016,11,6
2016,11,6
2016,11,6
2016,11,6
2016,11,6
2016,11,6
2016,11,6
2016,11,6
2016,11,6
2016,11,6
2016,11,6
2016,11,6
2016,11,6
2016,11,6
2016,11,6
2016,11,6
2016,11,6
2016,11,6
2016,11,6
2016,11,6
2016,11,6
2016,11,6
2016,11,6
2016,11,6
2016,11,6
2016,11,6
2016,11,6
2016,11,6
2016,11,6
2016,11,6
2016,11,6
2016,11,6
2016,11,6
2016,11,6
2016,11,6
2016,11,6
2016,11,6
2016,11,6
2016,11,6
2016,11,6
2016,11,6
2016,11,6
2016,11,6
2016,11,6
2016,11,6
2016,11,6
2016,11,6
2016,11,6
2016,11,6
2016,11,6
2016,11,6
2016,11,6
2016,11,6
2016,11,6
2016,11,6
2016,11,6
2016,11,6
2016,11,6
2016,11,6
2016,11,6
2016,11,6
2016,11,6
2016,11,6
2016,11,6
2016,11,6
2016,11,6
2016,11,6
2016,11,6
2016,11,6
2016,11,6
2016,11,6
2016,11,6
2016,11,6
2016,11,6
2016,11,6
2016,11,6
2016,11,6
2016,11,6
2016,11,6
2016,11,6
2016,11,6
2016,11,6
2016,11,6
2016,11,6
2016,11,6
2016,11,6
2016,11,6
2016,11,6
2016,11,6
2016,11,6
2016,11,6
2016,11,6
2016,11,6
2016,11,6
2016,11,6
2016,11,6
2016,11,6
2016,11,6
2016,11,6
2016,11,6
2016,11,6
2016,11,6
2016,11,6
2016,11,6
2016,11,6
2016,11,6
2016,11,6
2016,11,6
2016,11,6
2016,11,6
2016,11,6
2016,11,6
2016,11,6
2016,11,6
2016,11,6
2016,11,6
2016,11,6
2016,11,6
2016,11,6
2016,11,6
2016,11,6
2016,11,6
2016,11,6
2016,11,6
2016,11,6
2016,11,6
2016,11,6
2016,11,6
2016,11,6
2016,11,6
2016,11,6
2016,11,6
2016,11,6
2016,11,6
2016,11,6
2016,11,6
2016,11,6
2016,11,6
2016,11,6
2016,11,6
2016,11,6
2016,11,6
2016,11,6
2016,11,6
2016,11,6
2016,11,6
2016,11,6
2016,11,6
2016,11,6
2016,11,6
2016,11,6
2016,11,6
2016,11,6
2016,11,6
2016,11,6
2016,11,6
2016,11,6
2016,11,6
2016,11,6
2016,11,6
2016,11,6
2016,11,6
2016,11,6
2016,11,6
2016,11,6
2016,11,6
2016,11,6
2016,11,6
2016,11,6
2016,11,6
2016,11,6
2016,11,6
2016,11,6
2016,11,6
2016,11,6
2016,11,6
2016,11,6
2016,11,6
2016,11,6
2016,11,6
2016,11,6
2016,11,6
2016,11,6
2016,11,6
2016,11,6
2016,11,6
2016,11,6
2016,11,6
2016,11,6
2016,11,6
2016,11,6
2016,11,6
2016,11,6
2016,11,6
2016,11,6
2016,11,6
2016,11,6
2016,11,6
2016,11,6
2016,11,6
2016,11,6
2016,11,6
2016,11,6
2016,11,6
2016,11,6
2016,11,6
2016,11,6
2016,11,6
2016,11,6
2016,11,6
2016,11,6
2016,11,6
2016,11,6
2016,11,6
2016,11,6
2016,11,6
2016,11,6
2016,11,6
2016,11,6
2016,11,6
2016,11,6
2016,11,6
2016,11,6
2016,11,6
2016,11,6
2016,11,6
2016,11,6
2016,11,6
2016,11,6
2016,11,6
2016,11,6
2016,11,6
2016,11,6
2016,11,6
2016,11,6
2016,11,6
2016,11,6
2016,11,6
2016,11,6
2016,11,6
2016,11,6
2016,11,6
2016,11,6
2016,11,6
2016,11,6
2016,11,6
2016,11,6
2016,11,6
2016,11,6
2016,11,6
2016,11,6
2016,11,6
2016,11,6
2016,11,6
2016,11,6
2016,11,6
2016,11,6
2016,11,6
2016,11,6
2016,11,6
2016,11,6
2016,11,6
2016,11,6
2016,11,6
2016,11,6
2016,11,6
2016,11,6
2016,11,6
2016,11,6
2016,11,6
2016,11,6
2016,11,6
2016,11,6
2016,11,6
2016,11,6
2016,11,6
2016,11,6
2016,11,6
2016,11,6
2016,11,6
2016,11,6
2016,11,6
2016,11,6
2016,11,6
2016,11,6
2016,11,6
2016,11,6
2016,11,6
2016,11,6
2016,11,6
2016,11,6
2016,11,6
2016,11,6
2016,11,6
2016,11,6
2016,11,6
2016,11,6
2016,11,6
2016,11,6
2016,11,6
2016,11,6
2016,11,6
2016,11,6
2016,11,6
2016,11,6
2016,11,6
2016,11,6
2016,11,6
2016,11,6
2016,11,6
2016,11,6
2016,11,6
2016,11,6
2016,11,6
2016,11,6
2016,11,6
2016,11,6
2016,11,6
2016,11,6
2016,11,6
2016,11,6
2016,11,6
2016,11,6
2016,11,6
2016,11,6
2016,11,6
2016,11,6
2016,11,6
2016,11,6
2016,11,6
2016,11,6
2016,11,6
2016,11,6
2016,11,6
2016,11,6
2016,11,6
2016,11,6
2016,11,6
2016,11,6
2016,11,6
2016,11,6
2016,11,6
2016,11,6
2016,11,6
2016,11,6
2016,11,6
2016,11,6
2016,11,6
2016,11,6
2016,11,6
2016,11,6
2016,11,6
2016,11,6
2016,11,6
2016,11,6
2016,11,6
2016,11,6
2016,11,6
2016,11,6
2016,11,6
2016,11,6
2016,11,6
2016,11,6
2016,11,6
2016,11,6
2016,11,6
2016,11,6
2016,11,6
2016,11,6
2016,11,6
2016,11,6
2016,11,6
2016,11,6
2016,11,6
2016,11,6
2016,11,6
2016,11,6
2016,11,6
2016,11,6
2016,11,6
2016,11,6
2016,11,6
2016,11,6
2016,11,6
2016,11,6
2016,11,6
2016,11,6
2016,11,6
2016,11,6
2016,11,6
2016,11,6
2016,11,6
2016,11,6
2016,11,6
2016,11,6
2016,11,6
2016,11,6
2016,11,6
2016,11,6
2016,11,6
2016,11,6
2016,11,6
2016,11,6
2016,11,6
2016,11,6
2016,11,6
2016,11,6
2016,11,6
2016,11,6
2016,11,6
2016,11,6
2016,11,6
2016,11,6
2016,11,6
2016,11,6
2016,11,6
2016,11,6
2016,11,6
2016,11,6
2016,11,6
2016,11,6
2016,11,6
2016,11,6
2016,11,6
2016,11,6
2016,11,6
2016,11,6
2016,11,6
2016,11,6
2016,11,6
2016,11,6
2016,11,6
2016,11,6
2016,11,6
2016,11,6
2016,11,6
2016,11,6
2016,11,6
2016,11,6
2016,11,6
2016,11,6
2016,11,6
2016,11,6
2016,11,6
2016,11,6
2016,11,6
2016,11,6
2016,11,6
2016,11,6
2016,11,6
2016,11,6
2016,11,6
2016,11,6
2016,11,6
2016,11,6
2016,11,6
2016,11,6
2016,11,6
2016,11,6
2016,11,6
2016,11,6
2016,11,6
2016,11,6
2016,11,6
2016,11,6
2016,11,6
2016,11,6
2016,11,6
2016,11,6
2016,11,6
2016,11,6
2016,11,6
2016,11,6
2016,11,6
2016,11,6
2016,11,6
2016,11,6
2016,11,6
2016,11,6
2016,11,6
2016,11,6
2016,11,6
2016,11,6
2016,11,6
2016,11,6
2016,11,6
2016,11,6
2016,11,6
2016,11,6
2016,11,6
2016,11,6
2016,11,6
2016,11,6
2016,11,6
2016,11,6
2016,11,6
2016,11,6
2016,11,6
2016,11,6
2016,11,6
2016,11,6
2016,11,6
2016,11,6
2016,11,6
2016,11,6
2016,11,6
2016,11,6
2016,11,6
2016,11,6
2016,11,6
2016,11,6
2016,11,6
2016,11,6
2016,11,6
2016,11,6
2016,11,6
2016,11,6
2016,11,6
2016,11,6
2016,11,6
2016,11,6
2016,11,6
2016,11,6
2016,11,6
2016,11,6
2016,11,6
2016,11,6
2016,11,6
2016,11,6
2016,11,6
2016,11,6
2016,11,6
2016,11,6
2016,11,6
2016,11,6
2016,11,6
2016,11,6
2016,11,6
2016,11,6
2016,11,6
2016,11,6
2016,11,6
2016,11,6
2016,11,6
2016,11,6
2016,11,6
2016,11,6
2016,11,6
2016,11,6
2016,11,6
2016,11,6
2016,11,6
2016,11,6
2016,11,6
2016,11,6
2016,11,6
2016,11,6
2016,11,6
2016,11,6
2016,11,6
2016,11,6
2016,11,6
2016,11,6
2016,11,6
2016,11,6
2016,11,6
2016,11,6
2016,11,6
2016,11,6
2016,11,6
2016,11,6
2016,11,6
2016,11,6
2016,11,6
2016,11,6
2016,11,6
2016,11,6
2016,11,6
2016,11,6
2016,11,6
2016,11,6
2016,11,6
2016,11,6
2016,11,6
2016,11,6
2016,11,6
2016,11,6
2016,11,6
2016,11,6
2016,11,6
2016,11,6
2016,11,6
2016,11,6
2016,11,6
2016,11,6
2016,11,6
2016,11,6
2016,11,6
2016,11,6
2016,11,6
2016,11,6
2016,11,6
2016,11,6
2016,11,6
2016,11,6
2016,11,6
2016,11,6
2016,11,6
2016,11,6
2016,11,6
2016,11,6
2016,11,6
2016,11,6
2016,11,6
2016,11,6
2016,11,6
2016,11,6
2016,11,6
2016,11,6
2016,11,6
2016,11,6
2016,11,6
2016,11,6
2016,11,6
2016,11,6
2016,11,6
2016,11,6
2016,11,6
2016,11,6
2016,11,6
2016,11,6
2016,11,6
2016,11,6
2016,11,6
2016,11,6
2016,11,6
2016,11,6
2016,11,6
2016,11,6
2016,11,6
2016,11,6
2016,11,6
2016,11,6
2016,11,6
2016,11,6
2016,11,6
2016,11,6
2016,11,6
2016,11,6
2016,11,6
2016,11,6
2016,11,6
2016,11,6
2016,11,6
2016,11,6
2016,11,6
2016,11,6
2016,11,6
2016,11,6
2016,11,6
2016,11,6
2016,11,6
2016,11,6
2016,11,6
2016,11,6
2016,11,6
2016,11,6
2016,11,6
2016,11,6
2016,11,6
2016,11,6
2016,11,6
2016,11,6
2016,11,6
2016,11,6
2016,11,6
2016,11,6
2016,11,6
2016,11,6
2016,11,6
2016,11,6
2016,11,6
2016,11,6
2016,11,6
2016,11,6
2016,11,6
2016,11,6
2016,11,6
2016,11,6
2016,11,6
2016,11,6
2016,11,6
2016,11,6
2016,11,6
2016,11,6
2016,11,6
2016,11,6
2016,11,6
2016,11,6
2016,11,6
2016,11,6
2016,11,6
2016,11,6
2016,11,6
2016,11,6
2016,11,6
2016,11,6
2016,11,6
2016,11,6
2016,11,6
2016,11,6
2016,11,6
2016,11,6
2016,11,6
2016,11,6
2016,11,6
2016,11,6
2016,11,6
2016,11,6
2016,11,6
2016,11,6
2016,11,6
2016,11,6
2016,11,6
2016,11,6
2016,11,6
2016,11,6
2016,11,6
2016,11,6
2016,11,6
2016,11,6
2016,11,6
2016,11,6
2016,11,6
2016,11,6
2016,11,6
2016,11,6
2016,11,6
2016,11,6
2016,11,6
2016,11,6
2016,11,6
2016,11,6
2016,11,6
2016,11,6
2016,11,6
2016,11,6
2016,11,6
2016,11,6
2016,11,6
2016,11,6
2016,11,6
2016,11,6
2016,11,6
2016,11,6
2016,11,6
2016,11,6
2016,11,6
2016,11,6
2016,11,6
2016,11,6
2016,11,6
2016,11,6
2016,11,6
2016,11,6
2016,11,6
2016,11,6
2016,11,6
2016,11,6
2016,11,6
2016,11,6
2016,11,6
2016,11,6
2016,11,6
2016,11,6
2016,11,6
2016,11,6
2016,11,6
2016,11,6
2016,11,6
2016,11,6
2016,11,6
2016,11,6
2016,11,6
2016,11,6
2016,11,6
2016,11,6
2016,11,6
2016,11,6
2016,11,6
2016,11,6
2016,11,6
2016,11,6
2016,11,6
2016,11,6
2016,11,6
2016,11,6
2016,11,6
2016,11,6
2016,11,6
2016,11,6
2016,11,6
2016,11,6
2016,11,6
2016,11,6
2016,11,6
2016,11,6
2016,11,6
2016,11,6
2016,11,6
2016,11,6
2016,11,6
2016,11,6
2016,11,6
2016,11,6
2016,11,6
2016,11,6
2016,11,6
2016,11,6
2016,11,6
2016,11,6
2016,11,6
2016,11,6
2016,11,6
2016,11,6
2016,11,6
2016,11,6
2016,11,6
2016,11,6
2016,11,6
2016,11,6
2016,11,6
2016,11,6
2016,11,6
2016,11,6
2016,11,6
2016,11,6
2016,11,6
2016,11,6
2016,11,6
2016,11,6
2016,11,6
2016,11,6
2016,11,6
2016,11,6
2016,11,6
2016,11,6
2016,11,6
2016,11,6
2016,11,6
2016,11,6
2016,11,6
2016,11,6
2016,11,6
2016,11,6
2016,11,6
2016,11,6
2016,11,6
2016,11,6
2016,11,6
2016,11,6
2016,11,6
2016,11,6
2016,11,6
2016,11,6
2016,11,6
2016,11,6
2016,11,6
2016,11,6
2016,11,6
2016,11,6
2016,11,6
2016,11,6
2016,11,6
2016,11,6
2016,11,6
2016,11,6
2016,11,6
2016,11,6
2016,11,6
2016,11,6
2016,11,6
2016,11,6
2016,11,6
2016,11,6
2016,11,6
2016,11,6
2016,11,6
2016,11,6
2016,11,6
2016,11,6
2016,11,6
2016,11,6
2016,11,6
2016,11,6
2016,11,6
2016,11,6
2016,11,6
2016,11,6
2016,11,6
2016,11,6
2016,11,6
2016,11,6
2016,11,6
2016,11,6
2016,11,6
2016,11,6
2016,11,6
2016,11,6
2016,11,6
2016,11,6
2016,11,6
2016,11,6
2016,11,6
2016,11,6
2016,11,6
2016,11,6
2016,11,6
2016,11,6
2016,11,6
2016,11,6
2016,11,6
2016,11,6
2016,11,6
2016,11,6
2016,11,6
2016,11,6
2016,11,6
2016,11,6
2016,11,6
2016,11,6
2016,11,6
2016,11,6
2016,11,6
2016,11,6
2016,11,6
2016,11,6
2016,11,6
2016,11,6
2016,11,6
2016,11,6
2016,11,6
2016,11,6
2016,11,6
2016,11,6
2016,11,6
2016,11,6
2016,11,6
2016,11,6
2016,11,6
2016,11,6
2016,11,6
2016,11,6
2016,11,6
2016,11,6
2016,11,6
2016,11,6
2016,11,6
2016,11,6
2016,11,6
2016,11,6
2016,11,6
2016,11,6
2016,11,6
2016,11,6
2016,11,6
2016,11,6
2016,11,6
2016,11,6
2016,11,6
2016,11,6
2016,11,6
2016,11,6
2016,11,6
2016,11,6
2016,11,6
2016,11,6
2016,11,6
2016,11,6
2016,11,6
2016,11,6
2016,11,6
2016,11,6
2016,11,6
2016,11,6
2016,11,6
2016,11,6
2016,11,6
2016,11,6
2016,11,6
2016,11,6
2016,11,6
2016,11,6
2016,11,6
2016,11,6
2016,11,6
2016,11,6
2016,11,6
2016,11,6
2016,11,6
2016,11,6
2016,11,6
2016,11,6
2016,11,6
2016,11,6
2016,11,6
2016,11,6
2016,11,6
2016,11,6
2016,11,6
2016,11,6
2016,11,6
2016,11,6
2016,11,6
2016,11,6
2016,11,6
2016,11,6
2016,11,6
2016,11,6
2016,11,6
2016,11,6
2016,11,6
2016,11,6
2016,11,6
2016,11,6
2016,11,6
2016,11,6
2016,11,6
2016,11,6
2016,11,6
2016,11,6
2016,11,6
2016,11,6
2016,11,6
2016,11,6
2016,11,6
2016,11,6
2016,11,6
2016,11,6
2016,11,6
2016,11,6
2016,11,6
2016,11,6
2016,11,6
2016,11,6
2016,11,6
2016,11,6
2016,11,6
2016,11,6
2016,11,6
2016,11,6
2016,11,6
2016,11,6
2016,11,6
2016,11,6
2016,11,6
2016,11,6
2016,11,6
2016,11,6
2016,11,6
2016,11,6
2016,11,6
2016,11,6
2016,11,6
2016,11,6
2016,11,6
2016,11,6
2016,11,6
2016,11,6
2016,11,6
2016,11,6
2016,11,6
2016,11,6
2016,11,6
2016,11,6
2016,11,6
2016,11,6
2016,11,6
2016,11,6
2016,11,6
2016,11,6
2016,11,6
2016,11,6
2016,11,6
2016,11,6
2016,11,6
2016,11,6
2016,11,6
2016,11,6
2016,11,6
2016,11,6
2016,11,6
2016,11,6
2016,11,6
2016,11,6
2016,11,6
2016,11,6
2016,11,6
2016,11,6
2016,11,6
2016,11,6
2016,11,6
2016,11,6
2016,11,6
2016,11,6
2016,11,6
2016,11,6
2016,11,6
2016,11,6
2016,11,6
2016,11,6
2016,11,6
2016,11,6
2016,11,6
2016,11,6
2016,11,6
2016,11,6
2016,11,6
2016,11,6
2016,11,6
2016,11,6
2016,11,6
2016,11,6
2016,11,6
2016,11,6
2016,11,6
2016,11,6
2016,11,6
2016,11,6
2016,11,6
2016,11,6
2016,11,6
2016,11,6
2016,11,6
2016,11,6
2016,11,6
2016,11,6
2016,11,6
2016,11,6
2016,11,6
2016,11,6
2016,11,6
2016,11,6
2016,11,6
2016,11,6
2016,11,6
2016,11,6
2016,11,6
2016,11,6
2016,11,6
2016,11,6
2016,11,6
2016,11,6
2016,11,6
2016,11,6
2016,11,6
2016,11,6
2016,11,6
2016,11,6
2016,11,6
2016,11,6
2016,11,6
2016,11,6
2016,11,6
2016,11,6
2016,11,6
2016,11,6
2016,11,6
2016,11,6
2016,11,6
2016,11,6
2016,11,6
2016,11,6
2016,11,6
2016,11,6
2016,11,6
2016,11,6
2016,11,6
2016,11,6
2016,11,6
2016,11,6
2016,11,6
2016,11,6
2016,11,6
2016,11,6
2016,11,6
2016,11,6
2016,11,6
2016,11,6
2016,11,6
2016,11,6
2016,11,6
2016,11,6
2016,11,6
2016,11,6
2016,11,6
2016,11,6
2016,11,6
2016,11,6
2016,11,6
2016,11,6
2016,11,6
2016,11,6
2016,11,6
2016,11,6
2016,11,6
2016,11,6
2016,11,6
2016,11,6
2016,11,6
2016,11,6
2016,11,6
2016,11,6
2016,11,6
2016,11,6
2016,11,6
2016,11,6
2016,11,6
2016,11,6
2016,11,6
2016,11,6
2016,11,6
2016,11,6
2016,11,6
2016,11,6
2016,11,6
2016,11,6
2016,11,6
2016,11,6
2016,11,6
2016,11,6
2016,11,6
2016,11,6
2016,11,6
2016,11,6
2016,11,6
2016,11,6
2016,11,6
2016,11,6
2016,11,6
2016,11,6
2016,11,6
2016,11,6
2016,11,6
2016,11,6
2016,11,6
2016,11,6
2016,11,6
2016,11,6
2016,11,6
2016,11,6
2016,11,6
2016,11,6
2016,11,6
2016,11,6
2016,11,6
2016,11,6
2016,11,6
2016,11,6
2016,11,6
2016,11,6
2016,11,6
2016,11,6
2016,11,6
2016,11,6
2016,11,6
2016,11,6
2016,11,6
2016,11,6
2016,11,6
2016,11,6
2016,11,6
2016,11,6
2016,11,6
2016,11,6
2016,11,6
2016,11,6
2016,11,6
2016,11,6
2016,11,6
2016,11,6
2016,11,6
2016,11,6
2016,11,6
2016,11,6
2016,11,6
2016,11,6
2016,11,6
2016,11,6
2016,11,6
2016,11,6
2016,11,6
2016,11,6
2016,11,6
2016,11,6
2016,11,6
2016,11,6
2016,11,6
2016,11,6
2016,11,6
2016,11,6
2016,11,6
2016,11,6
2016,11,6
2016,11,6
2016,11,6
2016,11,6
2016,11,6
2016,11,6
2016,11,6
2016,11,6
2016,11,6
2016,11,6
2016,11,6
2016,11,6
2016,11,6
2016,11,6
2016,11,6
2016,11,6
2016,11,6
2016,11,6
2016,11,6
2016,11,6
2016,11,6
2016,11,6
2016,11,6
2016,11,6
2016,11,6
2016,11,6
2016,11,6
2016,11,6
2016,11,6
2016,11,6
2016,11,6
2016,11,6
2016,11,6
2016,11,6
2016,11,6
2016,11,6
2016,11,6
2016,11,6
2016,11,6
2016,11,6
2016,11,6
2016,11,6
2016,11,6
2016,11,6
2016,11,6
2016,11,6
2016,11,6
2016,11,6
2016,11,6
2016,11,6
2016,11,6
2016,11,6
2016,11,6
2016,11,6
2016,11,6
2016,11,6
2016,11,6
2016,11,6
2016,11,6
2016,11,6
2016,11,6
2016,11,6
2016,11,6
2016,11,6
2016,11,6
2016,11,6
2016,11,6
2016,11,6
2016,11,6
2016,11,6
2016,11,6
2016,11,6
2016,11,6
2016,11,6
2016,11,6
2016,11,6
2016,11,6
2016,11,6
2016,11,6
2016,11,6
2016,11,6
2016,11,6
2016,11,6
2016,11,6
2016,11,6
2016,11,6
2016,11,6
2016,11,6
2016,11,6
2016,11,6
2016,11,6
2016,11,6
2016,11,6
2016,11,6
2016,11,6
2016,11,6
2016,11,6
2016,11,6
2016,11,6
2016,11,6
2016,11,6
2016,11,6
2016,11,6
2016,11,6
2016,11,6
2016,11,6
2016,11,6
2016,11,6
2016,11,6
2016,11,6
2016,11,6
2016,11,6
2016,11,6
2016,11,6
2016,11,6
2016,11,6
2016,11,6
2016,11,6
2016,11,6
2016,11,6
2016,11,6
2016,11,6
2016,11,6
2016,11,6
2016,11,6
2016,11,6
2016,11,6
2016,11,6
2016,11,6
2016,11,6
2016,11,6
2016,11,6
2016,11,6
2016,11,6
2016,11,6
2016,11,6
2016,11,6
2016,11,6
2016,11,6
2016,11,6
2016,11,6
2016,11,6
2016,11,6
2016,11,6
2016,11,6
2016,11,6
2016,11,6
2016,11,6
2016,11,6
2016,11,6
2016,11,6
2016,11,6
2016,11,6
2016,11,6
2016,11,6
2016,11,6
2016,11,6
2016,11,6
2016,11,6
2016,11,6
2016,11,6
2016,11,6
2016,11,6
2016,11,6
2016,11,6
2016,11,6
2016,11,6
2016,11,6
2016,11,6
2016,11,6
2016,11,6
2016,11,6
2016,11,6
2016,11,6
2016,11,6
2016,11,6
2016,11,6
2016,11,6
2016,11,6
2016,11,6
2016,11,6
2016,11,6
2016,11,6
2016,11,6
2016,11,6
2016,11,6
2016,11,6
2016,11,6
2016,11,6
2016,11,6
2016,11,6
2016,11,6
2016,11,6
2016,11,6
2016,11,6
2016,11,6
2016,11,6
2016,11,6
2016,11,6
2016,11,6
2016,11,6
2016,11,6
2016,11,6
2016,11,6
2016,11,6
2016,11,6
2016,11,6
2016,11,6
2016,11,6
2016,11,6
2016,11,6
2016,11,6
2016,11,6
2016,11,6
2016,11,6
2016,11,6
2016,11,6
2016,11,6
2016,11,6
2016,11,6
2016,11,6
2016,11,6
2016,11,6
2016,11,6
2016,11,6
2016,11,6
2016,11,6
2016,11,6
2016,11,6
2016,11,6
2016,11,6
2016,11,6
2016,11,6
2016,11,6
2016,11,6
2016,11,6
2016,11,6
2016,11,6
2016,11,6
2016,11,6
2016,11,6
2016,11,6
2016,11,6
2016,11,6
2016,11,6
2016,11,6
2016,11,6
2016,11,6
2016,11,6
2016,11,6
2016,11,6
2016,11,6
2016,11,6
2016,11,6
2016,11,6
2016,11,6
2016,11,6
2016,11,6
2016,11,6
2016,11,6
2016,11,6
2016,11,6
2016,11,6
2016,11,6
2016,11,6
2016,11,6
2016,11,6
2016,11,6
2016,11,6
2016,11,6
2016,11,6
2016,11,6
2016,11,6
2016,11,6
2016,11,6
2016,11,6
2016,11,6
2016,11,6
2016,11,6
2016,11,6
2016,11,6
2016,11,6
2016,11,6
2016,11,6
2016,11,6
2016,11,6
2016,11,6
2016,11,6
2016,11,6
2016,11,6
2016,11,6
2016,11,6
2016,11,6
2016,11,6
2016,11,6
2016,11,6
2016,11,6
2016,11,6
2016,11,6
2016,11,6
2016,11,6
2016,11,6
2016,11,6
2016,11,6
2016,11,6
2016,11,6
2016,11,6
2016,11,6
2016,11,6
2016,11,6
2016,11,6
2016,11,6
2016,11,6
2016,11,6
2016,11,6
2016,11,6
2016,11,6
2016,11,6
2016,11,6
2016,11,6
2016,11,6
2016,11,6
2016,11,6
2016,11,6
2016,11,6
2016,11,6
2016,11,6
2016,11,6
2016,11,6
2016,11,6
2016,11,6
2016,11,6
2016,11,6
2016,11,6
2016,11,6
2016,11,6
2016,11,6
2016,11,6
2016,11,6
2016,11,6
2016,11,6
2016,11,6
2016,11,6
2016,11,6
2016,11,6
2016,11,6
2016,11,6
2016,11,6
2016,11,6
2016,11,6
2016,11,6
2016,11,6
2016,11,6
2016,11,6
2016,11,6
2016,11,6
2016,11,6
2016,11,6
2016,11,6
2016,11,6
2016,11,6
2016,11,6
2016,11,6
2016,11,6
2016,11,6
2016,11,6
2016,11,6
2016,11,6
2016,11,6
2016,11,6
2016,11,6
2016,11,6
2016,11,6
2016,11,6
2016,11,6
2016,11,6
2016,11,6
2016,11,6
2016,11,6
2016,11,6
2016,11,6
2016,11,6
2016,11,6
2016,11,6
2016,11,6
2016,11,6
2016,11,6
2016,11,6
2016,11,6
2016,11,6
2016,11,6
2016,11,6
2016,11,6
2016,11,6
2016,11,6
2016,11,6
2016,11,6
2016,11,6
2016,11,6
2016,11,6
2016,11,6
2016,11,6
2016,11,6
2016,11,6
2016,11,6
2016,11,6
2016,11,6
2016,11,6
2016,11,6
2016,11,6
2016,11,6
2016,11,6
2016,11,6
2016,11,6
2016,11,6
2016,11,6
2016,11,6
2016,11,6
2016,11,6
2016,11,6
2016,11,6
2016,11,6
2016,11,6
2016,11,6
2016,11,6
2016,11,6
2016,11,6
2016,11,6
2016,11,6
2016,11,6
2016,11,6
2016,11,6
2016,11,6
2016,11,6
2016,11,6
2016,11,6
2016,11,6
2016,11,6
2016,11,6
2016,11,6
2016,11,6
2016,11,6
2016,11,6
2016,11,6
2016,11,6
2016,11,6
2016,11,6
2016,11,6
2016,11,6
2016,11,6
2016,11,6
2016,11,6
2016,11,6
2016,11,6
2016,11,6
2016,11,6
2016,11,6
2016,11,6
2016,11,6
2016,11,6
2016,11,6
2016,11,6
2016,11,6
2016,11,6
2016,11,6
2016,11,6
2016,11,6
2016,11,6
2016,11,6
2016,11,6
2016,11,6
2016,11,6
2016,11,6
2016,11,6
2016,11,6
2016,11,6
2016,11,6
2016,11,6
2016,11,6
2016,11,6
2016,11,6
2016,11,6
2016,11,6
2016,11,6
2016,11,6
2016,11,6
2016,11,6
2016,11,6
2016,11,6
2016,11,6
2016,11,6
2016,11,6
2016,11,6
2016,11,6
2016,11,6
2016,11,6
2016,11,6
2016,11,6
2016,11,6
2016,11,6
2016,11,6
2016,11,6
2016,11,6
2016,11,6
2016,11,6
2016,11,6
2016,11,6
2016,11,6
2016,11,6
2016,11,6
2016,11,6
2016,11,6
2016,11,6
2016,11,6
2016,11,6
2016,11,6
2016,11,6
2016,11,6
2016,11,6
2016,11,6
2016,11,6
2016,11,6
2016,11,6
2016,11,6
2016,11,6
2016,11,6
2016,11,6
2016,11,6
2016,11,6
2016,11,6
2016,11,6
2016,11,6
2016,11,6
2016,11,6
2016,11,6
2016,11,6
2016,11,6
2016,11,6
2016,11,6
2016,11,6
2016,11,6
2016,11,6
2016,11,6
2016,11,6
2016,11,6
2016,11,6
2016,11,6
2016,11,6
2016,11,6
2016,11,6
2016,11,6
2016,11,6
2016,11,6
2016,11,6
2016,11,6
2016,11,6
2016,11,6
2016,11,6
2016,11,6
2016,11,6
2016,11,6
2016,11,6
2016,11,6
2016,11,6
2016,11,6
2016,11,6
2016,11,6
2016,11,6
2016,11,6
2016,11,6
2016,11,6
2016,11,6
2016,11,6
2016,11,6
2016,11,6
2016,11,6
2016,11,6
2016,11,6
2016,11,6
2016,11,6
2016,11,6
2016,11,6
2016,11,6
2016,11,6
2016,11,6
2016,11,6
2016,11,6
2016,11,6
2016,11,6
2016,11,6
2016,11,6
2016,11,6
2016,11,6
2016,11,6
2016,11,6
2016,11,6
2016,11,6
2016,11,6
2016,11,6
2016,11,6
2016,11,6
2016,11,6
2016,11,6
2016,11,6
2016,11,6
2016,11,6
2016,11,6
2016,11,6
2016,11,6
2016,11,6
2016,11,6
2016,11,6
2016,11,6
2016,11,6
2016,11,6
2016,11,6
2016,11,6
2016,11,6
2016,11,6
2016,11,6
2016,11,6
2016,11,6
2016,11,6
2016,11,6
2016,11,6
2016,11,6
2016,11,6
2016,11,6
2016,11,6
2016,11,6
2016,11,6
2016,11,6
2016,11,6
2016,11,6
2016,11,6
2016,11,6
2016,11,6
2016,11,6
2016,11,6
2016,11,6
2016,11,6
2016,11,6
2016,11,6
2016,11,6
2016,11,6
2016,11,6
2016,11,6
2016,11,6
2016,11,6
2016,11,6
2016,11,6
2016,11,6
2016,11,6
2016,11,6
2016,11,6
2016,11,6
2016,11,6
2016,11,6
2016,11,6
2016,11,6
2016,11,6
2016,11,6
2016,11,6
2016,11,6
2016,11,6
2016,11,6
2016,11,6
2016,11,6
2016,11,6
2016,11,6
2016,11,6
2016,11,6
2016,11,6
2016,11,6
2016,11,6
2016,11,6
2016,11,6
2016,11,6
2016,11,6
2016,11,6
2016,11,6
2016,11,6
2016,11,6
2016,11,6
2016,11,6
2016,11,6
2016,11,6
2016,11,6
2016,11,6
2016,11,6
2016,11,6
2016,11,6
2016,11,6
2016,11,6
2016,11,6
2016,11,6
2016,11,6
2016,11,6
2016,11,6
2016,11,6
2016,11,6
2016,11,6
2016,11,6
2016,11,6
2016,11,6
2016,11,6
2016,11,6
2016,11,6
2016,11,6
2016,11,6
2016,11,6
2016,11,6
2016,11,6
2016,11,6
2016,11,6
2016,11,6
2016,11,6
2016,11,6
2016,11,6
2016,11,6
2016,11,6
2016,11,6
2016,11,6
2016,11,6
2016,11,6
2016,11,6
2016,11,6
2016,11,6
2016,11,6
2016,11,6
2016,11,6
2016,11,6
2016,11,6
2016,11,6
2016,11,6
2016,11,6
2016,11,6
2016,11,6
2016,11,6
2016,11,6
2016,11,6
2016,11,6
2016,11,6
2016,11,6
2016,11,6
2016,11,6
2016,11,6
2016,11,6
2016,11,6
2016,11,6
2016,11,6
2016,11,6
2016,11,6
2016,11,6
2016,11,6
2016,11,6
2016,11,6
2016,11,6
2016,11,6
2016,11,6
2016,11,6
2016,11,6
2016,11,6
2016,11,6
2016,11,6
2016,11,6
2016,11,6
2016,11,6
2016,11,6
2016,11,6
2016,11,6
2016,11,6
2016,11,6
2016,11,6
2016,11,6
2016,11,6
2016,11,6
2016,11,6
2016,11,6
2016,11,6
2016,11,6
2016,11,6
2016,11,6
2016,11,6
2016,11,6
2016,11,6
2016,11,6
2016,11,6
2016,11,6
2016,11,6
2016,11,6
2016,11,6
2016,11,6
2016,11,6
2016,11,6
2016,11,6
2016,11,6
2016,11,6
2016,11,6
2016,11,6
2016,11,6
2016,11,6
2016,11,6
2016,11,6
2016,11,6
2016,11,6
2016,11,6
2016,11,6
2016,11,6
2016,11,6
2016,11,6
2016,11,6
2016,11,6
2016,11,6
2016,11,6
2016,11,6
2016,11,6
2016,11,6
2016,11,6
2016,11,6
2016,11,6
2016,11,6
2016,11,6
2016,11,6
2016,11,6
2016,11,6
2016,11,6
2016,11,6
2016,11,6
2016,11,6
2016,11,6
2016,11,6
2016,11,6
2016,11,6
2016,11,6
2016,11,6
2016,11,6
2016,11,6
2016,11,6
2016,11,6
2016,11,6
2016,11,6
2016,11,6
2016,11,6
2016,11,6
2016,11,6
2016,11,6
2016,11,6
2016,11,6
2016,11,6
2016,11,6
2016,11,6
2016,11,6
2016,11,6
2016,11,6
2016,11,6
2016,11,6
2016,11,6
2016,11,6
2016,11,6
2016,11,6
2016,11,6
2016,11,6
2016,11,6
2016,11,6
2016,11,6
2016,11,6
2016,11,6
2016,11,6
2016,11,6
2016,11,6
2016,11,6
2016,11,6
2016,11,6
2016,11,6
2016,11,6
2016,11,6
2016,11,6
2016,11,6
2016,11,6
2016,11,6
2016,11,6
2016,11,6
2016,11,6
2016,11,6
2016,11,6
2016,11,6
2016,11,6
2016,11,6
2016,11,6
2016,11,6
2016,11,6
2016,11,6
2016,11,6
2016,11,6
2016,11,6
2016,11,6
2016,11,6
2016,11,6
2016,11,6
2016,11,6
2016,11,6
2016,11,6
2016,11,6
2016,11,6
2016,11,6
2016,11,6
2016,11,6
2016,11,6
2016,11,6
2016,11,6
2016,11,6
2016,11,6
2016,11,6
2016,11,6
2016,11,6
2016,11,6
2016,11,6
2016,11,6
2016,11,6
2016,11,6
2016,11,6
2016,11,6
2016,11,6
2016,11,6
2016,11,6
2016,11,6
2016,11,6
2016,11,6
2016,11,6
2016,11,6
2016,11,6
2016,11,6
2016,11,6
2016,11,6
2016,11,6
2016,11,6
2016,11,6
2016,11,6
2016,11,6
2016,11,6
2016,11,6
2016,11,6
2016,11,6
2016,11,6
2016,11,6
2016,11,6
2016,11,6
2016,11,6
2016,11,6
2016,11,6
2016,11,6
2016,11,6
2016,11,6
2016,11,6
2016,11,6
2016,11,6
2016,11,6
2016,11,6
2016,11,6
2016,11,6
2016,11,6
2016,11,6
2016,11,6
2016,11,6
2016,11,6
2016,11,6
2016,11,6
2016,11,6
2016,11,6
2016,11,6
2016,11,6
2016,11,6
2016,11,6
2016,11,6
2016,11,6
2016,11,6
2016,11,6
2016,11,6
2016,11,6
2016,11,6
2016,11,6
2016,11,6
2016,11,6
2016,11,6
2016,11,6
2016,11,6
2016,11,6
2016,11,6
2016,11,6
2016,11,6
2016,11,6
2016,11,6
2016,11,6
2016,11,6
2016,11,6
2016,11,6
2016,11,6
2016,11,6
2016,11,6
2016,11,6
2016,11,6
2016,11,6
2016,11,6
2016,11,6
2016,11,6
2016,11,6
2016,11,6
2016,11,6
2016,11,6
2016,11,6
2016,11,6
2016,11,6
2016,11,6
2016,11,6
2016,11,6
2016,11,6
2016,11,6
2016,11,6
2016,11,6
2016,11,6
2016,11,6
2016,11,6
2016,11,6
2016,11,6
2016,11,6
2016,11,6
2016,11,6
2016,11,6
2016,11,6
2016,11,6
2016,11,6
2016,11,6
2016,11,6
2016,11,6
2016,11,6
2016,11,6
2016,11,6
2016,11,6
2016,11,6
2016,11,6
2016,11,6
2016,11,6
2016,11,6
2016,11,6
2016,11,6
2016,11,6
2016,11,6
2016,11,6
2016,11,6
2016,11,6
2016,11,6
2016,11,6
2016,11,6
2016,11,6
2016,11,6
2016,11,6
2016,11,6
2016,11,6
2016,11,6
2016,11,6
2016,11,6
2016,11,6
2016,11,6
2016,11,6
2016,11,6
2016,11,6
2016,11,6
2016,11,6
2016,11,6
2016,11,6
2016,11,6
2016,11,6
2016,11,6
2016,11,6
2016,11,6
2016,11,6
2016,11,6
2016,11,6
2016,11,6
2016,11,6
2016,11,6
2016,11,6
2016,11,6
2016,11,6
2016,11,6
2016,11,6
2016,11,6
2016,11,6
2016,11,6
2016,11,6
2016,11,6
2016,11,6
2016,11,6
2016,11,6
2016,11,6
2016,11,6
2016,11,6
2016,11,6
2016,11,6
2016,11,6
2016,11,6
2016,11,6
2016,11,6
2016,11,6
2016,11,6
2016,11,6
2016,11,6
2016,11,6
2016,11,6
2016,11,6
2016,11,6
2016,11,6
2016,11,6
2016,11,6
2016,11,6
2016,11,6
2016,11,6
2016,11,6
2016,11,6
2016,11,6
2016,11,6
2016,11,6
2016,11,6
2016,11,6
2016,11,6
2016,11,6
2016,11,6
2016,11,6
2016,11,6
2016,11,6
2016,11,6
2016,11,6
2016,11,6
2016,11,6
2016,11,6
2016,11,6
2016,11,6
2016,11,6
2016,11,6
2016,11,6
2016,11,6
2016,11,6
2016,11,6
2016,11,6
2016,11,6
2016,11,6
2016,11,6
2016,11,6
2016,11,6
2016,11,6
2016,11,6
2016,11,6
2016,11,6
2016,11,6
2016,11,6
2016,11,6
2016,11,6
2016,11,6
2016,11,6
2016,11,6
2016,11,6
2016,11,6
2016,11,6
2016,11,6
2016,11,6
2016,11,6
2016,11,6
2016,11,6
2016,11,6
2016,11,6
2016,11,6
2016,11,6
2016,11,6
2016,11,6
2016,11,6
2016,11,6
2016,11,6
2016,11,6
2016,11,6
2016,11,6
2016,11,6
2016,11,6
2016,11,6
2016,11,6
2016,11,6
2016,11,6
2016,11,6
2016,11,6
2016,11,6
2016,11,6
2016,11,6
2016,11,6
2016,11,6
2016,11,6
2016,11,6
2016,11,6
2016,11,6
2016,11,6
2016,11,6
2016,11,6
2016,11,6
2016,11,6
2016,11,6
2016,11,6
2016,11,6
2016,11,6
2016,11,6
2016,11,6
2016,11,6
2016,11,6
2016,11,6
2016,11,6
2016,11,6
2016,11,6
2016,11,6
2016,11,6
2016,11,6
2016,11,6
2016,11,6
2016,11,6
2016,11,6
2016,11,6
2016,11,6
2016,11,6
2016,11,6
2016,11,6
2016,11,6
2016,11,6
2016,11,6
2016,11,6
2016,11,6
2016,11,6
2016,11,6
2016,11,6
2016,11,6
2016,11,6
2016,11,6
2016,11,6
2016,11,6
2016,11,6
2016,11,6
2016,11,6
2016,11,6
2016,11,6
2016,11,6
2016,11,6
2016,11,6
2016,11,6
2016,11,6
2016,11,6
2016,11,6
2016,11,6
2016,11,6
2016,11,6
2016,11,6
2016,11,6
2016,11,6
2016,11,6
2016,11,6
2016,11,6
2016,11,6
2016,11,6
2016,11,6
2016,11,6
2016,11,6
2016,11,6
2016,11,6
2016,11,6
2016,11,6
2016,11,6
2016,11,6
2016,11,6
2016,11,6
2016,11,6
2016,11,6
2016,11,6
2016,11,6
2016,11,6
2016,11,6
2016,11,6
2016,11,6
2016,11,6
2016,11,6
2016,11,6
2016,11,6
2016,11,6
2016,11,6
2016,11,6
2016,11,6
2016,11,6
2016,11,6
2016,11,6
2016,11,6
2016,11,6
2016,11,6
2016,11,6
2016,11,6
2016,11,6
2016,11,6
2016,11,6
2016,11,6
2016,11,6
2016,11,6
2016,11,6
2016,11,6
2016,11,6
2016,11,6
2016,11,6
2016,11,6
2016,11,6
2016,11,6
2016,11,6
2016,11,6
2016,11,6
2016,11,6
2016,11,6
2016,11,6
2016,11,6
2016,11,6
2016,11,6
2016,11,6
2016,11,6
2016,11,6
2016,11,6
2016,11,6
2016,11,6
2016,11,6
2016,11,6
2016,11,6
2016,11,6
2016,11,6
2016,11,6
2016,11,6
2016,11,6
2016,11,6
2016,11,6
2016,11,6
2016,11,6
2016,11,6
2016,11,6
2016,11,6
2016,11,6
2016,11,6
2016,11,6
2016,11,6
2016,11,6
2016,11,6
2016,11,6
2016,11,6
2016,11,6
2016,11,6
2016,11,6
2016,11,6
2016,11,6
2016,11,6
2016,11,6
2016,11,6
2016,11,6
2016,11,6
2016,11,6
2016,11,6
2016,11,6
2016,11,6
2016,11,6
2016,11,6
2016,11,6
2016,11,6
2016,11,6
2016,11,6
2016,11,6
2016,11,6
2016,11,6
2016,11,6
2016,11,6
2016,11,6
2016,11,6
2016,11,6
2016,11,6
2016,11,6
2016,11,6
2016,11,6
2016,11,6
2016,11,6
2016,11,6
2016,11,6
2016,11,6
2016,11,6
2016,11,6
2016,11,6
2016,11,6
2016,11,6
2016,11,6
2016,11,6
2016,11,6
2016,11,6
2016,11,6
2016,11,6
2016,11,6
2016,11,6
2016,11,6
2016,11,6
2016,11,6
2016,11,6
2016,11,6
2016,11,6
2016,11,6
2016,11,6
2016,11,6
2016,11,6
2016,11,6
2016,11,6
2016,11,6
2016,11,6
2016,11,6
2016,11,6
2016,11,6
2016,11,6
2016,11,6
2016,11,6
2016,11,6
2016,11,6
2016,11,6
2016,11,6
2016,11,6
2016,11,6
2016,11,6
2016,11,6
2016,11,6
2016,11,6
2016,11,6
2016,11,6
2016,11,6
2016,11,6
2016,11,6
2016,11,6
2016,11,6
2016,11,6
2016,11,6
2016,11,6
2016,11,6
2016,11,6
2016,11,6
2016,11,6
2016,11,6
2016,11,6
2016,11,6
2016,11,6
2016,11,6
2016,11,6
2016,11,6
2016,11,6
2016,11,6
2016,11,6
2016,11,6
2016,11,6
2016,11,6
2016,11,6
2016,11,6
2016,11,6
2016,11,6
2016,11,6
2016,11,6
2016,11,6
2016,11,6
2016,11,6
2016,11,6
2016,11,6
2016,11,6
2016,11,6
2016,11,6
2016,11,6
2016,11,6
2016,11,6
2016,11,6
2016,11,6
2016,11,6
2016,11,6
2016,11,6
2016,11,6
2016,11,6
2016,11,6
2016,11,6
2016,11,6
2016,11,6
2016,11,6
2016,11,6
2016,11,6
2016,11,6
2016,11,6
2016,11,6
2016,11,6
2016,11,6
2016,11,6
2016,11,6
2016,11,6
2016,11,6
2016,11,6
2016,11,6
2016,11,6
2016,11,6
2016,11,6
2016,11,6
2016,11,6
2016,11,6
2016,11,6
2016,11,6
2016,11,6
2016,11,6
2016,11,6
2016,11,6
2016,11,6
2016,11,6
2016,11,6
2016,11,6
2016,11,6
2016,11,6
2016,11,6
2016,11,6
2016,11,6
2016,11,6
2016,11,6
2016,11,6
2016,11,6
2016,11,6
2016,11,6
2016,11,6
2016,11,6
2016,11,6
2016,11,6
2016,11,6
2016,11,6
2016,11,6
2016,11,6
2016,11,6
2016,11,6
2016,11,6
2016,11,6
2016,11,6
2016,11,6
2016,11,6
2016,11,6
2016,11,6
2016,11,6
2016,11,6
2016,11,6
2016,11,6
2016,11,6
2016,11,6
2016,11,6
2016,11,6
2016,11,6
2016,11,6
2016,11,6
2016,11,6
2016,11,6
2016,11,6
2016,11,6
2016,11,6
2016,11,6
2016,11,6
2016,11,6
2016,11,6
2016,11,6
2016,11,6
2016,11,6
2016,11,6
2016,11,6
2016,11,6
2016,11,6
2016,11,6
2016,11,6
2016,11,6
2016,11,6
2016,11,6
2016,11,6
2016,11,6
2016,11,6
2016,11,6
2016,11,6
2016,11,6
2016,11,6
2016,11,6
2016,11,6
2016,11,6
2016,11,6
2016,11,6
2016,11,6
2016,11,6
2016,11,6
2016,11,6
2016,11,6
2016,11,6
2016,11,6
2016,11,6
2016,11,6
2016,11,6
2016,11,6
2016,11,6
2016,11,6
2016,11,6
2016,11,6
2016,11,6
2016,11,6
2016,11,6
2016,11,6
2016,11,6
2016,11,6
2016,11,6
2016,11,6
2016,11,6
2016,11,6
2016,11,6
2016,11,6
2016,11,6
2016,11,6
2016,11,6
2016,11,6
2016,11,6
2016,11,6
2016,11,6
2016,11,6
2016,11,6
2016,11,6
2016,11,6
2016,11,6
2016,11,6
2016,11,6
2016,11,6
2016,11,6
2016,11,6
2016,11,6
2016,11,6
2016,11,6
2016,11,6
2016,11,6
2016,11,6
2016,11,6
2016,11,6
2016,11,6
2016,11,6
2016,11,6
2016,11,6
2016,11,6
2016,11,6
2016,11,6
2016,11,6
2016,11,6
2016,11,6
2016,11,6
2016,11,6
2016,11,6
2016,11,6
2016,11,6
2016,11,6
2016,11,6
2016,11,6
2016,11,6
2016,11,6
2016,11,6
2016,11,6
2016,11,6
2016,11,6
2016,11,6
2016,11,6
2016,11,6
2016,11,6
2016,11,6
2016,11,6
2016,11,6
2016,11,6
2016,11,6
2016,11,6
2016,11,6
2016,11,6
2016,11,6
2016,11,6
2016,11,6
2016,11,6
2016,11,6
2016,11,6
2016,11,6
2016,11,6
2016,11,6
2016,11,6
2016,11,6
2016,11,6
2016,11,6
2016,11,6
2016,11,6
2016,11,6
2016,11,6
2016,11,6
2016,11,6
2016,11,6
2016,11,6
2016,11,6
2016,11,6
2016,11,6
2016,11,6
2016,11,6
2016,11,6
2016,11,6
2016,11,6
2016,11,6
2016,11,6
2016,11,6
2016,11,6
2016,11,6
2016,11,6
2016,11,6
2016,11,6
2016,11,6
2016,11,6
2016,11,6
2016,11,6
2016,11,6
2016,11,6
2016,11,6
2016,11,6
2016,11,6
2016,11,6
2016,11,6
2016,11,6
2016,11,6
2016,11,6
2016,11,6
2016,11,6
2016,11,6
2016,11,6
2016,11,6
2016,11,6
2016,11,6
2016,11,6
2016,11,6
2016,11,6
2016,11,6
2016,11,6
2016,11,6
2016,11,6
2016,11,6
2016,11,6
2016,11,6
2016,11,6
2016,11,6
2016,11,6
2016,11,6
2016,11,6
2016,11,6
2016,11,6
2016,11,6
2016,11,6
2016,11,6
2016,11,6
2016,11,6
2016,11,6
2016,11,6
2016,11,6
2016,11,6
2016,11,6
2016,11,6
2016,11,6
2016,11,6
2016,11,6
2016,11,6
2016,11,6
2016,11,6
2016,11,6
2016,11,6
2016,11,6
2016,11,6
2016,11,6
2016,11,6
2016,11,6
2016,11,6
2016,11,6
2016,11,6
2016,11,6
2016,11,6
2016,11,6
2016,11,6
2016,11,6
2016,11,6
2016,11,6
2016,11,6
2016,11,6
2016,11,6
2016,11,6
2016,11,6
2016,11,6
2016,11,6
2016,11,6
2016,11,6
2016,11,6
2016,11,6
2016,11,6
2016,11,6
2016,11,6
2016,11,6
2016,11,6
2016,11,6
2016,11,6
2016,11,6
2016,11,6
2016,11,6
2016,11,6
2016,11,6
2016,11,6
2016,11,6
2016,11,6
2016,11,6
2016,11,6
2016,11,6
2016,11,6
2016,11,6
2016,11,6
2016,11,6
2016,11,6
2016,11,6
2016,11,6
2016,11,6
2016,11,6
2016,11,6
2016,11,6
2016,11,6
2016,11,6
2016,11,6
2016,11,6
2016,11,6
2016,11,6
2016,11,6
2016,11,6
2016,11,6
2016,11,6
2016,11,6
2016,11,6
2016,11,6
2016,11,6
2016,11,6
2016,11,6
2016,11,6
2016,11,6
2016,11,6
2016,11,6
2016,11,6
2016,11,6
2016,11,6
2016,11,6
2016,11,6
2016,11,6
2016,11,6
2016,11,6
2016,11,6
2016,11,6
2016,11,6
2016,11,6
2016,11,6
2016,11,6
2016,11,6
2016,11,6
2016,11,6
2016,11,6
2016,11,6
2016,11,6
2016,11,6
2016,11,6
2016,11,6
2016,11,6
2016,11,6
2016,11,6
2016,11,6
2016,11,6
2016,11,6
2016,11,6
2016,11,6
2016,11,6
2016,11,6
2016,11,6
2016,11,6
2016,11,6
2016,11,6
2016,11,6
2016,11,6
2016,11,6
2016,11,6
2016,11,6
2016,11,6
2016,11,6
2016,11,6
2016,11,6
2016,11,6
2016,11,6
2016,11,6
2016,11,6
2016,11,6
2016,11,6
2016,11,6
2016,11,6
2016,11,6
2016,11,6
2016,11,6
2016,11,6
2016,11,6
2016,11,6
2016,11,6
2016,11,6
2016,11,6
2016,11,6
2016,11,6
2016,11,6
2016,11,6
2016,11,6
2016,11,6
2016,11,6
2016,11,6
2016,11,6
2016,11,6
2016,11,6
2016,11,6
2016,11,6
2016,11,6
2016,11,6
2016,11,6
2016,11,6
2016,11,6
2016,11,6
2016,11,6
2016,11,6
2016,11,6
2016,11,6
2016,11,6
2016,11,6
2016,11,6
2016,11,6
2016,11,6
2016,11,6
2016,11,6
2016,11,6
2016,11,6
2016,11,6
2016,11,6
2016,11,6
2016,11,6
2016,11,6
2016,11,6
2016,11,6
2016,11,6
2016,11,6
2016,11,6
2016,11,6
2016,11,6
2016,11,6
2016,11,6
2016,11,6
2016,11,6
2016,11,6
2016,11,6
2016,11,6
2016,11,6
2016,11,6
2016,11,6
2016,11,6
2016,11,6
2016,11,6
2016,11,6
2016,11,6
2016,11,6
2016,11,6
2016,11,6
2016,11,6
2016,11,6
2016,11,6
2016,11,6
2016,11,6
2016,11,6
2016,11,6
2016,11,6
2016,11,6
2016,11,6
2016,11,6
2016,11,6
2016,11,6
2016,11,6
2016,11,6
2016,11,6
2016,11,6
2016,11,6
2016,11,6
2016,11,6
2016,11,6
2016,11,6
2016,11,6
2016,11,6
2016,11,6
2016,11,6
2016,11,6
2016,11,6
2016,11,6
2016,11,6
2016,11,6
2016,11,6
2016,11,6
2016,11,6
2016,11,6
2016,11,6
2016,11,6
2016,11,6
2016,11,6
2016,11,6
2016,11,6
2016,11,6
2016,11,6
2016,11,6
2016,11,6
2016,11,6
2016,11,6
2016,11,6
2016,11,6
2016,11,6
2016,11,6
2016,11,6
2016,11,6
2016,11,6
2016,11,6
2016,11,6
2016,11,6
2016,11,6
2016,11,6
2016,11,6
2016,11,6
2016,11,6
2016,11,6
2016,11,6
2016,11,6
2016,11,6
2016,11,6
2016,11,6
2016,11,6
2016,11,6
2016,11,6
2016,11,6
2016,11,6
2016,11,6
2016,11,6
2016,11,6
2016,11,6
2016,11,6
2016,11,6
2016,11,6
2016,11,6
2016,11,6
2016,11,6
2016,11,6
2016,11,6
2016,11,6
2016,11,6
2016,11,6
2016,11,6
2016,11,6
2016,11,6
2016,11,6
2016,11,6
2016,11,6
2016,11,6
2016,11,6
2016,11,6
2016,11,6
2016,11,6
2016,11,6
2016,11,6
2016,11,6
2016,11,6
2016,11,6
2016,11,6
2016,11,6
2016,11,6
2016,11,6
2016,11,6
2016,11,6
2016,11,6
2016,11,6
2016,11,6
2016,11,6
2016,11,6
2016,11,6
2016,11,6
2016,11,6
2016,11,6
2016,11,6
2016,11,6
2016,11,6
2016,11,6
2016,11,6
2016,11,6
2016,11,6
2016,11,6
2016,11,6
2016,11,6
2016,11,6
2016,11,6
2016,11,6
2016,11,6
2016,11,6
2016,11,6
2016,11,6
2016,11,6
2016,11,6
2016,11,6
2016,11,6
2016,11,6
2016,11,6
2016,11,6
2016,11,6
2016,11,6
2016,11,6
2016,11,6
2016,11,6
2016,11,6
2016,11,6
2016,11,6
2016,11,6
2016,11,6
2016,11,6
2016,11,6
2016,11,6
2016,11,6
2016,11,6
2016,11,6
2016,11,6
2016,11,6
2016,11,6
2016,11,6
2016,11,6
2016,11,6
2016,11,6
2016,11,6
2016,11,6
2016,11,6
2016,11,6
2016,11,6
2016,11,6
2016,11,6
2016,11,6
2016,11,6
2016,11,6
2016,11,6
2016,11,6
2016,11,6
2016,11,6
2016,11,6
2016,11,6
2016,11,6
2016,11,6
2016,11,6
2016,11,6
2016,11,6
2016,11,6
2016,11,6
2016,11,6
2016,11,6
2016,11,6
2016,11,6
2016,11,6
2016,11,6
2016,11,6
2016,11,6
2016,11,6
2016,11,6
2016,11,6
2016,11,6
2016,11,6
2016,11,6
2016,11,6
2016,11,6
2016,11,6
2016,11,6
2016,11,6
2016,11,6
2016,11,6
2016,11,6
2016,11,6
2016,11,6
2016,11,6
2016,11,6
2016,11,6
2016,11,6
2016,11,6
2016,11,6
2016,11,6
2016,11,6
2016,11,6
2016,11,6
2016,11,6
2016,11,6
2016,11,6
2016,11,6
2016,11,6
2016,11,6
2016,11,6
2016,11,6
2016,11,6
2016,11,6
2016,11,6
2016,11,6
2016,11,6
2016,11,6
2016,11,6
2016,11,6
2016,11,6
2016,11,6
2016,11,6
2016,11,6
2016,11,6
2016,11,6
2016,11,6
2016,11,6
2016,11,6
2016,11,6
2016,11,6
2016,11,6
2016,11,6
2016,11,6
2016,11,6
2016,11,6
2016,11,6
2016,11,6
2016,11,6
2016,11,6
2016,11,6
2016,11,6
2016,11,6
2016,11,6
2016,11,6
2016,11,6
2016,11,6
2016,11,6
2016,11,6
2016,11,6
2016,11,6
2016,11,6
2016,11,6
2016,11,6
2016,11,6
2016,11,6
2016,11,6
2016,11,6
2016,11,6
2016,11,6
2016,11,6
2016,11,6
2016,11,6
2016,11,6
2016,11,6
2016,11,6
2016,11,6
2016,11,6
2016,11,6
2016,11,6
2016,11,6
2016,11,6
2016,11,6
2016,11,6
2016,11,6
2016,11,6
2016,11,6
2016,11,6
2016,11,6
2016,11,6
2016,11,6
2016,11,6
2016,11,6
2016,11,6
2016,11,6
2016,11,6
2016,11,6
2016,11,6
2016,11,6
2016,11,6
2016,11,6
2016,11,6
2016,11,6
2016,11,6
2016,11,6
2016,11,6
2016,11,6
2016,11,6
2016,11,6
2016,11,6
2016,11,6
2016,11,6
2016,11,6
2016,11,6
2016,11,6
2016,11,6
2016,11,6
2016,11,6
2016,11,6
2016,11,6
2016,11,6
2016,11,6
2016,11,6
2016,11,6
2016,11,6
2016,11,6
2016,11,6
2016,11,6
2016,11,6
2016,11,6
2016,11,6
2016,11,6
2016,11,6
2016,11,6
2016,11,6
2016,11,6
2016,11,6
2016,11,6
2016,11,6
2016,11,6
2016,11,6
2016,11,6
2016,11,6
2016,11,6
2016,11,6
2016,11,6
2016,11,6
2016,11,6
2016,11,6
2016,11,6
2016,11,6
2016,11,6
2016,11,6
2016,11,6
2016,11,6
2016,11,6
2016,11,6
2016,11,6
2016,11,6
2016,11,6
2016,11,6
2016,11,6
2016,11,6
2016,11,6
2016,11,6
2016,11,6
2016,11,6
2016,11,6
2016,11,6
2016,11,6
2016,11,6
2016,11,6
2016,11,6
2016,11,6
2016,11,6
2016,11,6
2016,11,6
2016,11,6
2016,11,6
2016,11,6
2016,11,6
2016,11,6
2016,11,6
2016,11,6
2016,11,6
2016,11,6
2016,11,6
2016,11,6
2016,11,6
2016,11,6
2016,11,6
2016,11,6
2016,11,6
2016,11,6
2016,11,6
2016,11,6
2016,11,6
2016,11,6
2016,11,6
2016,11,6
2016,11,6
2016,11,6
2016,11,6
2016,11,6
2016,11,6
2016,11,6
2016,11,6
2016,11,6
2016,11,6
2016,11,6
2016,11,6
2016,11,6
2016,11,6
2016,11,6
2016,11,6
2016,11,6
2016,11,6
2016,11,6
2016,11,6
2016,11,6
2016,11,6
2016,11,6
2016,11,6
2016,11,6
2016,11,6
2016,11,6
2016,11,6
2016,11,6
2016,11,6
2016,11,6
2016,11,6
2016,11,6
2016,11,6
2016,11,6
2016,11,6
2016,11,6
2016,11,6
2016,11,6
2016,11,6
2016,11,6
2016,11,6
2016,11,6
2016,11,6
2016,11,6
2016,11,6
2016,11,6
2016,11,6
2016,11,6
2016,11,6
2016,11,6
2016,11,6
2016,11,6
2016,11,6
2016,11,6
2016,11,6
2016,11,6
2016,11,6
2016,11,6
2016,11,6
2016,11,6
2016,11,6
2016,11,6
2016,11,6
2016,11,6
2016,11,6
2016,11,6
2016,11,6
2016,11,6
2016,11,6
2016,11,6
2016,11,6
2016,11,6
2016,11,6
2016,11,6
2016,11,6
2016,11,6
2016,11,6
2016,11,6
2016,11,6
2016,11,6
2016,11,6
2016,11,6
2016,11,6
2016,11,6
2016,11,6
2016,11,6
2016,11,6
2016,11,6
2016,11,6
2016,11,6
2016,11,6
2016,11,6
2016,11,6
2016,11,6
2016,11,6
2016,11,6
2016,11,6
2016,11,6
2016,11,6
2016,11,6
2016,11,6
2016,11,6
2016,11,6
2016,11,6
2016,11,6
2016,11,6
2016,11,6
2016,11,6
2016,11,6
2016,11,6
2016,11,6
2016,11,6
2016,11,6
2016,11,6
2016,11,6
2016,11,6
2016,11,6
2016,11,6
2016,11,6
2016,11,6
2016,11,6
2016,11,6
2016,11,6
2016,11,6
2016,11,6
2016,11,6
2016,11,6
2016,11,6
2016,11,6
2016,11,6
2016,11,6
2016,11,6
2016,11,6
2016,11,6
2016,11,6
2016,11,6
2016,11,6
2016,11,6
2016,11,6
2016,11,6
2016,11,6
2016,11,6
2016,11,6
2016,11,6
2016,11,6
2016,11,6
2016,11,6
2016,11,6
2016,11,6
2016,11,6
2016,11,6
2016,11,6
2016,11,6
2016,11,6
2016,11,6
2016,11,6
2016,11,6
2016,11,6
2016,11,6
2016,11,6
2016,11,6
2016,11,6
2016,11,6
2016,11,6
2016,11,6
2016,11,6
2016,11,6
2016,11,6
2016,11,6
2016,11,6
2016,11,6
2016,11,6
2016,11,6
2016,11,6
2016,11,6
2016,11,6
2016,11,6
2016,11,6
2016,11,6
2016,11,6
2016,11,6
2016,11,6
2016,11,6
2016,11,6
2016,11,6
2016,11,6
2016,11,6
2016,11,6
2016,11,6
2016,11,6
2016,11,6
2016,11,6
2016,11,6
2016,11,6
2016,11,6
2016,11,6
2016,11,6
2016,11,6
2016,11,6
2016,11,6
2016,11,6
2016,11,6
2016,11,6
2016,11,6
2016,11,6
2016,11,6
2016,11,6
2016,11,6
2016,11,6
2016,11,6
2016,11,6
2016,11,6
2016,11,6
2016,11,6
2016,11,6
2016,11,6
2016,11,6
2016,11,6
2016,11,6
2016,11,6
2016,11,6
2016,11,6
2016,11,6
2016,11,6
2016,11,6
2016,11,6
2016,11,6
2016,11,6
2016,11,6
2016,11,6
2016,11,6
2016,11,6
2016,11,6
2016,11,6
2016,11,6
2016,11,6
2016,11,6
2016,11,6
2016,11,6
2016,11,6
2016,11,6
2016,11,6
2016,11,6
2016,11,6
2016,11,6
2016,11,6
2016,11,6
2016,11,6
2016,11,6
2016,11,6
2016,11,6
2016,11,6
2016,11,6
2016,11,6
2016,11,6
2016,11,6
2016,11,6
2016,11,6
2016,11,6
2016,11,6
2016,11,6
2016,11,6
2016,11,6
2016,11,6
2016,11,6
2016,11,6
2016,11,6
2016,11,6
2016,11,6
2016,11,6
2016,11,6
2016,11,6
2016,11,6
2016,11,6
2016,11,6
2016,11,6
2016,11,6
2016,11,6
2016,11,6
2016,11,6
2016,11,6
2016,11,6
2016,11,6
2016,11,6
2016,11,6
2016,11,6
2016,11,6
2016,11,6
2016,11,6
2016,11,6
2016,11,6
2016,11,6
2016,11,6
2016,11,6
2016,11,6
2016,11,6
2016,11,6
2016,11,6
2016,11,6
2016,11,6
2016,11,6
2016,11,6
2016,11,6
2016,11,6
2016,11,6
2016,11,6
2016,11,6
2016,11,6
2016,11,6
2016,11,6
2016,11,6
2016,11,6
2016,11,6
2016,11,6
2016,11,6
2016,11,6
2016,11,6
2016,11,6
2016,11,6
2016,11,6
2016,11,6
2016,11,6
2016,11,6
2016,11,6
2016,11,6
2016,11,6
2016,11,6
2016,11,6
2016,11,6
2016,11,6
2016,11,6
2016,11,6
2016,11,6
2016,11,6
2016,11,6
2016,11,6
2016,11,6
2016,11,6
2016,11,6
2016,11,6
2016,11,6
2016,11,6
2016,11,6
2016,11,6
2016,11,6
2016,11,6
2016,11,6
2016,11,6
2016,11,6
2016,11,6
2016,11,6
2016,11,6
2016,11,6
2016,11,6
2016,11,6
2016,11,6
2016,11,6
2016,11,6
2016,11,6
2016,11,6
2016,11,6
2016,11,6
2016,11,6
2016,11,6
2016,11,6
2016,11,6
2016,11,6
2016,11,6
2016,11,6
2016,11,6
2016,11,6
2016,11,6
2016,11,6
2016,11,6
2016,11,6
2016,11,6
2016,11,6
2016,11,6
2016,11,6
2016,11,6
2016,11,6
2016,11,6
2016,11,6
2016,11,6
2016,11,6
2016,11,6
2016,11,6
2016,11,6
2016,11,6
2016,11,6
2016,11,6
2016,11,6
2016,11,6
2016,11,6
2016,11,6
2016,11,6
2016,11,6
2016,11,6
2016,11,6
2016,11,6
2016,11,6
2016,11,6
2016,11,6
2016,11,6
2016,11,6
2016,11,6
2016,11,6
2016,11,6
2016,11,6
2016,11,6
2016,11,6
2016,11,6
2016,11,6
2016,11,6
2016,11,6
2016,11,6
2016,11,6
2016,11,6
2016,11,6
2016,11,6
2016,11,6
2016,11,6
2016,11,6
2016,11,6
2016,11,6
2016,11,6
2016,11,6
2016,11,6
2016,11,6
2016,11,6
2016,11,6
2016,11,6
2016,11,6
2016,11,6
2016,11,6
2016,11,6
2016,11,6
2016,11,6
2016,11,6
2016,11,6
2016,11,6
2016,11,6
2016,11,6
2016,11,6
2016,11,6
2016,11,6
2016,11,6
2016,11,6
2016,11,6
2016,11,6
2016,11,6
2016,11,6
2016,11,6
2016,11,6
2016,11,6
2016,11,6
2016,11,6
2016,11,6
2016,11,6
2016,11,6
2016,11,6
2016,11,6
2016,11,6
2016,11,6
2016,11,6
2016,11,6
2016,11,6
2016,11,6
2016,11,6
2016,11,6
2016,11,6
2016,11,6
2016,11,6
2016,11,6
2016,11,6
2016,11,6
2016,11,6
2016,11,6
2016,11,6
2016,11,6
2016,11,6
2016,11,6
2016,11,6
2016,11,6
2016,11,6
2016,11,6
2016,11,6
2016,11,6
2016,11,6
2016,11,6
2016,11,6
2016,11,6
2016,11,6
2016,11,6
2016,11,6
2016,11,6
2016,11,6
2016,11,6
2016,11,6
2016,11,6
2016,11,6
2016,11,6
2016,11,6
2016,11,6
2016,11,6
2016,11,6
2016,11,6
2016,11,6
2016,11,6
2016,11,6
2016,11,6
2016,11,6
2016,11,6
2016,11,6
2016,11,6
2016,11,6
2016,11,6
2016,11,6
2016,11,6
2016,11,6
2016,11,6
2016,11,6
2016,11,6
2016,11,6
2016,11,6
2016,11,6
2016,11,6
2016,11,6
2016,11,6
2016,11,6
2016,11,6
2016,11,6
2016,11,6
2016,11,6
2016,11,6
2016,11,6
2016,11,6
2016,11,6
2016,11,6
2016,11,6
2016,11,6
2016,11,6
2016,11,6
2016,11,6
2016,11,6
2016,11,6
2016,11,6
2016,11,6
2016,11,6
2016,11,6
2016,11,6
2016,11,6
2016,11,6
2016,11,6
2016,11,6
2016,11,6
2016,11,6
2016,11,6
2016,11,6
2016,11,6
2016,11,6
2016,11,6
2016,11,6
2016,11,6
2016,11,6
2016,11,6
2016,11,6
2016,11,6
2016,11,6
2016,11,6
2016,11,6
2016,11,6
2016,11,6
2016,11,6
2016,11,6
2016,11,6
2016,11,6
2016,11,6
2016,11,6
2016,11,6
2016,11,6
2016,11,6
2016,11,6
2016,11,6
2016,11,6
2016,11,6
2016,11,6
2016,11,6
2016,11,6
2016,11,6
2016,11,6
2016,11,6
2016,11,6
2016,11,6
2016,11,6
2016,11,6
2016,11,6
2016,11,6
2016,11,6
2016,11,6
2016,11,6
2016,11,6
2016,11,6
2016,11,6
2016,11,6
2016,11,6
2016,11,6
2016,11,6
2016,11,6
2016,11,6
2016,11,6
2016,11,6
2016,11,6
2016,11,6
2016,11,6
2016,11,6
2016,11,6
2016,11,6
2016,11,6
2016,11,6
2016,11,6
2016,11,6
2016,11,6
2016,11,6
2016,11,6
2016,11,6
2016,11,6
2016,11,6
2016,11,6
2016,11,6
2016,11,6
2016,11,6
2016,11,6
2016,11,6
2016,11,6
2016,11,6
2016,11,6
2016,11,6
2016,11,6
2016,11,6
2016,11,6
2016,11,6
2016,11,6
2016,11,6
2016,11,6
2016,11,6
2016,11,6
2016,11,6
2016,11,6
2016,11,6
2016,11,6
2016,11,6
2016,11,6
2016,11,6
2016,11,6
2016,11,6
2016,11,6
2016,11,6
2016,11,6
2016,11,6
2016,11,6
2016,11,6
2016,11,6
2016,11,6
2016,11,6
2016,11,6
2016,11,6
2016,11,6
2016,11,6
2016,11,6
2016,11,6
2016,11,6
2016,11,6
2016,11,6
2016,11,6
2016,11,6
2016,11,6
2016,11,6
2016,11,6
2016,11,6
2016,11,6
2016,11,6
2016,11,6
2016,11,6
2016,11,6
2016,11,6
2016,11,6
2016,11,6
2016,11,6
2016,11,6
2016,11,6
2016,11,6
2016,11,6
2016,11,6
2016,11,6
2016,11,6
2016,11,6
2016,11,6
2016,11,6
2016,11,6
2016,11,6
2016,11,6
2016,11,6
2016,11,6
2016,11,6
2016,11,6
2016,11,6
2016,11,6
2016,11,6
2016,11,6
2016,11,6
2016,11,6
2016,11,6
2016,11,6
2016,11,6
2016,11,6
2016,11,6
2016,11,6
2016,11,6
2016,11,6
2016,11,6
2016,11,6
2016,11,6
2016,11,6
2016,11,6
2016,11,6
2016,11,6
2016,11,6
2016,11,6
2016,11,6
2016,11,6
2016,11,6
2016,11,6
2016,11,6
2016,11,6
2016,11,6
2016,11,6
2016,11,6
2016,11,6
2016,11,6
2016,11,6
2016,11,6
2016,11,6
2016,11,6
2016,11,6
2016,11,6
2016,11,6
2016,11,6
2016,11,6
2016,11,6
2016,11,6
2016,11,6
2016,11,6
2016,11,6
2016,11,6
2016,11,6
2016,11,6
2016,11,6
2016,11,6
2016,11,6
2016,11,6
2016,11,6
2016,11,6
2016,11,6
2016,11,6
2016,11,6
2016,11,6
2016,11,6
2016,11,6
2016,11,6
2016,11,6
2016,11,6
2016,11,6
2016,11,6
2016,11,6
2016,11,6
2016,11,6
2016,11,6
2016,11,6
2016,11,6
2016,11,6
2016,11,6
2016,11,6
2016,11,6
2016,11,6
2016,11,6
2016,11,6
2016,11,6
2016,11,6
2016,11,6
2016,11,6
2016,11,6
2016,11,6
2016,11,6
2016,11,6
2016,11,6
2016,11,6
2016,11,6
2016,11,6
2016,11,6
2016,11,6
2016,11,6
2016,11,6
2016,11,6
2016,11,6
2016,11,6
2016,11,6
2016,11,6
2016,11,6
2016,11,6
2016,11,6
2016,11,6
2016,11,6
2016,11,6
2016,11,6
2016,11,6
2016,11,6
2016,11,6
2016,11,6
2016,11,6
2016,11,6
2016,11,6
2016,11,6
2016,11,6
2016,11,6
2016,11,6
2016,11,6
2016,11,6
2016,11,6
2016,11,6
2016,11,6
2016,11,6
2016,11,6
2016,11,6
2016,11,6
2016,11,6
2016,11,6
2016,11,6
2016,11,6
2016,11,6
2016,11,6
2016,11,6
2016,11,6
2016,11,6
2016,11,6
2016,11,6
2016,11,6
2016,11,6
2016,11,6
2016,11,6
2016,11,6
2016,11,6
2016,11,6
2016,11,6
2016,11,6
2016,11,6
2016,11,6
2016,11,6
2016,11,6
2016,11,6
2016,11,6
2016,11,6
2016,11,6
2016,11,6
2016,11,6
2016,11,6
2016,11,6
2016,11,6
2016,11,6
2016,11,6
2016,11,6
2016,11,6
2016,11,6
2016,11,6
2016,11,6
2016,11,6
2016,11,6
2016,11,6
2016,11,6
2016,11,6
2016,11,6
2016,11,6
2016,11,6
2016,11,6
2016,11,6
2016,11,6
2016,11,6
2016,11,6
2016,11,6
2016,11,6
2016,11,6
2016,11,6
2016,11,6
2016,11,6
2016,11,6
2016,11,6
2016,11,6
2016,11,6
2016,11,6
2016,11,6
2016,11,6
2016,11,6
2016,11,6
2016,11,6
2016,11,6
2016,11,6
2016,11,6
2016,11,6
2016,11,6
2016,11,6
2016,11,6
2016,11,6
2016,11,6
2016,11,6
2016,11,6
2016,11,6
2016,11,6
2016,11,6
2016,11,6
2016,11,6
2016,11,6
2016,11,6
2016,11,6
2016,11,6
2016,11,6
2016,11,6
2016,11,6
2016,11,6
2016,11,6
2016,11,6
2016,11,6
2016,11,6
2016,11,6
2016,11,6
2016,11,6
2016,11,6
2016,11,6
2016,11,6
2016,11,6
2016,11,6
2016,11,6
2016,11,6
2016,11,6
2016,11,6
2016,11,6
2016,11,6
2016,11,6
2016,11,6
2016,11,6
2016,11,6
2016,11,6
2016,11,6
2016,11,6
2016,11,6
2016,11,6
2016,11,6
2016,11,6
2016,11,6
2016,11,6
2016,11,6
2016,11,6
2016,11,6
2016,11,6
2016,11,6
2016,11,6
2016,11,6
2016,11,6
2016,11,6
2016,11,6
2016,11,6
2016,11,6
2016,11,6
2016,11,6
2016,11,6
2016,11,6
2016,11,6
2016,11,6
2016,11,6
2016,11,6
2016,11,6
2016,11,6
2016,11,6
2016,11,6
2016,11,6
2016,11,6
2016,11,6
2016,11,6
2016,11,6
2016,11,6
2016,11,6
2016,11,6
2016,11,6
2016,11,6
2016,11,6
2016,11,6
2016,11,6
2016,11,6
2016,11,6
2016,11,6
2016,11,6
2016,11,6
2016,11,6
2016,11,6
2016,11,6
2016,11,6
2016,11,6
2016,11,6
2016,11,6
2016,11,6
2016,11,6
2016,11,6
2016,11,6
2016,11,6
2016,11,6
2016,11,6
2016,11,6
2016,11,6
2016,11,6
2016,11,6
2016,11,6
2016,11,6
2016,11,6
2016,11,6
2016,11,6
2016,11,6
2016,11,6
2016,11,6
2016,11,6
2016,11,6
2016,11,6
2016,11,6
2016,11,6
2016,11,6
2016,11,6
2016,11,6
2016,11,6
2016,11,6
2016,11,6
2016,11,6
2016,11,6
2016,11,6
2016,11,6
2016,11,6
2016,11,6
2016,11,6
2016,11,6
2016,11,6
2016,11,6
2016,11,6
2016,11,6
2016,11,6
2016,11,6
2016,11,6
2016,11,6
2016,11,6
2016,11,6
2016,11,6
2016,11,6
2016,11,6
2016,11,6
2016,11,6
2016,11,6
2016,11,6
2016,11,6
2016,11,6
2016,11,6
2016,11,6
2016,11,6
2016,11,6
2016,11,6
2016,11,6
2016,11,6
2016,11,6
2016,11,6
2016,11,6
2016,11,6
2016,11,6
2016,11,6
2016,11,6
2016,11,6
2016,11,6
2016,11,6
2016,11,6
2016,11,6
2016,11,6
2016,11,6
2016,11,6
2016,11,6
2016,11,6
2016,11,6
2016,11,6
2016,11,6
2016,11,6
2016,11,6
2016,11,6
2016,11,6
2016,11,6
2016,11,6
2016,11,6
2016,11,6
2016,11,6
2016,11,6
2016,11,6
2016,11,6
2016,11,6
2016,11,6
2016,11,6
2016,11,6
2016,11,6
2016,11,6
2016,11,6
2016,11,6
2016,11,6
2016,11,6
2016,11,6
2016,11,6
2016,11,6
2016,11,6
2016,11,6
2016,11,6
2016,11,6
2016,11,6
2016,11,6
2016,11,6
2016,11,6
2016,11,6
2016,11,6
2016,11,6
2016,11,6
2016,11,6
2016,11,6
2016,11,6
2016,11,6
2016,11,6
2016,11,6
2016,11,6
2016,11,6
2016,11,6
2016,11,6
2016,11,6
2016,11,6
2016,11,6
2016,11,6
2016,11,6
2016,11,6
2016,11,6
2016,11,6
2016,11,6
2016,11,6
2016,11,6
2016,11,6
2016,11,6
2016,11,6
2016,11,6
2016,11,6
2016,11,6
2016,11,6
2016,11,6
2016,11,6
2016,11,6
2016,11,6
2016,11,6
2016,11,6
2016,11,6
2016,11,6
2016,11,6
2016,11,6
2016,11,6
2016,11,6
2016,11,6
2016,11,6
2016,11,6
2016,11,6
2016,11,6
2016,11,6
2016,11,6
2016,11,6
2016,11,6
2016,11,6
2016,11,6
2016,11,6
2016,11,6
2016,11,6
2016,11,6
2016,11,6
2016,11,6
2016,11,6
2016,11,6
2016,11,6
2016,11,6
2016,11,6
2016,11,6
2016,11,6
2016,11,6
2016,11,6
2016,11,6
2016,11,6
2016,11,6
2016,11,6
2016,11,6
2016,11,6
2016,11,6
2016,11,6
2016,11,6
2016,11,6
2016,11,6
2016,11,6
2016,11,6
2016,11,6
2016,11,6
2016,11,6
2016,11,6
2016,11,6
2016,11,6
2016,11,6
2016,11,6
2016,11,6
2016,11,6
2016,11,6
2016,11,6
2016,11,6
2016,11,6
2016,11,6
2016,11,6
2016,11,6
2016,11,6
2016,11,6
2016,11,6
2016,11,6
2016,11,6
2016,11,6
2016,11,6
2016,11,6
2016,11,6
2016,11,6
2016,11,6
2016,11,6
2016,11,6
2016,11,6
2016,11,6
2016,11,6
2016,11,6
2016,11,6
2016,11,6
2016,11,6
2016,11,6
2016,11,6
2016,11,6
2016,11,6
2016,11,6
2016,11,6
2016,11,6
2016,11,6
2016,11,6
2016,11,6
2016,11,6
2016,11,6
2016,11,6
2016,11,6
2016,11,6
2016,11,6
2016,11,6
2016,11,6
2016,11,6
2016,11,6
2016,11,6
2016,11,6
2016,11,6
2016,11,6
2016,11,6
2016,11,6
2016,11,6
2016,11,6
2016,11,6
2016,11,6
2016,11,6
2016,11,6
2016,11,6
2016,11,6
2016,11,6
2016,11,6
2016,11,6
2016,11,6
2016,11,6
2016,11,6
2016,11,6
2016,11,6
2016,11,6
2016,11,6
2016,11,6
2016,11,6
2016,11,6
2016,11,6
2016,11,6
2016,11,6
2016,11,6
2016,11,6
2016,11,6
2016,11,6
2016,11,6
2016,11,6
2016,11,6
2016,11,6
2016,11,6
2016,11,6
2016,11,6
2016,11,6
2016,11,6
2016,11,6
2016,11,6
2016,11,6
2016,11,6
2016,11,6
2016,11,6
2016,11,6
2016,11,6
2016,11,6
2016,11,6
2016,11,6
2016,11,6
2016,11,6
2016,11,6
2016,11,6
2016,11,6
2016,11,6
2016,11,6
2016,11,6
2016,11,6
2016,11,6
2016,11,6
2016,11,6
2016,11,6
2016,11,6
2016,11,6
2016,11,6
2016,11,6
2016,11,6
2016,11,6
2016,11,6
2016,11,6
2016,11,6
2016,11,6
2016,11,6
2016,11,6
2016,11,6
2016,11,6
2016,11,6
2016,11,6
2016,11,6
2016,11,6
2016,11,6
2016,11,6
2016,11,6
2016,11,6
2016,11,6
2016,11,6
2016,11,6
2016,11,6
2016,11,6
2016,11,6
2016,11,6
2016,11,6
2016,11,6
2016,11,6
2016,11,6
2016,11,6
2016,11,6
2016,11,6
2016,11,6
2016,11,6
2016,11,6
2016,11,6
2016,11,6
2016,11,6
2016,11,6
2016,11,6
2016,11,6
2016,11,6
2016,11,6
2016,11,6
2016,11,6
2016,11,6
2016,11,6
2016,11,6
2016,11,6
2016,11,6
2016,11,6
2016,11,6
2016,11,6
2016,11,6
2016,11,6
2016,11,6
2016,11,6
2016,11,6
2016,11,6
2016,11,6
2016,11,6
2016,11,6
2016,11,6
2016,11,6
2016,11,6
2016,11,6
2016,11,6
2016,11,6
2016,11,6
2016,11,6
2016,11,6
2016,11,6
2016,11,6
2016,11,6
2016,11,6
2016,11,6
2016,11,6
2016,11,6
2016,11,6
2016,11,6
2016,11,6
2016,11,6
2016,11,6
2016,11,6
2016,11,6
2016,11,6
2016,11,6
2016,11,6
2016,11,6
2016,11,6
2016,11,6
2016,11,6
2016,11,6
2016,11,6
2016,11,6
2016,11,6
2016,11,6
2016,11,6
2016,11,6
2016,11,6
2016,11,6
2016,11,6
2016,11,6
2016,11,6
2016,11,6
2016,11,6
2016,11,6
2016,11,6
2016,11,6
2016,11,6
2016,11,6
2016,11,6
2016,11,6
2016,11,6
2016,11,6
2016,11,6
2016,11,6
2016,11,6
2016,11,6
2016,11,6
2016,11,6
2016,11,6
2016,11,6
2016,11,6
2016,11,6
2016,11,6
2016,11,6
2016,11,6
2016,11,6
2016,11,6
2016,11,6
2016,11,6
2016,11,6
2016,11,6
2016,11,6
2016,11,6
2016,11,6
2016,11,6
2016,11,6
2016,11,6
2016,11,6
2016,11,6
2016,11,6
2016,11,6
2016,11,6
2016,11,6
2016,11,6
2016,11,6
2016,11,6
2016,11,6
2016,11,6
2016,11,6
2016,11,6
2016,11,6
2016,11,6
2016,11,6
2016,11,6
2016,11,6
2016,11,6
2016,11,6
2016,11,6
2016,11,6
2016,11,6
2016,11,6
2016,11,6
2016,11,6
2016,11,6
2016,11,6
2016,11,6
2016,11,6
2016,11,6
2016,11,6
2016,11,6
2016,11,6
2016,11,6
2016,11,6
2016,11,6
2016,11,6
2016,11,6
2016,11,6
2016,11,6
2016,11,6
2016,11,6
2016,11,6
2016,11,6
2016,11,6
2016,11,6
2016,11,6
2016,11,6
2016,11,6
2016,11,6
2016,11,6
2016,11,6
2016,11,6
2016,11,6
2016,11,6
2016,11,6
2016,11,6
2016,11,6
2016,11,6
2016,11,6
2016,11,6
2016,11,6
2016,11,6
2016,11,6
2016,11,6
2016,11,6
2016,11,6
2016,11,6
2016,11,6
2016,11,6
2016,11,6
2016,11,6
2016,11,6
2016,11,6
2016,11,6
2016,11,6
2016,11,6
2016,11,6
2016,11,6
2016,11,6
2016,11,6
2016,11,6
2016,11,6
2016,11,6
2016,11,6
2016,11,6
2016,11,6
2016,11,6
2016,11,6
2016,11,6
2016,11,6
2016,11,6
2016,11,6
2016,11,6
2016,11,6
2016,11,6
2016,11,6
2016,11,6
2016,11,6
2016,11,6
2016,11,6
2016,11,6
2016,11,6
2016,11,6
2016,11,6
2016,11,6
2016,11,6
2016,11,6
2016,11,6
2016,11,6
2016,11,6
2016,11,6
2016,11,6
2016,11,6
2016,11,6
2016,11,6
2016,11,6
2016,11,6
2016,11,6
2016,11,6
2016,11,6
2016,11,6
2016,11,6
2016,11,6
2016,11,6
2016,11,6
2016,11,6
2016,11,6
2016,11,6
2016,11,6
2016,11,6
2016,11,6
2016,11,6
2016,11,6
2016,11,6
2016,11,6
2016,11,6
2016,11,6
2016,11,6
2016,11,6
2016,11,6
2016,11,6
2016,11,6
2016,11,6
2016,11,6
2016,11,6
2016,11,6
2016,11,6
2016,11,6
2016,11,6
2016,11,6
2016,11,6
2016,11,6
2016,11,6
2016,11,6
2016,11,6
2016,11,6
2016,11,6
2016,11,6
2016,11,6
2016,11,6
2016,11,6
2016,11,6
2016,11,6
2016,11,6
2016,11,6
2016,11,6
2016,11,6
2016,11,6
2016,11,6
2016,11,6
2016,11,6
2016,11,6
2016,11,6
2016,11,6
2016,11,6
2016,11,6
2016,11,6
2016,11,6
2016,11,6
2016,11,6
2016,11,6
2016,11,6
2016,11,6
2016,11,6
2016,11,6
2016,11,6
2016,11,6
2016,11,6
2016,11,6
2016,11,6
2016,11,6
2016,11,6
2016,11,6
2016,11,6
2016,11,6
2016,11,6
2016,11,6
2016,11,6
2016,11,6
2016,11,6
2016,11,6
2016,11,6
2016,11,6
2016,11,6
2016,11,6
2016,11,6
2016,11,6
2016,11,6
2016,11,6
2016,11,6
2016,11,6
2016,11,6
2016,11,6
2016,11,6
2016,11,6
2016,11,6
2016,11,6
2016,11,6
2016,11,6
2016,11,6
2016,11,6
2016,11,6
2016,11,6
2016,11,6
2016,11,6
2016,11,6
2016,11,6
2016,11,6
2016,11,6
2016,11,6
2016,11,6
2016,11,6
2016,11,6
2016,11,6
2016,11,6
2016,11,6
2016,11,6
2016,11,6
2016,11,6
2016,11,6
2016,11,6
2016,11,6
2016,11,6
2016,11,6
2016,11,6
2016,11,6
2016,11,6
2016,11,6
2016,11,6
2016,11,6
2016,11,6
2016,11,6
2016,11,6
2016,11,6
2016,11,6
2016,11,6
2016,11,6
2016,11,6
2016,11,6
2016,11,6
2016,11,6
2016,11,6
2016,11,6
2016,11,6
2016,11,6
2016,11,6
2016,11,6
2016,11,6
2016,11,6
2016,11,6
2016,11,6
2016,11,6
2016,11,6
2016,11,6
2016,11,6
2016,11,6
2016,11,6
2016,11,6
2016,11,6
2016,11,6
2016,11,6
2016,11,6
2016,11,6
2016,11,6
2016,11,6
2016,11,6
2016,11,6
2016,11,6
2016,11,6
2016,11,6
2016,11,6
2016,11,6
2016,11,6
2016,11,6
2016,11,6
2016,11,6
2016,11,6
2016,11,6
2016,11,6
2016,11,6
2016,11,6
2016,11,6
2016,11,6
2016,11,6
2016,11,6
2016,11,6
2016,11,6
2016,11,6
2016,11,6
2016,11,6
2016,11,6
2016,11,6
2016,11,6
2016,11,6
2016,11,6
2016,11,6
2016,11,6
2016,11,6
2016,11,6
2016,11,6
2016,11,6
2016,11,6
2016,11,6
2016,11,6
2016,11,6
2016,11,6
2016,11,6
2016,11,6
2016,11,6
2016,11,6
2016,11,6
2016,11,6
2016,11,6
2016,11,6
2016,11,6
2016,11,6
2016,11,6
2016,11,6
2016,11,6
2016,11,6
2016,11,6
2016,11,6
2016,11,6
2016,11,6
2016,11,6
2016,11,6
2016,11,6
2016,11,6
2016,11,6
2016,11,6
2016,11,6
2016,11,6
2016,11,6
2016,11,6
2016,11,6
2016,11,6
2016,11,6
2016,11,6
2016,11,6
2016,11,6
2016,11,6
2016,11,6
2016,11,6
2016,11,6
2016,11,6
2016,11,6
2016,11,6
2016,11,6
2016,11,6
2016,11,6
2016,11,6
2016,11,6
2016,11,6
2016,11,6
2016,11,6
2016,11,6
2016,11,6
2016,11,6
2016,11,6
2016,11,6
2016,11,6
2016,11,6
2016,11,6
2016,11,6
2016,11,6
2016,11,6
2016,11,6
2016,11,6
2016,11,6
2016,11,6
2016,11,6
2016,11,6
2016,11,6
2016,11,6
2016,11,6
2016,11,6
2016,11,6
2016,11,6
2016,11,6
2016,11,6
2016,11,6
2016,11,6
2016,11,6
2016,11,6
2016,11,6
2016,11,6
2016,11,6
2016,11,6
2016,11,6
2016,11,6
2016,11,6
2016,11,6
2016,11,6
2016,11,6
2016,11,6
2016,11,6
2016,11,6
2016,11,6
2016,11,6
2016,11,6
2016,11,6
2016,11,6
2016,11,6
2016,11,6
2016,11,6
2016,11,6
2016,11,6
2016,11,6
2016,11,6
2016,11,6
2016,11,6
2016,11,6
2016,11,6
2016,11,6
2016,11,6
2016,11,6
2016,11,6
2016,11,6
2016,11,6
2016,11,6
2016,11,6
2016,11,6
2016,11,6
2016,11,6
2016,11,6
2016,11,6
2016,11,6
2016,11,6
2016,11,6
2016,11,6
2016,11,6
2016,11,6
2016,11,6
2016,11,6
2016,11,6
2016,11,6
2016,11,6
2016,11,6
2016,11,6
2016,11,6
2016,11,6
2016,11,6
2016,11,6
2016,11,6
2016,11,6
2016,11,6
2016,11,6
2016,11,6
2016,11,6
2016,11,6
2016,11,6
2016,11,6
2016,11,6
2016,11,6
2016,11,6
2016,11,6
2016,11,6
2016,11,6
2016,11,6
2016,11,6
2016,11,6
2016,11,6
2016,11,6
2016,11,6
2016,11,6
2016,11,6
2016,11,6
2016,11,6
2016,11,6
2016,11,6
2016,11,6
2016,11,6
2016,11,6
2016,11,6
2016,11,6
2016,11,6
2016,11,6
2016,11,6
2016,11,6
2016,11,6
2016,11,6
2016,11,6
2016,11,6
2016,11,6
2016,11,6
2016,11,6
2016,11,6
2016,11,6
2016,11,6
2016,11,6
2016,11,6
2016,11,6
2016,11,6
2016,11,6
2016,11,6
2016,11,6
2016,11,6
2016,11,6
2016,11,6
2016,11,6
2016,11,6
2016,11,6
2016,11,6
2016,11,6
2016,11,6
2016,11,6
2016,11,6
2016,11,6
2016,11,6
2016,11,6
2016,11,6
2016,11,6
2016,11,6
2016,11,6
2016,11,6
2016,11,6
2016,11,6
2016,11,6
2016,11,6
2016,11,6
2016,11,6
2016,11,6
2016,11,6
2016,11,6
2016,11,6
2016,11,6
2016,11,6
2016,11,6
2016,11,6
2016,11,6
2016,11,6
2016,11,6
2016,11,6
2016,11,6
2016,11,6
2016,11,6
2016,11,6
2016,11,6
2016,11,6
2016,11,6
2016,11,6
2016,11,6
2016,11,6
2016,11,6
2016,11,6
2016,11,6
2016,11,6
2016,11,6
2016,11,6
2016,11,6
2016,11,6
2016,11,6
2016,11,6
2016,11,6
2016,11,6
2016,11,6
2016,11,6
2016,11,6
2016,11,6
2016,11,6
2016,11,6
2016,11,6
2016,11,6
2016,11,6
2016,11,6
2016,11,6
2016,11,6
2016,11,6
2016,11,6
2016,11,6
2016,11,6
2016,11,6
2016,11,6
2016,11,6
2016,11,6
2016,11,6
2016,11,6
2016,11,6
2016,11,6
2016,11,6
2016,11,6
2016,11,6
2016,11,6
2016,11,6
2016,11,6
2016,11,6
2016,11,6
2016,11,6
2016,11,6
2016,11,6
2016,11,6
2016,11,6
2016,11,6
2016,11,6
2016,11,6
2016,11,6
2016,11,6
2016,11,6
2016,11,6
2016,11,6
2016,11,6
2016,11,6
2016,11,6
2016,11,6
2016,11,6
2016,11,6
2016,11,6
2016,11,6
2016,11,6
2016,11,6
2016,11,6
2016,11,6
2016,11,6
2016,11,6
2016,11,6
2016,11,6
2016,11,6
2016,11,6
2016,11,6
2016,11,6
2016,11,6
2016,11,6
2016,11,6
2016,11,6
2016,11,6
2016,11,6
2016,11,6
2016,11,6
2016,11,6
2016,11,6
2016,11,6
2016,11,6
2016,11,6
2016,11,6
2016,11,6
2016,11,6
2016,11,6
2016,11,6
2016,11,6
2016,11,6
2016,11,6
2016,11,6
2016,11,6
2016,11,6
2016,11,6
2016,11,6
2016,11,6
2016,11,6
2016,11,6
2016,11,6
2016,11,6
2016,11,6
2016,11,6
2016,11,6
2016,11,6
2016,11,6
2016,11,6
2016,11,6
2016,11,6
2016,11,6
2016,11,6
2016,11,6
2016,11,6
2016,11,6
2016,11,6
2016,11,6
2016,11,6
2016,11,6
2016,11,6
2016,11,6
2016,11,6
2016,11,6
2016,11,6
2016,11,6
2016,11,6
2016,11,6
2016,11,6
2016,11,6
2016,11,6
2016,11,6
2016,11,6
2016,11,6
2016,11,6
2016,11,6
2016,11,6
2016,11,6
2016,11,6
2016,11,6
2016,11,6
2016,11,6
2016,11,6
2016,11,6
2016,11,6
2016,11,6
2016,11,6
2016,11,6
2016,11,6
2016,11,6
2016,11,6
2016,11,6
2016,11,6
2016,11,6
2016,11,6
2016,11,6
2016,11,6
2016,11,6
2016,11,6
2016,11,6
2016,11,6
2016,11,6
2016,11,6
2016,11,6
2016,11,6
2016,11,6
2016,11,6
2016,11,6
2016,11,6
2016,11,6
2016,11,6
2016,11,6
2016,11,6
2016,11,6
2016,11,6
2016,11,6
2016,11,6
2016,11,6
2016,11,6
2016,11,6
2016,11,6
2016,11,6
2016,11,6
2016,11,6
2016,11,6
2016,11,6
2016,11,6
2016,11,6
2016,11,6
2016,11,6
2016,11,6
2016,11,6
2016,11,6
2016,11,6
2016,11,6
2016,11,6
2016,11,6
2016,11,6
2016,11,6
2016,11,6
2016,11,6
2016,11,6
2016,11,6
2016,11,6
2016,11,6
2016,11,6
2016,11,6
2016,11,6
2016,11,6
2016,11,6
2016,11,6
2016,11,6
2016,11,6
2016,11,6
2016,11,6
2016,11,6
2016,11,6
2016,11,6
2016,11,6
2016,11,6
2016,11,6
2016,11,6
2016,11,6
2016,11,6
2016,11,6
2016,11,6
2016,11,6
2016,11,6
2016,11,6
2016,11,6
2016,11,6
2016,11,6
2016,11,6
2016,11,6
2016,11,6
2016,11,6
2016,11,6
2016,11,6
2016,11,6
2016,11,6
2016,11,6
2016,11,6
2016,11,6
2016,11,6
2016,11,6
2016,11,6
2016,11,6
2016,11,6
2016,11,6
2016,11,6
2016,11,6
2016,11,6
2016,11,6
2016,11,6
2016,11,6
2016,11,6
2016,11,6
2016,11,6
2016,11,6
2016,11,6
2016,11,6
2016,11,6
2016,11,6
2016,11,6
2016,11,6
2016,11,6
2016,11,6
2016,11,6
2016,11,6
2016,11,6
2016,11,6
2016,11,6
2016,11,6
2016,11,6
2016,11,6
2016,11,6
2016,11,6
2016,11,6
2016,11,6
2016,11,6
2016,11,6
2016,11,6
2016,11,6
2016,11,6
2016,11,6
2016,11,6
2016,11,6
2016,11,6
2016,11,6
2016,11,6
2016,11,6
2016,11,6
2016,11,6
2016,11,6
2016,11,6
2016,11,6
2016,11,6
2016,11,6
2016,11,6
2016,11,6
2016,11,6
2016,11,6
2016,11,6
2016,11,6
2016,11,6
2016,11,6
2016,11,6
2016,11,6
2016,11,6
2016,11,6
2016,11,6
2016,11,6
2016,11,6
2016,11,6
2016,11,6
2016,11,6
2016,11,6
2016,11,6
2016,11,6
2016,11,6
2016,11,6
2016,11,6
2016,11,6
2016,11,6
2016,11,6
2016,11,6
2016,11,6
2016,11,6
2016,11,6
2016,11,6
2016,11,6
2016,11,6
2016,11,6
2016,11,6
2016,11,6
2016,11,6
2016,11,6
2016,11,6
2016,11,6
2016,11,6
2016,11,6
2016,11,6
2016,11,6
2016,11,6
2016,11,6
2016,11,6
2016,11,6
2016,11,6
2016,11,6
2016,11,6
2016,11,6
2016,11,6
2016,11,6
2016,11,6
2016,11,6
2016,11,6
2016,11,6
2016,11,6
2016,11,6
2016,11,6
2016,11,6
2016,11,6
2016,11,6
2016,11,6
2016,11,6
2016,11,6
2016,11,6
2016,11,6
2016,11,6
2016,11,6
2016,11,6
2016,11,6
2016,11,6
2016,11,6
2016,11,6
2016,11,6
2016,11,6
2016,11,6
2016,11,6
2016,11,6
2016,11,6
2016,11,6
2016,11,6
2016,11,6
2016,11,6
2016,11,6
2016,11,6
2016,11,6
2016,11,6
2016,11,6
2016,11,6
2016,11,6
2016,11,6
2016,11,6
2016,11,6
2016,11,6
2016,11,6
2016,11,6
2016,11,6
2016,11,6
2016,11,6
2016,11,6
2016,11,6
2016,11,6
2016,11,6
2016,11,6
2016,11,6
2016,11,6
2016,11,6
2016,11,6
2016,11,6
2016,11,6
2016,11,6
2016,11,6
2016,11,6
2016,11,6
2016,11,6
2016,11,6
2016,11,6
2016,11,6
2016,11,6
2016,11,6
2016,11,6
2016,11,6
2016,11,6
2016,11,6
2016,11,6
2016,11,6
2016,11,6
2016,11,6
2016,11,6
2016,11,6
2016,11,6
2016,11,6
2016,11,6
2016,11,6
2016,11,6
2016,11,6
2016,11,6
2016,11,6
2016,11,6
2016,11,6
2016,11,6
2016,11,6
2016,11,6
2016,11,6
2016,11,6
2016,11,6
2016,11,6
2016,11,6
2016,11,6
2016,11,6
2016,11,6
2016,11,6
2016,11,6
2016,11,6
2016,11,6
2016,11,6
2016,11,6
2016,11,6
2016,11,6
2016,11,6
2016,11,6
2016,11,6
2016,11,6
2016,11,6
2016,11,6
2016,11,6
2016,11,6
2016,11,6
2016,11,6
2016,11,6
2016,11,6
2016,11,6
2016,11,6
2016,11,6
2016,11,6
2016,11,6
2016,11,6
2016,11,6
2016,11,6
2016,11,6
2016,11,6
2016,11,6
2016,11,6
2016,11,6
2016,11,6
2016,11,6
2016,11,6
2016,11,6
2016,11,6
2016,11,6
2016,11,6
2016,11,6
2016,11,6
2016,11,6
2016,11,6
2016,11,6
2016,11,6
2016,11,6
2016,11,6
2016,11,6
2016,11,6
2016,11,6
2016,11,6
2016,11,6
2016,11,6
2016,11,6
2016,11,6
2016,11,6
2016,11,6
2016,11,6
2016,11,6
2016,11,6
2016,11,6
2016,11,6
2016,11,6
2016,11,6
2016,11,6
2016,11,6
2016,11,6
2016,11,6
2016,11,6
2016,11,6
2016,11,6
2016,11,6
2016,11,6
2016,11,6
2016,11,6
2016,11,6
2016,11,6
2016,11,6
2016,11,6
2016,11,6
2016,11,6
2016,11,6
2016,11,6
2016,11,6
2016,11,6
2016,11,6
2016,11,6
2016,11,6
2016,11,6
2016,11,6
2016,11,6
2016,11,6
2016,11,6
2016,11,6
2016,11,6
2016,11,6
2016,11,6
2016,11,6
2016,11,6
2016,11,6
2016,11,6
2016,11,6
2016,11,6
2016,11,6
2016,11,6
2016,11,6
2016,11,6
2016,11,6
2016,11,6
2016,11,6
2016,11,6
2016,11,6
2016,11,6
2016,11,6
2016,11,6
2016,11,6
2016,11,6
2016,11,6
2016,11,6
2016,11,6
2016,11,6
2016,11,6
2016,11,6
2016,11,6
2016,11,6
2016,11,6
2016,11,6
2016,11,6
2016,11,6
2016,11,6
2016,11,6
2016,11,6
2016,11,6
2016,11,6
2016,11,6
2016,11,6
2016,11,6
2016,11,6
2016,11,6
2016,11,6
2016,11,6
2016,11,6
2016,11,6
2016,11,6
2016,11,6
2016,11,6
2016,11,6
2016,11,6
2016,11,6
2016,11,6
2016,11,6
2016,11,6
2016,11,6
2016,11,6
2016,11,6
2016,11,6
2016,11,6
2016,11,6
2016,11,6
2016,11,6
2016,11,6
2016,11,6
2016,11,6
2016,11,6
2016,11,6
2016,11,6
2016,11,6
2016,11,6
2016,11,6
2016,11,6
2016,11,6
2016,11,6
2016,11,6
2016,11,6
2016,11,6
2016,11,6
2016,11,6
2016,11,6
2016,11,6
2016,11,6
2016,11,6
2016,11,6
2016,11,6
2016,11,6
2016,11,6
2016,11,6
2016,11,6
2016,11,6
2016,11,6
2016,11,6
2016,11,6
2016,11,6
2016,11,6
2016,11,6
2016,11,6
2016,11,6
2016,11,6
2016,11,6
2016,11,6
2016,11,6
2016,11,6
2016,11,6
2016,11,6
2016,11,6
2016,11,6
2016,11,6
2016,11,6
2016,11,6
2016,11,6
2016,11,6
2016,11,6
2016,11,6
2016,11,6
2016,11,6
2016,11,6
2016,11,6
2016,11,6
2016,11,6
2016,11,6
2016,11,6
2016,11,6
2016,11,6
2016,11,6
2016,11,6
2016,11,6
2016,11,6
2016,11,6
2016,11,6
2016,11,6
2016,11,6
2016,11,6
2016,11,6
2016,11,6
2016,11,6
2016,11,6
2016,11,6
2016,11,6
2016,11,6
2016,11,6
2016,11,6
2016,11,6
2016,11,6
2016,11,6
2016,11,6
2016,11,6
2016,11,6
2016,11,6
2016,11,6
2016,11,6
2016,11,6
2016,11,6
2016,11,6
2016,11,6
2016,11,6
2016,11,6
2016,11,6
2016,11,6
2016,11,6
2016,11,6
2016,11,6
2016,11,6
2016,11,6
2016,11,6
2016,11,6
2016,11,6
2016,11,6
2016,11,6
2016,11,6
2016,11,6
2016,11,6
2016,11,6
2016,11,6
2016,11,6
2016,11,6
2016,11,6
2016,11,6
2016,11,6
2016,11,6
2016,11,6
2016,11,6
2016,11,6
2016,11,6
2016,11,6
2016,11,6
2016,11,6
2016,11,6
2016,11,6
2016,11,6
2016,11,6
2016,11,6
2016,11,6
2016,11,6
2016,11,6
2016,11,6
2016,11,6
2016,11,6
2016,11,6
2016,11,6
2016,11,6
2016,11,6
2016,11,6
2016,11,6
2016,11,6
2016,11,6
2016,11,6
2016,11,6
2016,11,6
2016,11,6
2016,11,6
2016,11,6
2016,11,6
2016,11,6
2016,11,6
2016,11,6
2016,11,6
2016,11,6
2016,11,6
2016,11,6
2016,11,6
2016,11,6
2016,11,6
2016,11,6
2016,11,6
2016,11,6
2016,11,6
2016,11,6
2016,11,6
2016,11,6
2016,11,6
2016,11,6
2016,11,6
2016,11,6
2016,11,6
2016,11,6
2016,11,6
2016,11,6
2016,11,6
2016,11,6
2016,11,6
2016,11,6
2016,11,6
2016,11,6
2016,11,6
2016,11,6
2016,11,6
2016,11,6
2016,11,6
2016,11,6
2016,11,6
2016,11,6
2016,11,6
2016,11,6
2016,11,6
2016,11,6
2016,11,6
2016,11,6
2016,11,6
2016,11,6
2016,11,6
2016,11,6
2016,11,6
2016,11,6
2016,11,6
2016,11,6
2016,11,6
2016,11,6
2016,11,6
2016,11,6
2016,11,6
2016,11,6
2016,11,6
2016,11,6
2016,11,6
2016,11,6
2016,11,6
2016,11,6
2016,11,6
2016,11,6
2016,11,6
2016,11,6
2016,11,6
2016,11,6
2016,11,6
2016,11,6
2016,11,6
2016,11,6
2016,11,6
2016,11,6
2016,11,6
2016,11,6
2016,11,6
2016,11,6
2016,11,6
2016,11,6
2016,11,6
2016,11,6
2016,11,6
2016,11,6
2016,11,6
2016,11,6
2016,11,6
2016,11,6
2016,11,6
2016,11,6
2016,11,6
2016,11,6
2016,11,6
2016,11,6
2016,11,6
2016,11,6
2016,11,6
2016,11,6
2016,11,6
2016,11,6
2016,11,6
2016,11,6
2016,11,6
2016,11,6
2016,11,6
2016,11,6
2016,11,6
2016,11,6
2016,11,6
2016,11,6
2016,11,6
2016,11,6
2016,11,6
2016,11,6
2016,11,6
2016,11,6
2016,11,6
2016,11,6
2016,11,6
2016,11,6
2016,11,6
2016,11,6
2016,11,6
2016,11,6
2016,11,6
2016,11,6
2016,11,6
2016,11,6
2016,11,6
2016,11,6
2016,11,6
2016,11,6
2016,11,6
2016,11,6
2016,11,6
2016,11,6
2016,11,6
2016,11,6
2016,11,6
2016,11,6
2016,11,6
2016,11,6
2016,11,6
2016,11,6
2016,11,6
2016,11,6
2016,11,6
2016,11,6
2016,11,6
2016,11,6
2016,11,6
2016,11,6
2016,11,6
2016,11,6
2016,11,6
2016,11,6
2016,11,6
2016,11,6
2016,11,6
2016,11,6
2016,11,6
2016,11,6
2016,11,6
2016,11,6
2016,11,6
2016,11,6
2016,11,6
2016,11,6
2016,11,6
2016,11,6
2016,11,6
2016,11,6
2016,11,6
2016,11,6
2016,11,6
2016,11,6
2016,11,6
2016,11,6
2016,11,6
2016,11,6
2016,11,6
2016,11,6
2016,11,6
2016,11,6
2016,11,6
2016,11,6
2016,11,6
2016,11,6
2016,11,6
2016,11,6
2016,11,6
2016,11,6
2016,11,6
2016,11,6
2016,11,6
2016,11,6
2016,11,6
2016,11,6
2016,11,6
2016,11,6
2016,11,6
2016,11,6
2016,11,6
2016,11,6
2016,11,6
2016,11,6
2016,11,6
2016,11,6
2016,11,6
2016,11,6
2016,11,6
2016,11,6
2016,11,6
2016,11,6
2016,11,6
2016,11,6
2016,11,6
2016,11,6
2016,11,6
2016,11,6
2016,11,6
2016,11,6
2016,11,6
2016,11,6
2016,11,6
2016,11,6
2016,11,6
2016,11,6
2016,11,6
2016,11,6
2016,11,6
2016,11,6
2016,11,6
2016,11,6
2016,11,6
2016,11,6
2016,11,6
2016,11,6
2016,11,6
2016,11,6
2016,11,6
2016,11,6
2016,11,6
2016,11,6
2016,11,6
2016,11,6
2016,11,6
2016,11,6
2016,11,6
2016,11,6
2016,11,6
2016,11,6
2016,11,6
2016,11,6
2016,11,6
2016,11,6
2016,11,6
2016,11,6
2016,11,6
2016,11,6
2016,11,6
2016,11,6
2016,11,6
2016,11,6
2016,11,6
2016,11,6
2016,11,6
2016,11,6
2016,11,6
2016,11,6
2016,11,6
2016,11,6
2016,11,6
2016,11,6
2016,11,6
2016,11,6
2016,11,6
2016,11,6
2016,11,6
2016,11,6
2016,11,6
2016,11,6
2016,11,6
2016,11,6
2016,11,6
2016,11,6
2016,11,6
2016,11,6
2016,11,6
2016,11,6
2016,11,6
2016,11,6
2016,11,6
2016,11,6
2016,11,6
2016,11,6
2016,11,6
2016,11,6
2016,11,6
2016,11,6
2016,11,6
2016,11,6
2016,11,6
2016,11,6
2016,11,6
2016,11,6
2016,11,6
2016,11,6
2016,11,6
2016,11,6
2016,11,6
2016,11,6
2016,11,6
2016,11,6
2016,11,6
2016,11,6
2016,11,6
2016,11,6
2016,11,6
2016,11,6
2016,11,6
2016,11,6
2016,11,6
2016,11,6
2016,11,6
2016,11,6
2016,11,6
2016,11,6
2016,11,6
2016,11,6
2016,11,6
2016,11,6
2016,11,6
2016,11,6
2016,11,6
2016,11,6
2016,11,6
2016,11,6
2016,11,6
2016,11,6
2016,11,6
2016,11,6
2016,11,6
2016,11,6
2016,11,6
2016,11,6
2016,11,6
2016,11,6
2016,11,6
2016,11,6
2016,11,6
2016,11,6
2016,11,6
2016,11,6
2016,11,6
2016,11,6
2016,11,6
2016,11,6
2016,11,6
2016,11,6
2016,11,6
2016,11,6
2016,11,6
2016,11,6
2016,11,6
2016,11,6
2016,11,6
2016,11,6
2016,11,6
2016,11,6
2016,11,6
2016,11,6
2016,11,6
2016,11,6
2016,11,6
2016,11,6
2016,11,6
2016,11,6
2016,11,6
2016,11,6
2016,11,6
2016,11,6
2016,11,6
2016,11,6
2016,11,6
2016,11,6
2016,11,6
2016,11,6
2016,11,6
2016,11,6
2016,11,6
2016,11,6
2016,11,6
2016,11,6
2016,11,6
2016,11,6
2016,11,6
2016,11,6
2016,11,6
2016,11,6
2016,11,6
2016,11,6
2016,11,6
2016,11,6
2016,11,6
2016,11,6
2016,11,6
2016,11,6
2016,11,6
2016,11,6
2016,11,6
2016,11,6
2016,11,6
2016,11,6
2016,11,6
2016,11,6
2016,11,6
2016,11,6
2016,11,6
2016,11,6
2016,11,6
2016,11,6
2016,11,6
2016,11,6
2016,11,6
2016,11,6
2016,11,6
2016,11,6
2016,11,6
2016,11,6
2016,11,6
2016,11,6
2016,11,6
2016,11,6
2016,11,6
2016,11,6
2016,11,6
2016,11,6
2016,11,6
2016,11,6
2016,11,6
2016,11,6
2016,11,6
2016,11,6
2016,11,6
2016,11,6
2016,11,6
2016,11,6
2016,11,6
2016,11,6
2016,11,6
2016,11,6
2016,11,6
2016,11,6
2016,11,6
2016,11,6
2016,11,6
2016,11,6
2016,11,6
2016,11,6
2016,11,6
2016,11,6
2016,11,6
2016,11,6
2016,11,6
2016,11,6
2016,11,6
2016,11,6
2016,11,6
2016,11,6
2016,11,6
2016,11,6
2016,11,6
2016,11,6
2016,11,6
2016,11,6
2016,11,6
2016,11,6
2016,11,6
2016,11,6
2016,11,6
2016,11,6
2016,11,6
2016,11,6
2016,11,6
2016,11,6
2016,11,6
2016,11,6
2016,11,6
2016,11,6
2016,11,6
2016,11,6
2016,11,6
2016,11,6
2016,11,6
2016,11,6
2016,11,6
2016,11,6
2016,11,6
2016,11,6
2016,11,6
2016,11,6
2016,11,6
2016,11,6
2016,11,6
2016,11,6
2016,11,6
2016,11,6
2016,11,6
2016,11,6
2016,11,6
2016,11,6
2016,11,6
2016,11,6
2016,11,6
2016,11,6
2016,11,6
2016,11,6
2016,11,6
2016,11,6
2016,11,6
2016,11,6
2016,11,6
2016,11,6
2016,11,6
2016,11,6
2016,11,6
2016,11,6
2016,11,6
2016,11,6
2016,11,6
2016,11,6
2016,11,6
2016,11,6
2016,11,6
2016,11,6
2016,11,6
2016,11,6
2016,11,6
2016,11,6
2016,11,6
2016,11,6
2016,11,6
2016,11,6
2016,11,6
2016,11,6
2016,11,6
2016,11,6
2016,11,6
2016,11,6
2016,11,6
2016,11,6
2016,11,6
2016,11,6
2016,11,6
2016,11,6
2016,11,6
2016,11,6
2016,11,6
2016,11,6
2016,11,6
2016,11,6
2016,11,6
2016,11,6
2016,11,6
2016,11,6
2016,11,6
2016,11,6
2016,11,6
2016,11,6
2016,11,6
2016,11,6
2016,11,6
2016,11,6
2016,11,6
2016,11,6
2016,11,6
2016,11,6
2016,11,6
2016,11,6
2016,11,6
2016,11,6
2016,11,6
2016,11,6
2016,11,6
2016,11,6
2016,11,6
2016,11,6
2016,11,6
2016,11,6
2016,11,6
2016,11,6
2016,11,6
2016,11,6
2016,11,6
2016,11,6
2016,11,6
2016,11,6
2016,11,6
2016,11,6
2016,11,6
2016,11,6
2016,11,6
2016,11,6
2016,11,6
2016,11,6
2016,11,6
2016,11,6
2016,11,6
2016,11,6
2016,11,6
2016,11,6
2016,11,6
2016,11,6
2016,11,6
2016,11,6
2016,11,6
2016,11,6
2016,11,6
2016,11,6
2016,11,6
2016,11,6
2016,11,6
2016,11,6
2016,11,6
2016,11,6
2016,11,6
2016,11,6
2016,11,6
2016,11,6
2016,11,6
2016,11,6
2016,11,6
2016,11,6
2016,11,6
2016,11,6
2016,11,6
2016,11,6
2016,11,6
2016,11,6
2016,11,6
2016,11,6
2016,11,6
2016,11,6
2016,11,6
2016,11,6
2016,11,6
2016,11,6
2016,11,6
2016,11,6
2016,11,6
2016,11,6
2016,11,6
2016,11,6
2016,11,6
2016,11,6
2016,11,6
2016,11,6
2016,11,6
2016,11,6
2016,11,6
2016,11,6
2016,11,6
2016,11,6
2016,11,6
2016,11,6
2016,11,6
2016,11,6
2016,11,6
2016,11,6
2016,11,6
2016,11,6
2016,11,6
2016,11,6
2016,11,6
2016,11,6
2016,11,6
2016,11,6
2016,11,6
2016,11,6
2016,11,6
2016,11,6
2016,11,6
2016,11,6
2016,11,6
2016,11,6
2016,11,6
2016,11,6
2016,11,6
2016,11,6
2016,11,6
2016,11,6
2016,11,6
2016,11,6
2016,11,6
2016,11,6
2016,11,6
2016,11,6
2016,11,6
2016,11,6
2016,11,6
2016,11,6
2016,11,6
2016,11,6
2016,11,6
2016,11,6
2016,11,6
2016,11,6
2016,11,6
2016,11,6
2016,11,6
2016,11,6
2016,11,6
2016,11,6
2016,11,6
2016,11,6
2016,11,6
2016,11,6
2016,11,6
2016,11,6
2016,11,6
2016,11,6
2016,11,6
2016,11,6
2016,11,6
2016,11,6
2016,11,6
2016,11,6
2016,11,6
2016,11,6
2016,11,6
2016,11,6
2016,11,6
2016,11,6
2016,11,6
2016,11,6
2016,11,6
2016,11,6
2016,11,6
2016,11,6
2016,11,6
2016,11,6
2016,11,6
2016,11,6
2016,11,6
2016,11,6
2016,11,6
2016,11,6
2016,11,6
2016,11,6
2016,11,6
2016,11,6
2016,11,6
2016,11,6
2016,11,6
2016,11,6
2016,11,6
2016,11,6
2016,11,6
2016,11,6
2016,11,6
2016,11,6
2016,11,6
2016,11,6
2016,11,6
2016,11,6
2016,11,6
2016,11,6
2016,11,6
2016,11,6
2016,11,6
2016,11,6
2016,11,6
2016,11,6
2016,11,6
2016,11,6
2016,11,6
2016,11,6
2016,11,6
2016,11,6
2016,11,6
2016,11,6
2016,11,6
2016,11,6
2016,11,6
2016,11,6
2016,11,6
2016,11,6
2016,11,6
2016,11,6
2016,11,6
2016,11,6
2016,11,6
2016,11,6
2016,11,6
2016,11,6
2016,11,6
2016,11,6
2016,11,6
2016,11,6
2016,11,6
2016,11,6
2016,11,6
2016,11,6
2016,11,6
2016,11,6
2016,11,6
2016,11,6
2016,11,6
2016,11,6
2016,11,6
2016,11,6
2016,11,6
2016,11,6
2016,11,6
2016,11,6
2016,11,6
2016,11,6
2016,11,6
2016,11,6
2016,11,6
2016,11,6
2016,11,6
2016,11,6
2016,11,6
2016,11,6
2016,11,6
2016,11,6
2016,11,6
2016,11,6
2016,11,6
2016,11,6
2016,11,6
2016,11,6
2016,11,6
2016,11,6
2016,11,6
2016,11,6
2016,11,6
2016,11,6
2016,11,6
2016,11,6
2016,11,6
2016,11,6
2016,11,6
2016,11,6
2016,11,6
2016,11,6
2016,11,6
2016,11,6
2016,11,6
2016,11,6
2016,11,6
2016,11,6
2016,11,6
2016,11,6
2016,11,6
2016,11,6
2016,11,6
2016,11,6
2016,11,6
2016,11,6
2016,11,6
2016,11,6
2016,11,6
2016,11,6
2016,11,6
2016,11,6
2016,11,6
2016,11,6
2016,11,6
2016,11,6
2016,11,6
2016,11,6
2016,11,6
2016,11,6
2016,11,6
2016,11,6
2016,11,6
2016,11,6
2016,11,6
2016,11,6
2016,11,6
2016,11,6
2016,11,6
2016,11,6
2016,11,6
2016,11,6
2016,11,6
2016,11,6
2016,11,6
2016,11,6
2016,11,6
2016,11,6
2016,11,6
2016,11,6
2016,11,6
2016,11,6
2016,11,6
2016,11,6
2016,11,6
2016,11,6
2016,11,6
2016,11,6
2016,11,6
2016,11,6
2016,11,6
2016,11,6
2016,11,6
2016,11,6
2016,11,6
2016,11,6
2016,11,6
2016,11,6
2016,11,6
2016,11,6
2016,11,6
2016,11,6
2016,11,6
2016,11,6
2016,11,6
2016,11,6
2016,11,6
2016,11,6
2016,11,6
2016,11,6
2016,11,6
2016,11,6
2016,11,6
2016,11,6
2016,11,6
2016,11,6
2016,11,6
2016,11,6
2016,11,6
2016,11,6
2016,11,6
2016,11,6
2016,11,6
2016,11,6
2016,11,6
2016,11,6
2016,11,6
2016,11,6
2016,11,6
2016,11,6
2016,11,6
2016,11,6
2016,11,6
2016,11,6
2016,11,6
2016,11,6
2016,11,6
2016,11,6
2016,11,6
2016,11,6
2016,11,6
2016,11,6
2016,11,6
2016,11,6
2016,11,6
2016,11,6
2016,11,6
2016,11,6
2016,11,6
2016,11,6
2016,11,6
2016,11,6
2016,11,6
2016,11,6
2016,11,6
2016,11,6
2016,11,6
2016,11,6
2016,11,6
2016,11,6
2016,11,6
2016,11,6
2016,11,6
2016,11,6
2016,11,6
2016,11,6
2016,11,6
2016,11,6
2016,11,6
2016,11,6
2016,11,6
2016,11,6
2016,11,6
2016,11,6
2016,11,6
2016,11,6
2016,11,6
2016,11,6
2016,11,6
2016,11,6
2016,11,6
2016,11,6
2016,11,6
2016,11,6
2016,11,6
2016,11,6
2016,11,6
2016,11,6
2016,11,6
2016,11,6
2016,11,6
2016,11,6
2016,11,6
2016,11,6
2016,11,6
2016,11,6
2016,11,6
2016,11,6
2016,11,6
2016,11,6
2016,11,6
2016,11,6
2016,11,6
2016,11,6
2016,11,6
2016,11,6
2016,11,6
2016,11,6
2016,11,6
2016,11,6
2016,11,6
2016,11,6
2016,11,6
2016,11,6
2016,11,6
2016,11,6
2016,11,6
2016,11,6
2016,11,6
2016,11,6
2016,11,6
2016,11,6
2016,11,6
2016,11,6
2016,11,6
2016,11,6
2016,11,6
2016,11,6
2016,11,6
2016,11,6
2016,11,6
2016,11,6
2016,11,6
2016,11,6
2016,11,6
2016,11,6
2016,11,6
2016,11,6
2016,11,6
2016,11,6
2016,11,6
2016,11,6
2016,11,6
2016,11,6
2016,11,6
2016,11,6
2016,11,6
2016,11,6
2016,11,6
2016,11,6
2016,11,6
2016,11,6
2016,11,6
2016,11,6
2016,11,6
2016,11,6
2016,11,6
2016,11,6
2016,11,6
2016,11,6
2016,11,6
2016,11,6
2016,11,6
2016,11,6
2016,11,6
2016,11,6
2016,11,6
2016,11,6
2016,11,6
2016,11,6
2016,11,6
2016,11,6
2016,11,6
2016,11,6
2016,11,6
2016,11,6
2016,11,6
2016,11,6
2016,11,6
2016,11,6
2016,11,6
2016,11,6
2016,11,6
2016,11,6
2016,11,6
2016,11,6
2016,11,6
2016,11,6
2016,11,6
2016,11,6
2016,11,6
2016,11,6
2016,11,6
2016,11,6
2016,11,6
2016,11,6
2016,11,6
2016,11,6
2016,11,6
2016,11,6
2016,11,6
2016,11,6
2016,11,6
2016,11,6
2016,11,6
2016,11,6
2016,11,6
2016,11,6
2016,11,6
2016,11,6
2016,11,6
2016,11,6
2016,11,6
2016,11,6
2016,11,6
2016,11,6
2016,11,6
2016,11,6
2016,11,6
2016,11,6
2016,11,6
2016,11,6
2016,11,6
2016,11,6
2016,11,6
2016,11,6
2016,11,6
2016,11,6
2016,11,6
2016,11,6
2016,11,6
2016,11,6
2016,11,6
2016,11,6
2016,11,6
2016,11,6
2016,11,6
2016,11,6
2016,11,6
2016,11,6
2016,11,6
2016,11,6
2016,11,6
2016,11,6
2016,11,6
2016,11,6
2016,11,6
2016,11,6
2016,11,6
2016,11,6
2016,11,6
2016,11,6
2016,11,6
2016,11,6
2016,11,6
2016,11,6
2016,11,6
2016,11,6
2016,11,6
2016,11,6
2016,11,6
2016,11,6
2016,11,6
2016,11,6
2016,11,6
2016,11,6
2016,11,6
2016,11,6
2016,11,6
2016,11,6
2016,11,6
2016,11,6
2016,11,6
2016,11,6
2016,11,6
2016,11,6
2016,11,6
2016,11,6
2016,11,6
2016,11,6
2016,11,6
2016,11,6
2016,11,6
2016,11,6
2016,11,6
2016,11,6
2016,11,6
2016,11,6
2016,11,6
2016,11,6
2016,11,6
2016,11,6
2016,11,6
2016,11,6
2016,11,6
2016,11,6
2016,11,6
2016,11,6
2016,11,6
2016,11,6
2016,11,6
2016,11,6
2016,11,6
2016,11,6
2016,11,6
2016,11,6
2016,11,6
2016,11,6
2016,11,6
2016,11,6
2016,11,6
2016,11,6
2016,11,6
2016,11,6
2016,11,6
2016,11,6
2016,11,6
2016,11,6
2016,11,6
2016,11,6
2016,11,6
2016,11,6
2016,11,6
2016,11,6
2016,11,6
2016,11,6
2016,11,6
2016,11,6
2016,11,6
2016,11,6
2016,11,6
2016,11,6
2016,11,6
2016,11,6
2016,11,6
2016,11,6
2016,11,6
2016,11,6
2016,11,6
2016,11,6
2016,11,6
2016,11,6
2016,11,6
2016,11,6
2016,11,6
2016,11,6
2016,11,6
2016,11,6
2016,11,6
2016,11,6
2016,11,6
2016,11,6
2016,11,6
2016,11,6
2016,11,6
2016,11,6
2016,11,6
2016,11,6
2016,11,6
2016,11,6
2016,11,6
2016,11,6
2016,11,6
2016,11,6
2016,11,6
2016,11,6
2016,11,6
2016,11,6
2016,11,6
2016,11,6
2016,11,6
2016,11,6
2016,11,6
2016,11,6
2016,11,6
2016,11,6
2016,11,6
2016,11,6
2016,11,6
2016,11,6
2016,11,6
2016,11,6
2016,11,6
2016,11,6
2016,11,6
2016,11,6
2016,11,6
2016,11,6
2016,11,6
2016,11,6
2016,11,6
2016,11,6
2016,11,6
2016,11,6
2016,11,6
2016,11,6
2016,11,6
2016,11,6
2016,11,6
2016,11,6
2016,11,6
2016,11,6
2016,11,6
2016,11,6
2016,11,6
2016,11,6
2016,11,6
2016,11,6
2016,11,6
2016,11,6
2016,11,6
2016,11,6
2016,11,6
2016,11,6
2016,11,6
2016,11,6
2016,11,6
2016,11,6
2016,11,6
2016,11,6
2016,11,6
2016,11,6
2016,11,6
2016,11,6
2016,11,6
2016,11,6
2016,11,6
2016,11,6
2016,11,6
2016,11,6
2016,11,6
2016,11,6
2016,11,6
2016,11,6
2016,11,6
2016,11,6
2016,11,6
2016,11,6
2016,11,6
2016,11,6
2016,11,6
2016,11,6
2016,11,6
2016,11,6
2016,11,6
2016,11,6
2016,11,6
2016,11,6
2016,11,6
2016,11,6
2016,11,6
2016,11,6
2016,11,6
2016,11,6
2016,11,6
2016,11,6
2016,11,6
2016,11,6
2016,11,6
2016,11,6
2016,11,6
2016,11,6
2016,11,6
2016,11,6
2016,11,6
2016,11,6
2016,11,6
2016,11,6
2016,11,6
2016,11,6
2016,11,6
2016,11,6
2016,11,6
2016,11,6
2016,11,6
2016,11,6
2016,11,6
2016,11,6
2016,11,6
2016,11,6
2016,11,6
2016,11,6
2016,11,6
2016,11,6
2016,11,6
2016,11,6
2016,11,6
2016,11,6
2016,11,6
2016,11,6
2016,11,6
2016,11,6
2016,11,6
2016,11,6
2016,11,6
2016,11,6
2016,11,6
2016,11,6
2016,11,6
2016,11,6
2016,11,6
2016,11,6
2016,11,6
2016,11,6
2016,11,6
2016,11,6
2016,11,6
2016,11,6
2016,11,6
2016,11,6
2016,11,6
2016,11,6
2016,11,6
2016,11,6
2016,11,6
2016,11,6
2016,11,6
2016,11,6
2016,11,6
2016,11,6
2016,11,6
2016,11,6
2016,11,6
2016,11,6
2016,11,6
2016,11,6
2016,11,6
2016,11,6
2016,11,6
2016,11,6
2016,11,6
2016,11,6
2016,11,6
2016,11,6
2016,11,6
2016,11,6
2016,11,6
2016,11,6
2016,11,6
2016,11,6
2016,11,6
2016,11,6
2016,11,6
2016,11,6
2016,11,6
2016,11,6
2016,11,6
2016,11,6
2016,11,6
2016,11,6
2016,11,6
2016,11,6
2016,11,6
2016,11,6
2016,11,6
2016,11,6
2016,11,6
2016,11,6
2016,11,6
2016,11,6
2016,11,6
2016,11,6
2016,11,6
2016,11,6
2016,11,6
2016,11,6
2016,11,6
2016,11,6
2016,11,6
2016,11,6
2016,11,6
2016,11,6
2016,11,6
2016,11,6
2016,11,6
2016,11,6
2016,11,6
2016,11,6
2016,11,6
2016,11,6
2016,11,6
2016,11,6
2016,11,6
2016,11,6
2016,11,6
2016,11,6
2016,11,6
2016,11,6
2016,11,6
2016,11,6
2016,11,6
2016,11,6
2016,11,6
2016,11,6
2016,11,6
2016,11,6
2016,11,6
2016,11,6
2016,11,6
2016,11,6
2016,11,6
2016,11,6
2016,11,6
2016,11,6
2016,11,6
2016,11,6
2016,11,6
2016,11,6
2016,11,6
2016,11,6
2016,11,6
2016,11,6
2016,11,6
2016,11,6
2016,11,6
2016,11,6
2016,11,6
2016,11,6
2016,11,6
2016,11,6
2016,11,6
2016,11,6
2016,11,6
2016,11,6
2016,11,6
2016,11,6
2016,11,6
2016,11,6
2016,11,6
2016,11,6
2016,11,6
2016,11,6
2016,11,6
2016,11,6
2016,11,6
2016,11,6
2016,11,6
2016,11,6
2016,11,6
2016,11,6
2016,11,6
2016,11,6
2016,11,6
2016,11,6
2016,11,6
2016,11,6
2016,11,6
2016,11,6
2016,11,6
2016,11,6
2016,11,6
2016,11,6
2016,11,6
2016,11,6
2016,11,6
2016,11,6
2016,11,6
2016,11,6
2016,11,6
2016,11,6
2016,11,6
2016,11,6
2016,11,6
2016,11,6
2016,11,6
2016,11,6
2016,11,6
2016,11,6
2016,11,6
2016,11,6
2016,11,6
2016,11,6
2016,11,6
2016,11,6
2016,11,6
2016,11,6
2016,11,6
2016,11,6
2016,11,6
2016,11,6
2016,11,6
2016,11,6
2016,11,6
2016,11,6
2016,11,6
2016,11,6
2016,11,6
2016,11,6
2016,11,6
2016,11,6
2016,11,6
2016,11,6
2016,11,6
2016,11,6
2016,11,6
2016,11,6
2016,11,6
2016,11,6
2016,11,6
2016,11,6
2016,11,6
2016,11,6
2016,11,6
2016,11,6
2016,11,6
2016,11,6
2016,11,6
2016,11,6
2016,11,6
2016,11,6
2016,11,6
2016,11,6
2016,11,6
2016,11,6
2016,11,6
2016,11,6
2016,11,6
2016,11,6
2016,11,6
2016,11,6
2016,11,6
2016,11,6
2016,11,6
2016,11,6
2016,11,6
2016,11,6
2016,11,6
2016,11,6
2016,11,6
2016,11,6
2016,11,6
2016,11,6
2016,11,6
2016,11,6
2016,11,6
2016,11,6
2016,11,6
2016,11,6
2016,11,6
2016,11,6
2016,11,6
2016,11,6
2016,11,6
2016,11,6
2016,11,6
2016,11,6
2016,11,6
2016,11,6
2016,11,6
2016,11,6
2016,11,6
2016,11,6
2016,11,6
2016,11,6
2016,11,6
2016,11,6
2016,11,6
2016,11,6
2016,11,6
2016,11,6
2016,11,6
2016,11,6
2016,11,6
2016,11,6
2016,11,6
2016,11,6
2016,11,6
2016,11,6
2016,11,6
2016,11,6
2016,11,6
2016,11,6
2016,11,6
2016,11,6
2016,11,6
2016,11,6
2016,11,6
2016,11,6
2016,11,6
2016,11,6
2016,11,6
2016,11,6
2016,11,6
2016,11,6
2016,11,6
2016,11,6
2016,11,6
2016,11,6
2016,11,6
2016,11,6
2016,11,6
2016,11,6
2016,11,6
2016,11,6
2016,11,6
2016,11,6
2016,11,6
2016,11,6
2016,11,6
2016,11,6
2016,11,6
2016,11,6
2016,11,6
2016,11,6
2016,11,6
2016,11,6
2016,11,6
2016,11,6
2016,11,6
2016,11,6
2016,11,6
2016,11,6
2016,11,6
2016,11,6
2016,11,6
2016,11,6
2016,11,6
2016,11,6
2016,11,6
2016,11,6
2016,11,6
2016,11,6
2016,11,6
2016,11,6
2016,11,6
2016,11,6
2016,11,6
2016,11,6
2016,11,6
2016,11,6
2016,11,6
2016,11,6
2016,11,6
2016,11,6
2016,11,6
2016,11,6
2016,11,6
2016,11,6
2016,11,6
2016,11,6
2016,11,6
2016,11,6
2016,11,6
2016,11,6
2016,11,6
2016,11,6
2016,11,6
2016,11,6
2016,11,6
2016,11,6
2016,11,6
2016,11,6
2016,11,6
2016,11,6
2016,11,6
2016,11,6
2016,11,6
2016,11,6
2016,11,6
2016,11,6
2016,11,6
2016,11,6
2016,11,6
2016,11,6
2016,11,6
2016,11,6
2016,11,6
2016,11,6
2016,11,6
2016,11,6
2016,11,6
2016,11,6
2016,11,6
2016,11,6
2016,11,6
2016,11,6
2016,11,6
2016,11,6
2016,11,6
2016,11,6
2016,11,6
2016,11,6
2016,11,6
2016,11,6
2016,11,6
2016,11,6
2016,11,6
2016,11,6
2016,11,6
2016,11,6
2016,11,6
2016,11,6
2016,11,6
2016,11,6
2016,11,6
2016,11,6
2016,11,6
2016,11,6
2016,11,6
2016,11,6
2016,11,6
2016,11,6
2016,11,6
2016,11,6
2016,11,6
2016,11,6
2016,11,6
2016,11,6
2016,11,6
2016,11,6
2016,11,6
2016,11,6
2016,11,6
2016,11,6
2016,11,6
2016,11,6
2016,11,6
2016,11,6
2016,11,6
2016,11,6
2016,11,6
2016,11,6
2016,11,6
2016,11,6
2016,11,6
2016,11,6
2016,11,6
2016,11,6
2016,11,6
2016,11,6
2016,11,6
2016,11,6
2016,11,6
2016,11,6
2016,11,6
2016,11,6
2016,11,6
2016,11,6
2016,11,6
2016,11,6
2016,11,6
2016,11,6
2016,11,6
2016,11,6
2016,11,6
2016,11,6
2016,11,6
2016,11,6
2016,11,6
2016,11,6
2016,11,6
2016,11,6
2016,11,6
2016,11,6
2016,11,6
2016,11,6
2016,11,6
2016,11,6
2016,11,6
2016,11,6
2016,11,6
2016,11,6
2016,11,6
2016,11,6
2016,11,6
2016,11,6
2016,11,6
2016,11,6
2016,11,6
2016,11,6
2016,11,6
2016,11,6
2016,11,6
2016,11,6
2016,11,6
2016,11,6
2016,11,6
2016,11,6
2016,11,6
2016,11,6
2016,11,6
2016,11,6
2016,11,6
2016,11,6
2016,11,6
2016,11,6
2016,11,6
2016,11,6
2016,11,6
2016,11,6
2016,11,6
2016,11,6
2016,11,6
2016,11,6
2016,11,6
2016,11,6
2016,11,6
2016,11,6
2016,11,6
2016,11,6
2016,11,6
2016,11,6
2016,11,6
2016,11,6
2016,11,6
2016,11,6
2016,11,6
2016,11,6
2016,11,6
2016,11,6
2016,11,6
2016,11,6
2016,11,6
2016,11,6
2016,11,6
2016,11,6
2016,11,6
2016,11,6
2016,11,6
2016,11,6
2016,11,6
2016,11,6
2016,11,6
2016,11,6
2016,11,6
2016,11,6
2016,11,6
2016,11,6
2016,11,6
2016,11,6
2016,11,6
2016,11,6
2016,11,6
2016,11,6
2016,11,6
2016,11,6
2016,11,6
2016,11,6
2016,11,6
2016,11,6
2016,11,6
2016,11,6
2016,11,6
2016,11,6
2016,11,6
2016,11,6
2016,11,6
2016,11,6
2016,11,6
2016,11,6
2016,11,6
2016,11,6
2016,11,6
2016,11,6
2016,11,6
2016,11,6
2016,11,6
2016,11,6
2016,11,6
2016,11,6
2016,11,6
2016,11,6
2016,11,6
2016,11,6
2016,11,6
2016,11,6
2016,11,6
2016,11,6
2016,11,6
2016,11,6
2016,11,6
2016,11,6
2016,11,6
2016,11,6
2016,11,6
2016,11,6
2016,11,6
2016,11,6
2016,11,6
2016,11,6
2016,11,6
2016,11,6
2016,11,6
2016,11,6
2016,11,6
2016,11,6
2016,11,6
2016,11,6
2016,11,6
2016,11,6
2016,11,6
2016,11,6
2016,11,6
2016,11,6
2016,11,6
2016,11,6
2016,11,6
2016,11,6
2016,11,6
2016,11,6
2016,11,6
2016,11,6
2016,11,6
2016,11,6
2016,11,6
2016,11,6
2016,11,6
2016,11,6
2016,11,6
2016,11,6
2016,11,6
2016,11,6
2016,11,6
2016,11,6
2016,11,6
2016,11,6
2016,11,6
2016,11,6
2016,11,6
2016,11,6
2016,11,6
2016,11,6
2016,11,6
2016,11,6
2016,11,6
2016,11,6
2016,11,6
2016,11,6
2016,11,6
2016,11,6
2016,11,6
2016,11,6
2016,11,6
2016,11,6
2016,11,6
2016,11,6
2016,11,6
2016,11,6
2016,11,6
2016,11,6
2016,11,6
2016,11,6
2016,11,6
2016,11,6
2016,11,6
2016,11,6
2016,11,6
2016,11,6
2016,11,6
2016,11,6
2016,11,6
2016,11,6
2016,11,6
2016,11,6
2016,11,6
2016,11,6
2016,11,6
2016,11,6
2016,11,6
2016,11,6
2016,11,6
2016,11,6
2016,11,6
2016,11,6
2016,11,6
2016,11,6
2016,11,6
2016,11,6
2016,11,6
2016,11,6
2016,11,6
2016,11,6
2016,11,6
2016,11,6
2016,11,6
2016,11,6
2016,11,6
2016,11,6
2016,11,6
2016,11,6
2016,11,6
2016,11,6
2016,11,6
2016,11,6
2016,11,6
2016,11,6
2016,11,6
2016,11,6
2016,11,6
2016,11,6
2016,11,6
2016,11,6
2016,11,6
2016,11,6
2016,11,6
2016,11,6
2016,11,6
2016,11,6
2016,11,6
2016,11,6
2016,11,6
2016,11,6
2016,11,6
2016,11,6
2016,11,6
2016,11,6
2016,11,6
2016,11,6
2016,11,6
2016,11,6
2016,11,6
2016,11,6
2016,11,6
2016,11,6
2016,11,6
2016,11,6
2016,11,6
2016,11,6
2016,11,6
2016,11,6
2016,11,6
2016,11,6
2016,11,6
2016,11,6
2016,11,6
2016,11,6
2016,11,6
2016,11,6
2016,11,6
2016,11,6
2016,11,6
2016,11,6
2016,11,6
2016,11,6
2016,11,6
2016,11,6
2016,11,6
2016,11,6
2016,11,6
2016,11,6
2016,11,6
2016,11,6
2016,11,6
2016,11,6
2016,11,6
2016,11,6
2016,11,6
2016,11,6
2016,11,6
2016,11,6
2016,11,6
2016,11,6
2016,11,6
2016,11,6
2016,11,6
2016,11,6
2016,11,6
2016,11,6
2016,11,6
2016,11,6
2016,11,6
2016,11,6
2016,11,6
2016,11,6
2016,11,6
2016,11,6
2016,11,6
2016,11,6
2016,11,6
2016,11,6
2016,11,6
2016,11,6
2016,11,6
2016,11,6
2016,11,6
2016,11,6
2016,11,6
2016,11,6
2016,11,6
2016,11,6
2016,11,6
2016,11,6
2016,11,6
2016,11,6
2016,11,6
2016,11,6
2016,11,6
2016,11,6
2016,11,6
2016,11,6
2016,11,6
2016,11,6
2016,11,6
2016,11,6
2016,11,6
2016,11,6
2016,11,6
2016,11,6
2016,11,6
2016,11,6
2016,11,6
2016,11,6
2016,11,6
2016,11,6
2016,11,6
2016,11,6
2016,11,6
2016,11,6
2016,11,6
2016,11,6
2016,11,6
2016,11,6
2016,11,6
2016,11,6
2016,11,6
2016,11,6
2016,11,6
2016,11,6
2016,11,6
2016,11,6
2016,11,6
2016,11,6
2016,11,6
2016,11,6
2016,11,6
2016,11,6
2016,11,6
2016,11,6
2016,11,6
2016,11,6
2016,11,6
2016,11,6
2016,11,6
2016,11,6
2016,11,6
2016,11,6
2016,11,6
2016,11,6
2016,11,6
2016,11,6
2016,11,6
2016,11,6
2016,11,6
2016,11,6
2016,11,6
2016,11,6
2016,11,6
2016,11,6
2016,11,6
2016,11,6
2016,11,6
2016,11,6
2016,11,6
2016,11,6
2016,11,6
2016,11,6
2016,11,6
2016,11,6
2016,11,6
2016,11,6
2016,11,6
2016,11,6
2016,11,6
2016,11,6
2016,11,6
2016,11,6
2016,11,6
2016,11,6
2016,11,6
2016,11,6
2016,11,6
2016,11,6
2016,11,6
2016,11,6
2016,11,6
2016,11,6
2016,11,6
2016,11,6
2016,11,6
2016,11,6
2016,11,6
2016,11,6
2016,11,6
2016,11,6
2016,11,6
2016,11,6
2016,11,6
2016,11,6
2016,11,6
2016,11,6
2016,11,6
2016,11,6
2016,11,6
2016,11,6
2016,11,6
2016,11,6
2016,11,6
2016,11,6
2016,11,6
2016,11,6
2016,11,6
2016,11,6
2016,11,6
2016,11,6
2016,11,6
2016,11,6
2016,11,6
2016,11,6
2016,11,6
2016,11,6
2016,11,6
2016,11,6
2016,11,6
2016,11,6
2016,11,6
2016,11,6
2016,11,6
2016,11,6
2016,11,6
2016,11,6
2016,11,6
2016,11,6
2016,11,6
2016,11,6
2016,11,6
2016,11,6
2016,11,6
2016,11,6
2016,11,6
2016,11,6
2016,11,6
2016,11,6
2016,11,6
2016,11,6
2016,11,6
2016,11,6
2016,11,6
2016,11,6
2016,11,6
2016,11,6
2016,11,6
2016,11,6
2016,11,6
2016,11,6
2016,11,6
2016,11,6
2016,11,6
2016,11,6
2016,11,6
2016,11,6
2016,11,6
2016,11,6
2016,11,6
2016,11,6
2016,11,6
2016,11,6
2016,11,6
2016,11,6
2016,11,6
2016,11,6
2016,11,6
2016,11,6
2016,11,6
2016,11,6
2016,11,6
2016,11,6
2016,11,6
2016,11,6
2016,11,6
2016,11,6
2016,11,6
2016,11,6
2016,11,6
2016,11,6
2016,11,6
2016,11,6
2016,11,6
2016,11,6
2016,11,6
2016,11,6
2016,11,6
2016,11,6
2016,11,6
2016,11,6
2016,11,6
2016,11,6
2016,11,6
2016,11,6
2016,11,6
2016,11,6
2016,11,6
2016,11,6
2016,11,6
2016,11,6
2016,11,6
2016,11,6
2016,11,6
2016,11,6
2016,11,6
2016,11,6
2016,11,6
2016,11,6
2016,11,6
2016,11,6
2016,11,6
2016,11,6
2016,11,6
2016,11,6
2016,11,6
2016,11,6
2016,11,6
2016,11,6
2016,11,6
2016,11,6
2016,11,6
2016,11,6
2016,11,6
2016,11,6
2016,11,6
2016,11,6
2016,11,6
2016,11,6
2016,11,6
2016,11,6
2016,11,6
2016,11,6
2016,11,6
2016,11,6
2016,11,6
2016,11,6
2016,11,6
2016,11,6
2016,11,6
2016,11,6
2016,11,6
2016,11,6
2016,11,6
2016,11,6
2016,11,6
2016,11,6
2016,11,6
2016,11,6
2016,11,6
2016,11,6
2016,11,6
2016,11,6
2016,11,6
2016,11,6
2016,11,6
2016,11,6
2016,11,6
2016,11,6
2016,11,6
2016,11,6
2016,11,6
2016,11,6
2016,11,6
2016,11,6
2016,11,6
2016,11,6
2016,11,6
2016,11,6
2016,11,6
2016,11,6
2016,11,6
2016,11,6
2016,11,6
2016,11,6
2016,11,6
2016,11,6
2016,11,6
2016,11,6
2016,11,6
2016,11,6
2016,11,6
2016,11,6
2016,11,6
2016,11,6
2016,11,6
2016,11,6
2016,11,6
2016,11,6
2016,11,6
2016,11,6
2016,11,6
2016,11,6
2016,11,6
2016,11,6
2016,11,6
2016,11,6
2016,11,6
2016,11,6
2016,11,6
2016,11,6
2016,11,6
2016,11,6
2016,11,6
2016,11,6
2016,11,6
2016,11,6
2016,11,6
2016,11,6
2016,11,6
2016,11,6
2016,11,6
2016,11,6
2016,11,6
2016,11,6
2016,11,6
2016,11,6
2016,11,6
2016,11,6
2016,11,6
2016,11,6
2016,11,6
2016,11,6
2016,11,6
2016,11,6
2016,11,6
2016,11,6
2016,11,6
2016,11,6
2016,11,6
2016,11,6
2016,11,6
2016,11,6
2016,11,6
2016,11,6
2016,11,6
2016,11,6
2016,11,6
2016,11,6
2016,11,6
2016,11,6
2016,11,6
2016,11,6
2016,11,6
2016,11,6
2016,11,6
2016,11,6
2016,11,6
2016,11,6
2016,11,6
2016,11,6
2016,11,6
2016,11,6
2016,11,6
2016,11,6
2016,11,6
2016,11,6
2016,11,6
2016,11,6
2016,11,6
2016,11,6
2016,11,6
2016,11,6
2016,11,6
2016,11,6
2016,11,6
2016,11,6
2016,11,6
2016,11,6
2016,11,6
2016,11,6
2016,11,6
2016,11,6
2016,11,6
2016,11,6
2016,11,6
2016,11,6
2016,11,6
2016,11,6
2016,11,6
2016,11,6
2016,11,6
2016,11,6
2016,11,6
2016,11,6
2016,11,6
2016,11,6
2016,11,6
2016,11,6
2016,11,6
2016,11,6
2016,11,6
2016,11,6
2016,11,6
2016,11,6
2016,11,6
2016,11,6
2016,11,6
2016,11,6
2016,11,6
2016,11,6
2016,11,6
2016,11,6
2016,11,6
2016,11,6
2016,11,6
2016,11,6
2016,11,6
2016,11,6
2016,11,6
2016,11,6
2016,11,6
2016,11,6
2016,11,6
2016,11,6
2016,11,6
2016,11,6
2016,11,6
2016,11,6
2016,11,6
2016,11,6
2016,11,6
2016,11,6
2016,11,6
2016,11,6
2016,11,6
2016,11,6
2016,11,6
2016,11,6
2016,11,6
2016,11,6
2016,11,6
2016,11,6
2016,11,6
2016,11,6
2016,11,6
2016,11,6
2016,11,6
2016,11,6
2016,11,6
2016,11,6
2016,11,6
2016,11,6
2016,11,6
2016,11,6
2016,11,6
2016,11,6
2016,11,6
2016,11,6
2016,11,6
2016,11,6
2016,11,6
2016,11,6
2016,11,6
2016,11,6
2016,11,6
2016,11,6
2016,11,6
2016,11,6
2016,11,6
2016,11,6
2016,11,6
2016,11,6
2016,11,6
2016,11,6
2016,11,6
2016,11,6
2016,11,6
2016,11,6
2016,11,6
2016,11,6
2016,11,6
2016,11,6
2016,11,6
2016,11,6
2016,11,6
2016,11,6
2016,11,6
2016,11,6
2016,11,6
2016,11,6
2016,11,6
2016,11,6
2016,11,6
2016,11,6
2016,11,6
2016,11,6
2016,11,6
2016,11,6
2016,11,6
2016,11,6
2016,11,6
2016,11,6
2016,11,6
2016,11,6
2016,11,6
2016,11,6
2016,11,6
2016,11,6
2016,11,6
2016,11,6
2016,11,6
2016,11,6
2016,11,6
2016,11,6
2016,11,6
2016,11,6
2016,11,6
2016,11,6
2016,11,6
2016,11,6
2016,11,6
2016,11,6
2016,11,6
2016,11,6
2016,11,6
2016,11,6
2016,11,6
2016,11,6
2016,11,6
2016,11,6
2016,11,6
2016,11,6
2016,11,6
2016,11,6
2016,11,6
2016,11,6
2016,11,6
2016,11,6
2016,11,6
2016,11,6
2016,11,6
2016,11,6
2016,11,6
2016,11,6
2016,11,6
2016,11,6
2016,11,6
2016,11,6
2016,11,6
2016,11,6
2016,11,6
2016,11,6
2016,11,6
2016,11,6
2016,11,6
2016,11,6
2016,11,6
2016,11,6
2016,11,6
2016,11,6
2016,11,6
2016,11,6
2016,11,6
2016,11,6
2016,11,6
2016,11,6
2016,11,6
2016,11,6
2016,11,6
2016,11,6
2016,11,6
2016,11,6
2016,11,6
2016,11,6
2016,11,6
2016,11,6
2016,11,6
2016,11,6
2016,11,6
2016,11,6
2016,11,6
2016,11,6
2016,11,6
2016,11,6
2016,11,6
2016,11,6
2016,11,6
2016,11,6
2016,11,6
2016,11,6
2016,11,6
2016,11,6
2016,11,6
2016,11,6
2016,11,6
2016,11,6
2016,11,6
2016,11,6
2016,11,6
2016,11,6
2016,11,6
2016,11,6
2016,11,6
2016,11,6
2016,11,6
2016,11,6
2016,11,6
2016,11,6
2016,11,6
2016,11,6
2016,11,6
2016,11,6
2016,11,6
2016,11,6
2016,11,6
2016,11,6
2016,11,6
2016,11,6
2016,11,6
2016,11,6
2016,11,6
2016,11,6
2016,11,6
2016,11,6
2016,11,6
2016,11,6
2016,11,6
2016,11,6
2016,11,6
2016,11,6
2016,11,6
2016,11,6
2016,11,6
2016,11,6
2016,11,6
2016,11,6
2016,11,6
2016,11,6
2016,11,6
2016,11,6
2016,11,6
2016,11,6
2016,11,6
2016,11,6
2016,11,6
2016,11,6
2016,11,6
2016,11,6
2016,11,6
2016,11,6
2016,11,6
2016,11,6
2016,11,6
2016,11,6
2016,11,6
2016,11,6
2016,11,6
2016,11,6
2016,11,6
2016,11,6
2016,11,6
2016,11,6
2016,11,6
2016,11,6
2016,11,6
2016,11,6
2016,11,6
2016,11,6
2016,11,6
2016,11,6
2016,11,6
2016,11,6
2016,11,6
2016,11,6
2016,11,6
2016,11,6
2016,11,6
2016,11,6
2016,11,6
2016,11,6
2016,11,6
2016,11,6
2016,11,6
2016,11,6
2016,11,6
2016,11,6
2016,11,6
2016,11,6
2016,11,6
2016,11,6
2016,11,6
2016,11,6
2016,11,6
2016,11,6
2016,11,6
2016,11,6
2016,11,6
2016,11,6
2016,11,6
2016,11,6
2016,11,6
2016,11,6
2016,11,6
2016,11,6
2016,11,6
2016,11,6
2016,11,6
2016,11,6
2016,11,6
2016,11,6
2016,11,6
2016,11,6
2016,11,6
2016,11,6
2016,11,6
2016,11,6
2016,11,6
2016,11,6
2016,11,6
2016,11,6
2016,11,6
2016,11,6
2016,11,6
2016,11,6
2016,11,6
2016,11,6
2016,11,6
2016,11,6
2016,11,6
2016,11,6
2016,11,6
2016,11,6
2016,11,6
2016,11,6
2016,11,6
2016,11,6
2016,11,6
2016,11,6
2016,11,6
2016,11,6
2016,11,6
2016,11,6
2016,11,6
2016,11,6
2016,11,6
2016,11,6
2016,11,6
2016,11,6
2016,11,6
2016,11,6
2016,11,6
2016,11,6
2016,11,6
2016,11,6
2016,11,6
2016,11,6
2016,11,6
2016,11,6
2016,11,6
2016,11,6
2016,11,6
2016,11,6
2016,11,6
2016,11,6
2016,11,6
2016,11,6
2016,11,6
2016,11,6
2016,11,6
2016,11,6
2016,11,6
2016,11,6
2016,11,6
2016,11,6
2016,11,6
2016,11,6
2016,11,6
2016,11,6
2016,11,6
2016,11,6
2016,11,6
2016,11,6
2016,11,6
2016,11,6
2016,11,6
2016,11,6
2016,11,6
2016,11,6
2016,11,6
2016,11,6
2016,11,6
2016,11,6
2016,11,6
2016,11,6
2016,11,6
2016,11,6
2016,11,6
2016,11,6
2016,11,6
2016,11,6
2016,11,6
2016,11,6
2016,11,6
2016,11,6
2016,11,6
2016,11,6
2016,11,6
2016,11,6
2016,11,6
2016,11,6
2016,11,6
2016,11,6
2016,11,6
2016,11,6
2016,11,6
2016,11,6
2016,11,6
2016,11,6
2016,11,6
2016,11,6
2016,11,6
2016,11,6
2016,11,6
2016,11,6
2016,11,6
2016,11,6
2016,11,6
2016,11,6
2016,11,6
2016,11,6
2016,11,6
2016,11,6
2016,11,6
2016,11,6
2016,11,6
2016,11,6
2016,11,6
2016,11,6
2016,11,6
2016,11,6
2016,11,6
2016,11,6
2016,11,6
2016,11,6
2016,11,6
2016,11,6
2016,11,6
2016,11,6
2016,11,6
2016,11,6
2016,11,6
2016,11,6
2016,11,6
2016,11,6
2016,11,6
2016,11,6
2016,11,6
2016,11,6
2016,11,6
2016,11,6
2016,11,6
2016,11,6
2016,11,6
2016,11,6
2016,11,6
2016,11,6
2016,11,6
2016,11,6
2016,11,6
2016,11,6
2016,11,6
2016,11,6
2016,11,6
2016,11,6
2016,11,6
2016,11,6
2016,11,6
2016,11,6
2016,11,6
2016,11,6
2016,11,6
2016,11,6
2016,11,6
2016,11,6
2016,11,6
2016,11,6
2016,11,6
2016,11,6
2016,11,6
2016,11,6
2016,11,6
2016,11,6
2016,11,6
2016,11,6
2016,11,6
2016,11,6
2016,11,6
2016,11,6
2016,11,6
2016,11,6
2016,11,6
2016,11,6
2016,11,6
2016,11,6
2016,11,6
2016,11,6
2016,11,6
2016,11,6
2016,11,6
2016,11,6
2016,11,6
2016,11,6
2016,11,6
2016,11,6
2016,11,6
2016,11,6
2016,11,6
2016,11,6
2016,11,6
2016,11,6
2016,11,6
2016,11,6
2016,11,6
2016,11,6
2016,11,6
2016,11,6
2016,11,6
2016,11,6
2016,11,6
2016,11,6
2016,11,6
2016,11,6
2016,11,6
2016,11,6
2016,11,6
2016,11,6
2016,11,6
2016,11,6
2016,11,6
2016,11,6
2016,11,6
2016,11,6
2016,11,6
2016,11,6
2016,11,6
2016,11,6
2016,11,6
2016,11,6
2016,11,6
2016,11,6
2016,11,6
2016,11,6
2016,11,6
2016,11,6
2016,11,6
2016,11,6
2016,11,6
2016,11,6
2016,11,6
2016,11,6
2016,11,6
2016,11,6
2016,11,6
2016,11,6
2016,11,6
2016,11,6
2016,11,6
2016,11,6
2016,11,6
2016,11,6
2016,11,6
2016,11,6
2016,11,6
2016,11,6
2016,11,6
2016,11,6
2016,11,6
2016,11,6
2016,11,6
2016,11,6
2016,11,6
2016,11,6
2016,11,6
2016,11,6
2016,11,6
2016,11,6
2016,11,6
2016,11,6
2016,11,6
2016,11,6
2016,11,6
2016,11,6
2016,11,6
2016,11,6
2016,11,6
2016,11,6
2016,11,6
2016,11,6
2016,11,6
2016,11,6
2016,11,6
2016,11,6
2016,11,6
2016,11,6
2016,11,6
2016,11,6
2016,11,6
2016,11,6
2016,11,6
2016,11,6
2016,11,6
2016,11,6
2016,11,6
2016,11,6
2016,11,6
2016,11,6
2016,11,6
2016,11,6
2016,11,6
2016,11,6
2016,11,6
2016,11,6
2016,11,6
2016,11,6
2016,11,6
2016,11,6
2016,11,6
2016,11,6
2016,11,6
2016,11,6
2016,11,6
2016,11,6
2016,11,6
2016,11,6
2016,11,6
2016,11,6
2016,11,6
2016,11,6
2016,11,6
2016,11,6
2016,11,6
2016,11,6
2016,11,6
2016,11,6
2016,11,6
2016,11,6
2016,11,6
2016,11,6
2016,11,6
2016,11,6
2016,11,6
2016,11,6
2016,11,6
2016,11,6
2016,11,6
2016,11,6
2016,11,6
2016,11,6
2016,11,6
2016,11,6
2016,11,6
2016,11,6
2016,11,6
2016,11,6
2016,11,6
2016,11,6
2016,11,6
2016,11,6
2016,11,6
2016,11,6
2016,11,6
2016,11,6
2016,11,6
2016,11,6
2016,11,6
2016,11,6
2016,11,6
2016,11,6
2016,11,6
2016,11,6
2016,11,6
2016,11,6
2016,11,6
2016,11,6
2016,11,6
2016,11,6
2016,11,6
2016,11,6
2016,11,6
2016,11,6
2016,11,6
2016,11,6
2016,11,6
2016,11,6
2016,11,6
2016,11,6
2016,11,6
2016,11,6
2016,11,6
2016,11,6
2016,11,6
2016,11,6
2016,11,6
2016,11,6
2016,11,6
2016,11,6
2016,11,6
2016,11,6
2016,11,6
2016,11,6
2016,11,6
2016,11,6
2016,11,6
2016,11,6
2016,11,6
2016,11,6
2016,11,6
2016,11,6
2016,11,6
2016,11,6
2016,11,6
2016,11,6
2016,11,6
2016,11,6
2016,11,6
2016,11,6
2016,11,6
2016,11,6
2016,11,6
2016,11,6
2016,11,6
2016,11,6
2016,11,6
2016,11,6
2016,11,6
2016,11,6
2016,11,6
2016,11,6
2016,11,6
2016,11,6
2016,11,6
2016,11,6
2016,11,6
2016,11,6
2016,11,6
2016,11,6
2016,11,6
2016,11,6
2016,11,6
2016,11,6
2016,11,6
2016,11,6
2016,11,6
2016,11,6
2016,11,6
2016,11,6
2016,11,6
2016,11,6
2016,11,6
2016,11,6
2016,11,6
2016,11,6
2016,11,6
2016,11,6
2016,11,6
2016,11,6
2016,11,6
2016,11,6
2016,11,6
2016,11,6
2016,11,6
2016,11,6
2016,11,6
2016,11,6
2016,11,6
2016,11,6
2016,11,6
2016,11,6
2016,11,6
2016,11,6
2016,11,6
2016,11,6
2016,11,6
2016,11,6
2016,11,6
2016,11,6
2016,11,6
2016,11,6
2016,11,6
2016,11,6
2016,11,6
2016,11,6
2016,11,6
2016,11,6
2016,11,6
2016,11,6
2016,11,6
2016,11,6
2016,11,6
2016,11,6
2016,11,6
2016,11,6
2016,11,6
2016,11,6
2016,11,6
2016,11,6
2016,11,6
2016,11,6
2016,11,6
2016,11,6
2016,11,6
2016,11,6
2016,11,6
2016,11,6
2016,11,6
2016,11,6
2016,11,6
2016,11,6
2016,11,6
2016,11,6
2016,11,6
2016,11,6
2016,11,6
2016,11,6
2016,11,6
2016,11,6
2016,11,6
2016,11,6
2016,11,6
2016,11,6
2016,11,6
2016,11,6
2016,11,6
2016,11,6
2016,11,6
2016,11,6
2016,11,6
2016,11,6
2016,11,6
2016,11,6
2016,11,6
2016,11,6
2016,11,6
2016,11,6
2016,11,6
2016,11,6
2016,11,6
2016,11,6
2016,11,6
2016,11,6
2016,11,6
2016,11,6
2016,11,6
2016,11,6
2016,11,6
2016,11,6
2016,11,6
2016,11,6
2016,11,6
2016,11,6
2016,11,6
2016,11,6
2016,11,6
2016,11,6
2016,11,6
2016,11,6
2016,11,6
2016,11,6
2016,11,6
2016,11,6
2016,11,6
2016,11,6
2016,11,6
2016,11,6
2016,11,6
2016,11,6
2016,11,6
2016,11,6
2016,11,6
2016,11,6
2016,11,6
2016,11,6
2016,11,6
2016,11,6
2016,11,6
2016,11,6
2016,11,6
2016,11,6
2016,11,6
2016,11,6
2016,11,6
2016,11,6
2016,11,6
2016,11,6
2016,11,6
2016,11,6
2016,11,6
2016,11,6
2016,11,6
2016,11,6
2016,11,6
2016,11,6
2016,11,6
2016,11,6
2016,11,6
2016,11,6
2016,11,6
2016,11,6
2016,11,6
2016,11,6
2016,11,6
2016,11,6
2016,11,6
2016,11,6
2016,11,6
2016,11,6
2016,11,6
2016,11,6
2016,11,6
2016,11,6
2016,11,6
2016,11,6
2016,11,6
2016,11,6
2016,11,6
2016,11,6
2016,11,6
2016,11,6
2016,11,6
2016,11,6
2016,11,6
2016,11,6
2016,11,6
2016,11,6
2016,11,6
2016,11,6
2016,11,6
2016,11,6
2016,11,6
2016,11,6
2016,11,6
2016,11,6
2016,11,6
2016,11,6
2016,11,6
2016,11,6
2016,11,6
2016,11,6
2016,11,6
2016,11,6
2016,11,6
2016,11,6
2016,11,6
2016,11,6
2016,11,6
2016,11,6
2016,11,6
2016,11,6
2016,11,6
2016,11,6
2016,11,6
2016,11,6
2016,11,6
2016,11,6
2016,11,6
2016,11,6
2016,11,6
2016,11,6
2016,11,6
2016,11,6
2016,11,6
2016,11,6
2016,11,6
2016,11,6
2016,11,6
2016,11,6
2016,11,6
2016,11,6
2016,11,6
2016,11,6
2016,11,6
2016,11,6
2016,11,6
2016,11,6
2016,11,6
2016,11,6
2016,11,6
2016,11,6
2016,11,6
2016,11,6
2016,11,6
2016,11,6
2016,11,6
2016,11,6
2016,11,6
2016,11,6
2016,11,6
2016,11,6
2016,11,6
2016,11,6
2016,11,6
2016,11,6
2016,11,6
2016,11,6
2016,11,6
2016,11,6
2016,11,6
2016,11,6
2016,11,6
2016,11,6
2016,11,6
2016,11,6
2016,11,6
2016,11,6
2016,11,6
2016,11,6
2016,11,6
2016,11,6
2016,11,6
2016,11,6
2016,11,6
2016,11,6
2016,11,6
2016,11,6
2016,11,6
2016,11,6
2016,11,6
2016,11,6
2016,11,6
2016,11,6
2016,11,6
2016,11,6
2016,11,6
2016,11,6
2016,11,6
2016,11,6
2016,11,6
2016,11,6
2016,11,6
2016,11,6
2016,11,6
2016,11,6
2016,11,6
2016,11,6
2016,11,6
2016,11,6
2016,11,6
2016,11,6
2016,11,6
2016,11,6
2016,11,6
2016,11,6
2016,11,6
2016,11,6
2016,11,6
2016,11,6
2016,11,6
2016,11,6
2016,11,6
2016,11,6
2016,11,6
2016,11,6
2016,11,6
2016,11,6
2016,11,6
2016,11,6
2016,11,6
2016,11,6
2016,11,6
2016,11,6
2016,11,6
2016,11,6
2016,11,6
2016,11,6
2016,11,6
2016,11,6
2016,11,6
2016,11,6
2016,11,6
2016,11,6
2016,11,6
2016,11,6
2016,11,6
2016,11,6
2016,11,6
2016,11,6
2016,11,6
2016,11,6
2016,11,6
2016,11,6
2016,11,6
2016,11,6
2016,11,6
2016,11,6
2016,11,6
2016,11,6
2016,11,6
2016,11,6
2016,11,6
2016,11,6
2016,11,6
2016,11,6
2016,11,6
2016,11,6
2016,11,6
2016,11,6
2016,11,6
2016,11,6
2016,11,6
2016,11,6
2016,11,6
2016,11,6
2016,11,6
2016,11,6
2016,11,6
2016,11,6
2016,11,6
2016,11,6
2016,11,6
2016,11,6
2016,11,6
2016,11,6
2016,11,6
2016,11,6
2016,11,6
2016,11,6
2016,11,6
2016,11,6
2016,11,6
2016,11,6
2016,11,6
2016,11,6
2016,11,6
2016,11,6
2016,11,6
2016,11,6
2016,11,6
2016,11,6
2016,11,6
2016,11,6
2016,11,6
2016,11,6
2016,11,6
2016,11,6
2016,11,6
2016,11,6
2016,11,6
2016,11,6
2016,11,6
2016,11,6
2016,11,6
2016,11,6
2016,11,6
2016,11,6
2016,11,6
2016,11,6
2016,11,6
2016,11,6
2016,11,6
2016,11,6
2016,11,6
2016,11,6
2016,11,6
2016,11,6
2016,11,6
2016,11,6
2016,11,6
2016,11,6
2016,11,6
2016,11,6
2016,11,6
2016,11,6
2016,11,6
2016,11,6
2016,11,6
2016,11,6
2016,11,6
2016,11,6
2016,11,6
2016,11,6
2016,11,6
2016,11,6
2016,11,6
2016,11,6
2016,11,6
2016,11,6
2016,11,6
2016,11,6
2016,11,6
2016,11,6
2016,11,6
2016,11,6
2016,11,6
2016,11,6
2016,11,6
2016,11,6
2016,11,6
2016,11,6
2016,11,6
2016,11,6
2016,11,6
2016,11,6
2016,11,6
2016,11,6
2016,11,6
2016,11,6
2016,11,6
2016,11,6
2016,11,6
2016,11,6
2016,11,6
2016,11,6
2016,11,6
2016,11,6
2016,11,6
2016,11,6
2016,11,6
2016,11,6
2016,11,6
2016,11,6
2016,11,6
2016,11,6
2016,11,6
2016,11,6
2016,11,6
2016,11,6
2016,11,6
2016,11,6
2016,11,6
2016,11,6
2016,11,6
2016,11,6
2016,11,6
2016,11,6
2016,11,6
2016,11,6
2016,11,6
2016,11,6
2016,11,6
2016,11,6
2016,11,6
2016,11,6
2016,11,6
2016,11,6
2016,11,6
2016,11,6
2016,11,6
2016,11,6
2016,11,6
2016,11,6
2016,11,6
2016,11,6
2016,11,6
2016,11,6
2016,11,6
2016,11,6
2016,11,6
2016,11,6
2016,11,6
2016,11,6
2016,11,6
2016,11,6
2016,11,6
2016,11,6
2016,11,6
2016,11,6
2016,11,6
2016,11,6
2016,11,6
2016,11,6
2016,11,6
2016,11,6
2016,11,6
2016,11,6
2016,11,6
2016,11,6
2016,11,6
2016,11,6
2016,11,6
2016,11,6
2016,11,6
2016,11,6
2016,11,6
2016,11,6
2016,11,6
2016,11,6
2016,11,6
2016,11,6
2016,11,6
2016,11,6
2016,11,6
2016,11,6
2016,11,6
2016,11,6
2016,11,6
2016,11,6
2016,11,6
2016,11,6
2016,11,6
2016,11,6
2016,11,6
2016,11,6
2016,11,6
2016,11,6
2016,11,6
2016,11,6
2016,11,6
2016,11,6
2016,11,6
2016,11,6
2016,11,6
2016,11,6
2016,11,6
2016,11,6
2016,11,6
2016,11,6
2016,11,6
2016,11,6
2016,11,6
2016,11,6
2016,11,6
2016,11,6
2016,11,6
2016,11,6
2016,11,6
2016,11,6
2016,11,6
2016,11,6
2016,11,6
2016,11,6
2016,11,6
2016,11,6
2016,11,6
2016,11,6
2016,11,6
2016,11,6
2016,11,6
2016,11,6
2016,11,6
2016,11,6
2016,11,6
2016,11,6
2016,11,6
2016,11,6
2016,11,6
2016,11,6
2016,11,6
2016,11,6
2016,11,6
2016,11,6
2016,11,6
2016,11,6
2016,11,6
2016,11,6
2016,11,6
2016,11,6
2016,11,6
2016,11,6
2016,11,6
2016,11,6
2016,11,6
2016,11,6
2016,11,6
2016,11,6
2016,11,6
2016,11,6
2016,11,6
2016,11,6
2016,11,6
2016,11,6
2016,11,6
2016,11,6
2016,11,6
2016,11,6
2016,11,6
2016,11,6
2016,11,6
2016,11,6
2016,11,6
2016,11,6
2016,11,6
2016,11,6
2016,11,6
2016,11,6
2016,11,6
2016,11,6
2016,11,6
2016,11,6
2016,11,6
2016,11,6
2016,11,6
2016,11,6
2016,11,6
2016,11,6
2016,11,6
2016,11,6
2016,11,6
2016,11,6
2016,11,6
2016,11,6
2016,11,6
2016,11,6
2016,11,6
2016,11,6
2016,11,6
2016,11,6
2016,11,6
2016,11,6
2016,11,6
2016,11,6
2016,11,6
2016,11,6
2016,11,6
2016,11,6
2016,11,6
2016,11,6
2016,11,6
2016,11,6
2016,11,6
2016,11,6
2016,11,6
2016,11,6
2016,11,6
2016,11,6
2016,11,6
2016,11,6
2016,11,6
2016,11,6
2016,11,6
2016,11,6
2016,11,6
2016,11,6
2016,11,6
2016,11,6
2016,11,6
2016,11,6
2016,11,6
2016,11,6
2016,11,6
2016,11,6
2016,11,6
2016,11,6
2016,11,6
2016,11,6
2016,11,6
2016,11,6
2016,11,6
2016,11,6
2016,11,6
2016,11,6
2016,11,6
2016,11,6
2016,11,6
2016,11,6
2016,11,6
2016,11,6
2016,11,6
2016,11,6
2016,11,6
2016,11,6
2016,11,6
2016,11,6
2016,11,6
2016,11,6
2016,11,6
2016,11,6
2016,11,6
2016,11,6
2016,11,6
2016,11,6
2016,11,6
2016,11,6
2016,11,6
2016,11,6
2016,11,6
2016,11,6
2016,11,6
2016,11,6
2016,11,6
2016,11,6
2016,11,6
2016,11,6
2016,11,6
2016,11,6
2016,11,6
2016,11,6
2016,11,6
2016,11,6
2016,11,6
2016,11,6
2016,11,6
2016,11,6
2016,11,6
2016,11,6
2016,11,6
2016,11,6
2016,11,6
2016,11,6
2016,11,6
2016,11,6
2016,11,6
2016,11,6
2016,11,6
2016,11,6
2016,11,6
2016,11,6
2016,11,6
2016,11,6
2016,11,6
2016,11,6
2016,11,6
2016,11,6
2016,11,6
2016,11,6
2016,11,6
2016,11,6
2016,11,6
2016,11,6
2016,11,6
2016,11,6
2016,11,6
2016,11,6
2016,11,6
2016,11,6
2016,11,6
2016,11,6
2016,11,6
2016,11,6
2016,11,6
2016,11,6
2016,11,6
2016,11,6
2016,11,6
2016,11,6
2016,11,6
2016,11,6
2016,11,6
2016,11,6
2016,11,6
2016,11,6
2016,11,6
2016,11,6
2016,11,6
2016,11,6
2016,11,6
2016,11,6
2016,11,6
2016,11,6
2016,11,6
2016,11,6
2016,11,6
2016,11,6
2016,11,6
2016,11,6
2016,11,6
2016,11,6
2016,11,6
2016,11,6
2016,11,6
2016,11,6
2016,11,6
2016,11,6
2016,11,6
2016,11,6
2016,11,6
2016,11,6
2016,11,6
2016,11,6
2016,11,6
2016,11,6
2016,11,6
2016,11,6
2016,11,6
2016,11,6
2016,11,6
2016,11,6
2016,11,6
2016,11,6
2016,11,6
2016,11,6
2016,11,6
2016,11,6
2016,11,6
2016,11,6
2016,11,6
2016,11,6
2016,11,6
2016,11,6
2016,11,6
2016,11,6
2016,11,6
2016,11,6
2016,11,6
2016,11,6
2016,11,6
2016,11,6
2016,11,6
2016,11,6
2016,11,6
2016,11,6
2016,11,6
2016,11,6
2016,11,6
2016,11,6
2016,11,6
2016,11,6
2016,11,6
2016,11,6
2016,11,6
2016,11,6
2016,11,6
2016,11,6
2016,11,6
2016,11,6
2016,11,6
2016,11,6
2016,11,6
2016,11,6
2016,11,6
2016,11,6
2016,11,6
2016,11,6
2016,11,6
2016,11,6
2016,11,6
2016,11,6
2016,11,6
2016,11,6
2016,11,6
2016,11,6
2016,11,6
2016,11,6
2016,11,6
2016,11,6
2016,11,6
2016,11,6
2016,11,6
2016,11,6
2016,11,6
2016,11,6
2016,11,6
2016,11,6
2016,11,6
2016,11,6
2016,11,6
2016,11,6
2016,11,6
2016,11,6
2016,11,6
2016,11,6
2016,11,6
2016,11,6
2016,11,6
2016,11,6
2016,11,6
2016,11,6
2016,11,6
2016,11,6
2016,11,6
2016,11,6
2016,11,6
2016,11,6
2016,11,6
2016,11,6
2016,11,6
2016,11,6
2016,11,6
2016,11,6
2016,11,6
2016,11,6
2016,11,6
2016,11,6
2016,11,6
2016,11,6
2016,11,6
2016,11,6
2016,11,6
2016,11,6
2016,11,6
2016,11,6
2016,11,6
2016,11,6
2016,11,6
2016,11,6
2016,11,6
2016,11,6
2016,11,6
2016,11,6
2016,11,6
2016,11,6
2016,11,6
2016,11,6
2016,11,6
2016,11,6
2016,11,6
2016,11,6
2016,11,6
2016,11,6
2016,11,6
2016,11,6
2016,11,6
2016,11,6
2016,11,6
2016,11,6
2016,11,6
2016,11,6
2016,11,6
2016,11,6
2016,11,6
2016,11,6
2016,11,6
2016,11,6
2016,11,6
2016,11,6
2016,11,6
2016,11,6
2016,11,6
2016,11,6
2016,11,6
2016,11,6
2016,11,6
2016,11,6
2016,11,6
2016,11,6
2016,11,6
2016,11,6
2016,11,6
2016,11,6
2016,11,6
2016,11,6
2016,11,6
2016,11,6
2016,11,6
2016,11,6
2016,11,6
2016,11,6
2016,11,6
2016,11,6
2016,11,6
2016,11,6
2016,11,6
2016,11,6
2016,11,6
2016,11,6
2016,11,6
2016,11,6
2016,11,6
2016,11,6
2016,11,6
2016,11,6
2016,11,6
2016,11,6
2016,11,6
2016,11,6
2016,11,6
2016,11,6
2016,11,6
2016,11,6
2016,11,6
2016,11,6
2016,11,6
2016,11,6
2016,11,6
2016,11,6
2016,11,6
2016,11,6
2016,11,6
2016,11,6
2016,11,6
2016,11,6
2016,11,6
2016,11,6
2016,11,6
2016,11,6
2016,11,6
2016,11,6
2016,11,6
2016,11,6
2016,11,6
2016,11,6
2016,11,6
2016,11,6
2016,11,6
2016,11,6
2016,11,6
2016,11,6
2016,11,6
2016,11,6
2016,11,6
2016,11,6
2016,11,6
2016,11,6
2016,11,6
2016,11,6
2016,11,6
2016,11,6
2016,11,6
2016,11,6
2016,11,6
2016,11,6
2016,11,6
2016,11,6
2016,11,6
2016,11,6
2016,11,6
2016,11,6
2016,11,6
2016,11,6
2016,11,6
2016,11,6
2016,11,6
2016,11,6
2016,11,6
2016,11,6
2016,11,6
2016,11,6
2016,11,6
2016,11,6
2016,11,6
2016,11,6
2016,11,6
2016,11,6
2016,11,6
2016,11,6
2016,11,6
2016,11,6
2016,11,6
2016,11,6
2016,11,6
2016,11,6
2016,11,6
2016,11,6
2016,11,6
2016,11,6
2016,11,6
2016,11,6
2016,11,6
2016,11,6
2016,11,6
2016,11,6
2016,11,6
2016,11,6
2016,11,6
2016,11,6
2016,11,6
2016,11,6
2016,11,6
2016,11,6
2016,11,6
2016,11,6
2016,11,6
2016,11,6
2016,11,6
2016,11,6
2016,11,6
2016,11,6
2016,11,6
2016,11,6
2016,11,6
2016,11,6
2016,11,6
2016,11,6
2016,11,6
2016,11,6
2016,11,6
2016,11,6
2016,11,6
2016,11,6
2016,11,6
2016,11,6
2016,11,6
2016,11,6
2016,11,6
2016,11,6
2016,11,6
2016,11,6
2016,11,6
2016,11,6
2016,11,6
2016,11,6
2016,11,6
2016,11,6
2016,11,6
2016,11,6
2016,11,6
2016,11,6
2016,11,6
2016,11,6
2016,11,6
2016,11,6
2016,11,6
2016,11,6
2016,11,6
2016,11,6
2016,11,6
2016,11,6
2016,11,6
2016,11,6
2016,11,6
2016,11,6
2016,11,6
2016,11,6
2016,11,6
2016,11,6
2016,11,6
2016,11,6
2016,11,6
2016,11,6
2016,11,6
2016,11,6
2016,11,6
2016,11,6
2016,11,6
2016,11,6
2016,11,6
2016,11,6
2016,11,6
2016,11,6
2016,11,6
2016,11,6
2016,11,6
2016,11,6
2016,11,6
2016,11,6
2016,11,6
2016,11,6
2016,11,6
2016,11,6
2016,11,6
2016,11,6
2016,11,6
2016,11,6
2016,11,6
2016,11,6
2016,11,6
2016,11,6
2016,11,6
2016,11,6
2016,11,6
2016,11,6
2016,11,6
2016,11,6
2016,11,6
2016,11,6
2016,11,6
2016,11,6
2016,11,6
2016,11,6
2016,11,6
2016,11,6
2016,11,6
2016,11,6
2016,11,6
2016,11,6
2016,11,6
2016,11,6
2016,11,6
2016,11,6
2016,11,6
2016,11,6
2016,11,6
2016,11,6
2016,11,6
2016,11,6
2016,11,6
2016,11,6
2016,11,6
2016,11,6
2016,11,6
2016,11,6
2016,11,6
2016,11,6
2016,11,6
2016,11,6
2016,11,6
2016,11,6
2016,11,6
2016,11,6
2016,11,6
2016,11,6
2016,11,6
2016,11,6
2016,11,6
2016,11,6
2016,11,6
2016,11,6
2016,11,6
2016,11,6
2016,11,6
2016,11,6
2016,11,6
2016,11,6
2016,11,6
2016,11,6
2016,11,6
2016,11,6
2016,11,6
2016,11,6
2016,11,6
2016,11,6
2016,11,6
2016,11,6
2016,11,6
2016,11,6
2016,11,6
2016,11,6
2016,11,6
2016,11,6
2016,11,6
2016,11,6
2016,11,6
2016,11,6
2016,11,6
2016,11,6
2016,11,6
2016,11,6
2016,11,6
2016,11,6
2016,11,6
2016,11,6
2016,11,6
2016,11,6
2016,11,6
2016,11,6
2016,11,6
2016,11,6
2016,11,6
2016,11,6
2016,11,6
2016,11,6
2016,11,6
2016,11,6
2016,11,6
2016,11,6
2016,11,6
2016,11,6
2016,11,6
2016,11,6
2016,11,6
2016,11,6
2016,11,6
2016,11,6
2016,11,6
2016,11,6
2016,11,6
2016,11,6
2016,11,6
2016,11,6
2016,11,6
2016,11,6
2016,11,6
2016,11,6
2016,11,6
2016,11,6
2016,11,6
2016,11,6
2016,11,6
2016,11,6
2016,11,6
2016,11,6
2016,11,6
2016,11,6
2016,11,6
2016,11,6
2016,11,6
2016,11,6
2016,11,6
2016,11,6
2016,11,6
2016,11,6
2016,11,6
2016,11,6
2016,11,6
2016,11,6
2016,11,6
2016,11,6
2016,11,6
2016,11,6
2016,11,6
2016,11,6
2016,11,6
2016,11,6
2016,11,6
2016,11,6
2016,11,6
2016,11,6
2016,11,6
2016,11,6
2016,11,6
2016,11,6
2016,11,6
2016,11,6
2016,11,6
2016,11,6
2016,11,6
2016,11,6
2016,11,6
2016,11,6
2016,11,6
2016,11,6
2016,11,6
2016,11,6
2016,11,6
2016,11,6
2016,11,6
2016,11,6
2016,11,6
2016,11,6
2016,11,6
2016,11,6
2016,11,6
2016,11,6
2016,11,6
2016,11,6
2016,11,6
2016,11,6
2016,11,6
2016,11,6
2016,11,6
2016,11,6
2016,11,6
2016,11,6
2016,11,6
2016,11,6
2016,11,6
2016,11,6
2016,11,6
2016,11,6
2016,11,6
2016,11,6
2016,11,6
2016,11,6
2016,11,6
2016,11,6
2016,11,6
2016,11,6
2016,11,6
2016,11,6
2016,11,6
2016,11,6
2016,11,6
2016,11,6
2016,11,6
2016,11,6
2016,11,6
2016,11,6
2016,11,6
2016,11,6
2016,11,6
2016,11,6
2016,11,6
2016,11,6
2016,11,6
2016,11,6
2016,11,6
2016,11,6
2016,11,6
2016,11,6
2016,11,6
2016,11,6
2016,11,6
2016,11,6
2016,11,6
2016,11,6
2016,11,6
2016,11,6
2016,11,6
2016,11,6
2016,11,6
2016,11,6
2016,11,6
2016,11,6
2016,11,6
2016,11,6
2016,11,6
2016,11,6
2016,11,6
2016,11,6
2016,11,6
2016,11,6
2016,11,6
2016,11,6
2016,11,6
2016,11,6
2016,11,6
2016,11,6
2016,11,6
2016,11,6
2016,11,6
2016,11,6
2016,11,6
2016,11,6
2016,11,6
2016,11,6
2016,11,6
2016,11,6
2016,11,6
2016,11,6
2016,11,6
2016,11,6
2016,11,6
2016,11,6
2016,11,6
2016,11,6
2016,11,6
2016,11,6
2016,11,6
2016,11,6
2016,11,6
2016,11,6
2016,11,6
2016,11,6
2016,11,6
2016,11,6
2016,11,6
2016,11,6
2016,11,6
2016,11,6
2016,11,6
2016,11,6
2016,11,6
2016,11,6
2016,11,6
2016,11,6
2016,11,6
2016,11,6
2016,11,6
2016,11,6
2016,11,6
2016,11,6
2016,11,6
2016,11,6
2016,11,6
2016,11,6
2016,11,6
2016,11,6
2016,11,6
2016,11,6
2016,11,6
2016,11,6
2016,11,6
2016,11,6
2016,11,6
2016,11,6
2016,11,6
2016,11,6
2016,11,6
2016,11,6
2016,11,6
2016,11,6
2016,11,6
2016,11,6
2016,11,6
2016,11,6
2016,11,6
2016,11,6
2016,11,6
2016,11,6
2016,11,6
2016,11,6
2016,11,6
2016,11,6
2016,11,6
2016,11,6
2016,11,6
2016,11,6
2016,11,6
2016,11,6
2016,11,6
2016,11,6
2016,11,6
2016,11,6
2016,11,6
2016,11,6
2016,11,6
2016,11,6
2016,11,6
2016,11,6
2016,11,6
2016,11,6
2016,11,6
2016,11,6
2016,11,6
2016,11,6
2016,11,6
2016,11,6
2016,11,6
2016,11,6
2016,11,6
2016,11,6
2016,11,6
2016,11,6
2016,11,6
2016,11,6
2016,11,6
2016,11,6
2016,11,6
2016,11,6
2016,11,6
2016,11,6
2016,11,6
2016,11,6
2016,11,6
2016,11,6
2016,11,6
2016,11,6
2016,11,6
2016,11,6
2016,11,6
2016,11,6
2016,11,6
2016,11,6
2016,11,6
2016,11,6
2016,11,6
2016,11,6
2016,11,6
2016,11,6
2016,11,6
2016,11,6
2016,11,6
2016,11,6
2016,11,6
2016,11,6
2016,11,6
2016,11,6
2016,11,6
2016,11,6
2016,11,6
2016,11,6
2016,11,6
2016,11,6
2016,11,6
2016,11,6
2016,11,6
2016,11,6
2016,11,6
2016,11,6
2016,11,6
2016,11,6
2016,11,6
2016,11,6
2016,11,6
2016,11,6
2016,11,6
2016,11,6
2016,11,6
2016,11,6
2016,11,6
2016,11,6
2016,11,6
2016,11,6
2016,11,6
2016,11,6
2016,11,6
2016,11,6
2016,11,6
2016,11,6
2016,11,6
2016,11,6
2016,11,6
2016,11,6
2016,11,6
2016,11,6
2016,11,6
2016,11,6
2016,11,6
2016,11,6
2016,11,6
2016,11,6
2016,11,6
2016,11,6
2016,11,6
2016,11,6
2016,11,6
2016,11,6
2016,11,6
2016,11,6
2016,11,6
2016,11,6
2016,11,6
2016,11,6
2016,11,6
2016,11,6
2016,11,6
2016,11,6
2016,11,6
2016,11,6
2016,11,6
2016,11,6
2016,11,6
2016,11,6
2016,11,6
2016,11,6
2016,11,6
2016,11,6
2016,11,6
2016,11,6
2016,11,6
2016,11,6
2016,11,6
2016,11,6
2016,11,6
2016,11,6
2016,11,6
2016,11,6
2016,11,6
2016,11,6
2016,11,6
2016,11,6
2016,11,6
2016,11,6
2016,11,6
2016,11,6
2016,11,6
2016,11,6
2016,11,6
2016,11,6
2016,11,6
2016,11,6
2016,11,6
2016,11,6
2016,11,6
2016,11,6
2016,11,6
2016,11,6
2016,11,6
2016,11,6
2016,11,6
2016,11,6
2016,11,6
2016,11,6
2016,11,6
2016,11,6
2016,11,6
2016,11,6
2016,11,6
2016,11,6
2016,11,6
2016,11,6
2016,11,6
2016,11,6
2016,11,6
2016,11,6
2016,11,6
2016,11,6
2016,11,6
2016,11,6
2016,11,6
2016,11,6
2016,11,6
2016,11,6
2016,11,6
2016,11,6
2016,11,6
2016,11,6
2016,11,6
2016,11,6
2016,11,6
2016,11,6
2016,11,6
2016,11,6
2016,11,6
2016,11,6
2016,11,6
2016,11,6
2016,11,6
2016,11,6
2016,11,6
2016,11,6
2016,11,6
2016,11,6
2016,11,6
2016,11,6
2016,11,6
2016,11,6
2016,11,6
2016,11,6
2016,11,6
2016,11,6
2016,11,6
2016,11,6
2016,11,6
2016,11,6
2016,11,6
2016,11,6
2016,11,6
2016,11,6
2016,11,6
2016,11,6
2016,11,6
2016,11,6
2016,11,6
2016,11,6
2016,11,6
2016,11,6
2016,11,6
2016,11,6
2016,11,6
2016,11,6
2016,11,6
2016,11,6
2016,11,6
2016,11,6
2016,11,6
2016,11,6
2016,11,6
2016,11,6
2016,11,6
2016,11,6
2016,11,6
2016,11,6
2016,11,6
2016,11,6
2016,11,6
2016,11,6
2016,11,6
2016,11,6
2016,11,6
2016,11,6
2016,11,6
2016,11,6
2016,11,6
2016,11,6
2016,11,6
2016,11,6
2016,11,6
2016,11,6
2016,11,6
2016,11,6
2016,11,6
2016,11,6
2016,11,6
2016,11,6
2016,11,6
2016,11,6
2016,11,6
2016,11,6
2016,11,6
2016,11,6
2016,11,6
2016,11,6
2016,11,6
2016,11,6
2016,11,6
2016,11,6
2016,11,6
2016,11,6
2016,11,6
2016,11,6
2016,11,6
2016,11,6
2016,11,6
2016,11,6
2016,11,6
2016,11,6
2016,11,6
2016,11,6
2016,11,6
2016,11,6
2016,11,6
2016,11,6
2016,11,6
2016,11,6
2016,11,6
2016,11,6
2016,11,6
2016,11,6
2016,11,6
2016,11,6
2016,11,6
2016,11,6
2016,11,6
2016,11,6
2016,11,6
2016,11,6
2016,11,6
2016,11,6
2016,11,6
2016,11,6
2016,11,6
2016,11,6
2016,11,6
2016,11,6
2016,11,6
2016,11,6
2016,11,6
2016,11,6
2016,11,6
2016,11,6
2016,11,6
2016,11,6
2016,11,6
2016,11,6
2016,11,6
2016,11,6
2016,11,6
2016,11,6
2016,11,6
2016,11,6
2016,11,6
2016,11,6
2016,11,6
2016,11,6
2016,11,6
2016,11,6
2016,11,6
2016,11,6
2016,11,6
2016,11,6
2016,11,6
2016,11,6
2016,11,6
2016,11,6
2016,11,6
2016,11,6
2016,11,6
2016,11,6
2016,11,6
2016,11,6
2016,11,6
2016,11,6
2016,11,6
2016,11,6
2016,11,6
2016,11,6
2016,11,6
2016,11,6
2016,11,6
2016,11,6
2016,11,6
2016,11,6
2016,11,6
2016,11,6
2016,11,6
2016,11,6
2016,11,6
2016,11,6
2016,11,6
2016,11,6
2016,11,6
2016,11,6
2016,11,6
2016,11,6
2016,11,6
2016,11,6
2016,11,6
2016,11,6
2016,11,6
2016,11,6
2016,11,6
2016,11,6
2016,11,6
2016,11,6
2016,11,6
2016,11,6
2016,11,6
2016,11,6
2016,11,6
2016,11,6
2016,11,6
2016,11,6
2016,11,6
2016,11,6
2016,11,6
2016,11,6
2016,11,6
2016,11,6
2016,11,6
2016,11,6
2016,11,6
2016,11,6
2016,11,6
2016,11,6
2016,11,6
2016,11,6
2016,11,6
2016,11,6
2016,11,6
2016,11,6
2016,11,6
2016,11,6
2016,11,6
2016,11,6
2016,11,6
2016,11,6
2016,11,6
2016,11,6
2016,11,6
2016,11,6
2016,11,6
2016,11,6
2016,11,6
2016,11,6
2016,11,6
2016,11,6
2016,11,6
2016,11,6
2016,11,6
2016,11,6
2016,11,6
2016,11,6
2016,11,6
2016,11,6
2016,11,6
2016,11,6
2016,11,6
2016,11,6
2016,11,6
2016,11,6
2016,11,6
2016,11,6
2016,11,6
2016,11,6
2016,11,6
2016,11,6
2016,11,6
2016,11,6
2016,11,6
2016,11,6
2016,11,6
2016,11,6
2016,11,6
2016,11,6
2016,11,6
2016,11,6
2016,11,6
2016,11,6
2016,11,6
2016,11,6
2016,11,6
2016,11,6
2016,11,6
2016,11,6
2016,11,6
2016,11,6
2016,11,6
2016,11,6
2016,11,6
2016,11,6
2016,11,6
2016,11,6
2016,11,6
2016,11,6
2016,11,6
2016,11,6
2016,11,6
2016,11,6
2016,11,6
2016,11,6
2016,11,6
2016,11,6
2016,11,6
2016,11,6
2016,11,6
2016,11,6
2016,11,6
2016,11,6
2016,11,6
2016,11,6
2016,11,6
2016,11,6
2016,11,6
2016,11,6
2016,11,6
2016,11,6
2016,11,6
2016,11,6
2016,11,6
2016,11,6
2016,11,6
2016,11,6
2016,11,6
2016,11,6
2016,11,6
2016,11,6
2016,11,6
2016,11,6
2016,11,6
2016,11,6
2016,11,6
2016,11,6
2016,11,6
2016,11,6
2016,11,6
2016,11,6
2016,11,6
2016,11,6
2016,11,6
2016,11,6
2016,11,6
2016,11,6
2016,11,6
2016,11,6
2016,11,6
2016,11,6
2016,11,6
2016,11,6
2016,11,6
2016,11,6
2016,11,6
2016,11,6
2016,11,6
2016,11,6
2016,11,6
2016,11,6
2016,11,6
2016,11,6
2016,11,6
2016,11,6
2016,11,6
2016,11,6
2016,11,6
2016,11,6
2016,11,6
2016,11,6
2016,11,6
2016,11,6
2016,11,6
2016,11,6
2016,11,6
2016,11,6
2016,11,6
2016,11,6
2016,11,6
2016,11,6
2016,11,6
2016,11,6
2016,11,6
2016,11,6
2016,11,6
2016,11,6
2016,11,6
2016,11,6
2016,11,6
2016,11,6
2016,11,6
2016,11,6
2016,11,6
2016,11,6
2016,11,6
2016,11,6
2016,11,6
2016,11,6
2016,11,6
2016,11,6
2016,11,6
2016,11,6
2016,11,6
2016,11,6
2016,11,6
2016,11,6
2016,11,6
2016,11,6
2016,11,6
2016,11,6
2016,11,6
2016,11,6
2016,11,6
2016,11,6
2016,11,6
2016,11,6
2016,11,6
2016,11,6
2016,11,6
2016,11,6
2016,11,6
2016,11,6
2016,11,6
2016,11,6
2016,11,6
2016,11,6
2016,11,6
2016,11,6
2016,11,6
2016,11,6
2016,11,6
2016,11,6
2016,11,6
2016,11,6
2016,11,6
2016,11,6
2016,11,6
2016,11,6
2016,11,6
2016,11,6
2016,11,6
2016,11,6
2016,11,6
2016,11,6
2016,11,6
2016,11,6
2016,11,6
2016,11,6
2016,11,6
2016,11,6
2016,11,6
2016,11,6
2016,11,6
2016,11,6
2016,11,6
2016,11,6
2016,11,6
2016,11,6
2016,11,6
2016,11,6
2016,11,6
2016,11,6
2016,11,6
2016,11,6
2016,11,6
2016,11,6
2016,11,6
2016,11,6
2016,11,6
2016,11,6
2016,11,6
2016,11,6
2016,11,6
2016,11,6
2016,11,6
2016,11,6
2016,11,6
2016,11,6
2016,11,6
2016,11,6
2016,11,6
2016,11,6
2016,11,6
2016,11,6
2016,11,6
2016,11,6
2016,11,6
2016,11,6
2016,11,6
2016,11,6
2016,11,6
2016,11,6
2016,11,6
2016,11,6
2016,11,6
2016,11,6
2016,11,6
2016,11,6
2016,11,6
2016,11,6
2016,11,6
2016,11,6
2016,11,6
2016,11,6
2016,11,6
2016,11,6
2016,11,6
2016,11,6
2016,11,6
2016,11,6
2016,11,6
2016,11,6
2016,11,6
2016,11,6
2016,11,6
2016,11,6
2016,11,6
2016,11,6
2016,11,6
2016,11,6
2016,11,6
2016,11,6
2016,11,6
2016,11,6
2016,11,6
2016,11,6
2016,11,6
2016,11,6
2016,11,6
2016,11,6
2016,11,6
2016,11,6
2016,11,6
2016,11,6
2016,11,6
2016,11,6
2016,11,6
2016,11,6
2016,11,6
2016,11,6
2016,11,6
2016,11,6
2016,11,6
2016,11,6
2016,11,6
2016,11,6
2016,11,6
2016,11,6
2016,11,6
2016,11,6
2016,11,6
2016,11,6
2016,11,6
2016,11,6
2016,11,6
2016,11,6
2016,11,6
2016,11,6
2016,11,6
2016,11,6
2016,11,6
2016,11,6
2016,11,6
2016,11,6
2016,11,6
2016,11,6
2016,11,6
2016,11,6
2016,11,6
2016,11,6
2016,11,6
2016,11,6
2016,11,6
2016,11,6
2016,11,6
2016,11,6
2016,11,6
2016,11,6
2016,11,6
2016,11,6
2016,11,6
2016,11,6
2016,11,6
2016,11,6
2016,11,6
2016,11,6
2016,11,6
2016,11,6
2016,11,6
2016,11,6
2016,11,6
2016,11,6
2016,11,6
2016,11,6
2016,11,6
2016,11,6
2016,11,6
2016,11,6
2016,11,6
2016,11,6
2016,11,6
2016,11,6
2016,11,6
2016,11,6
2016,11,6
2016,11,6
2016,11,6
2016,11,6
2016,11,6
2016,11,6
2016,11,6
2016,11,6
2016,11,6
2016,11,6
2016,11,6
2016,11,6
2016,11,6
2016,11,6
2016,11,6
2016,11,6
2016,11,6
2016,11,6
2016,11,6
2016,11,6
2016,11,6
2016,11,6
2016,11,6
2016,11,6
2016,11,6
2016,11,6
2016,11,6
2016,11,6
2016,11,6
2016,11,6
2016,11,6
2016,11,6
2016,11,6
2016,11,6
2016,11,6
2016,11,6
2016,11,6
2016,11,6
2016,11,6
2016,11,6
2016,11,6
2016,11,6
2016,11,6
2016,11,6
2016,11,6
2016,11,6
2016,11,6
2016,11,6
2016,11,6
2016,11,6
2016,11,6
2016,11,6
2016,11,6
2016,11,6
2016,11,6
2016,11,6
2016,11,6
2016,11,6
2016,11,6
2016,11,6
2016,11,6
2016,11,6
2016,11,6
2016,11,6
2016,11,6
2016,11,6
2016,11,6
2016,11,6
2016,11,6
2016,11,6
2016,11,6
2016,11,6
2016,11,6
2016,11,6
2016,11,6
2016,11,6
2016,11,6
2016,11,6
2016,11,6
2016,11,6
2016,11,6
2016,11,6
2016,11,6
2016,11,6
2016,11,6
2016,11,6
2016,11,6
2016,11,6
2016,11,6
2016,11,6
2016,11,6
2016,11,6
2016,11,6
2016,11,6
2016,11,6
2016,11,6
2016,11,6
2016,11,6
2016,11,6
2016,11,6
2016,11,6
2016,11,6
2016,11,6
2016,11,6
2016,11,6
2016,11,6
2016,11,6
2016,11,6
2016,11,6
2016,11,6
2016,11,6
2016,11,6
2016,11,6
2016,11,6
2016,11,6
2016,11,6
2016,11,6
2016,11,6
2016,11,6
2016,11,6
2016,11,6
2016,11,6
2016,11,6
2016,11,6
2016,11,6
2016,11,6
2016,11,6
2016,11,6
2016,11,6
2016,11,6
2016,11,6
2016,11,6
2016,11,6
2016,11,6
2016,11,6
2016,11,6
2016,11,6
2016,11,6
2016,11,6
2016,11,6
2016,11,6
2016,11,6
2016,11,6
2016,11,6
2016,11,6
2016,11,6
2016,11,6
2016,11,6
2016,11,6
2016,11,6
2016,11,6
2016,11,6
2016,11,6
2016,11,6
2016,11,6
2016,11,6
2016,11,6
2016,11,6
2016,11,6
2016,11,6
2016,11,6
2016,11,6
2016,11,6
2016,11,6
2016,11,6
2016,11,6
2016,11,6
2016,11,6
2016,11,6
2016,11,6
2016,11,6
2016,11,6
2016,11,6
2016,11,6
2016,11,6
2016,11,6
2016,11,6
2016,11,6
2016,11,6
2016,11,6
2016,11,6
2016,11,6
2016,11,6
2016,11,6
2016,11,6
2016,11,6
2016,11,6
2016,11,6
2016,11,6
2016,11,6
2016,11,6
2016,11,6
2016,11,6
2016,11,6
2016,11,6
2016,11,6
2016,11,6
2016,11,6
2016,11,6
2016,11,6
2016,11,6
2016,11,6
2016,11,6
2016,11,6
2016,11,6
2016,11,6
2016,11,6
2016,11,6
2016,11,6
2016,11,6
2016,11,6
2016,11,6
2016,11,6
2016,11,6
2016,11,6
2016,11,6
2016,11,6
2016,11,6
2016,11,6
2016,11,6
2016,11,6
2016,11,6
2016,11,6
2016,11,6
2016,11,6
2016,11,6
2016,11,6
2016,11,6
2016,11,6
2016,11,6
2016,11,6
2016,11,6
2016,11,6
2016,11,6
2016,11,6
2016,11,6
2016,11,6
2016,11,6
2016,11,6
2016,11,6
2016,11,6
2016,11,6
2016,11,6
2016,11,6
2016,11,6
2016,11,6
2016,11,6
2016,11,6
2016,11,6
2016,11,6
2016,11,6
2016,11,6
2016,11,6
2016,11,6
2016,11,6
2016,11,6
2016,11,6
2016,11,6
2016,11,6
2016,11,6
2016,11,6
2016,11,6
2016,11,6
2016,11,6
2016,11,6
2016,11,6
2016,11,6
2016,11,6
2016,11,6
2016,11,6
2016,11,6
2016,11,6
2016,11,6
2016,11,6
2016,11,6
2016,11,6
2016,11,6
2016,11,6
2016,11,6
2016,11,6
2016,11,6
2016,11,6
2016,11,6
2016,11,6
2016,11,6
2016,11,6
2016,11,6
2016,11,6
2016,11,6
2016,11,6
2016,11,6
2016,11,6
2016,11,6
2016,11,6
2016,11,6
2016,11,6
2016,11,6
2016,11,6
2016,11,6
2016,11,6
2016,11,6
2016,11,6
2016,11,6
2016,11,6
2016,11,6
2016,11,6
2016,11,6
2016,11,6
2016,11,6
2016,11,6
2016,11,6
2016,11,6
2016,11,6
2016,11,6
2016,11,6
2016,11,6
2016,11,6
2016,11,6
2016,11,6
2016,11,6
2016,11,6
2016,11,6
2016,11,6
2016,11,6
2016,11,6
2016,11,6
2016,11,6
2016,11,6
2016,11,6
2016,11,6
2016,11,6
2016,11,6
2016,11,6
2016,11,6
2016,11,6
2016,11,6
2016,11,6
2016,11,6
2016,11,6
2016,11,6
2016,11,6
2016,11,6
2016,11,6
2016,11,6
2016,11,6
2016,11,6
2016,11,6
2016,11,6
2016,11,6
2016,11,6
2016,11,6
2016,11,6
2016,11,6
2016,11,6
2016,11,6
2016,11,6
2016,11,6
2016,11,6
2016,11,6
2016,11,6
2016,11,6
2016,11,6
2016,11,6
2016,11,6
2016,11,6
2016,11,6
2016,11,6
2016,11,6
2016,11,6
2016,11,6
2016,11,6
2016,11,6
2016,11,6
2016,11,6
2016,11,6
2016,11,6
2016,11,6
2016,11,6
2016,11,6
2016,11,6
2016,11,6
2016,11,6
2016,11,6
2016,11,6
2016,11,6
2016,11,6
2016,11,6
2016,11,6
2016,11,6
2016,11,6
2016,11,6
2016,11,6
2016,11,6
2016,11,6
2016,11,6
2016,11,6
2016,11,6
2016,11,6
2016,11,6
2016,11,6
2016,11,6
2016,11,6
2016,11,6
2016,11,6
2016,11,6
2016,11,6
2016,11,6
2016,11,6
2016,11,6
2016,11,6
2016,11,6
2016,11,6
2016,11,6
2016,11,6
2016,11,6
2016,11,6
2016,11,6
2016,11,6
2016,11,6
2016,11,6
2016,11,6
2016,11,6
2016,11,6
2016,11,6
2016,11,6
2016,11,6
2016,11,6
2016,11,6
2016,11,6
2016,11,6
2016,11,6
2016,11,6
2016,11,6
2016,11,6
2016,11,6
2016,11,6
2016,11,6
2016,11,6
2016,11,6
2016,11,6
2016,11,6
2016,11,6
2016,11,6
2016,11,6
2016,11,6
2016,11,6
2016,11,6
2016,11,6
2016,11,6
2016,11,6
2016,11,6
2016,11,6
2016,11,6
2016,11,6
2016,11,6
2016,11,6
2016,11,6
2016,11,6
2016,11,6
2016,11,6
2016,11,6
2016,11,6
2016,11,6
2016,11,6
2016,11,6
2016,11,6
2016,11,6
2016,11,6
2016,11,6
2016,11,6
2016,11,6
2016,11,6
2016,11,6
2016,11,6
2016,11,6
2016,11,6
2016,11,6
2016,11,6
2016,11,6
2016,11,6
2016,11,6
2016,11,6
2016,11,6
2016,11,6
2016,11,6
2016,11,6
2016,11,6
2016,11,6
2016,11,6
2016,11,6
2016,11,6
2016,11,6
2016,11,6
2016,11,6
2016,11,6
2016,11,6
2016,11,6
2016,11,6
2016,11,6
2016,11,6
2016,11,6
2016,11,6
2016,11,6
2016,11,6
2016,11,6
2016,11,6
2016,11,6
2016,11,6
2016,11,6
2016,11,6
2016,11,6
2016,11,6
2016,11,6
2016,11,6
2016,11,6
2016,11,6
2016,11,6
2016,11,6
2016,11,6
2016,11,6
2016,11,6
2016,11,6
2016,11,6
2016,11,6
2016,11,6
2016,11,6
2016,11,6
2016,11,6
2016,11,6
2016,11,6
2016,11,6
2016,11,6
2016,11,6
2016,11,6
2016,11,6
2016,11,6
2016,11,6
2016,11,6
2016,11,6
2016,11,6
2016,11,6
2016,11,6
2016,11,6
2016,11,6
2016,11,6
2016,11,6
2016,11,6
2016,11,6
2016,11,6
2016,11,6
2016,11,6
2016,11,6
2016,11,6
2016,11,6
2016,11,6
2016,11,6
2016,11,6
2016,11,6
2016,11,6
2016,11,6
2016,11,6
2016,11,6
2016,11,6
2016,11,6
2016,11,6
2016,11,6
2016,11,6
2016,11,6
2016,11,6
2016,11,6
2016,11,6
2016,11,6
2016,11,6
2016,11,6
2016,11,6
2016,11,6
2016,11,6
2016,11,6
2016,11,6
2016,11,6
2016,11,6
2016,11,6
2016,11,6
2016,11,6
2016,11,6
2016,11,6
2016,11,6
2016,11,6
2016,11,6
2016,11,6
2016,11,6
2016,11,6
2016,11,6
2016,11,6
2016,11,6
2016,11,6
2016,11,6
2016,11,6
2016,11,6
2016,11,6
2016,11,6
2016,11,6
2016,11,6
2016,11,6
2016,11,6
2016,11,6
2016,11,6
2016,11,6
2016,11,6
2016,11,6
2016,11,6
2016,11,6
2016,11,6
2016,11,6
2016,11,6
2016,11,6
2016,11,6
2016,11,6
2016,11,6
2016,11,6
2016,11,6
2016,11,6
2016,11,6
2016,11,6
2016,11,6
2016,11,6
2016,11,6
2016,11,6
2016,11,6
2016,11,6
2016,11,6
2016,11,6
2016,11,6
2016,11,6
2016,11,6
2016,11,6
2016,11,6
2016,11,6
2016,11,6
2016,11,6
2016,11,6
2016,11,6
2016,11,6
2016,11,6
2016,11,6
2016,11,6
2016,11,6
2016,11,6
2016,11,6
2016,11,6
2016,11,6
2016,11,6
2016,11,6
2016,11,6
2016,11,6
2016,11,6
2016,11,6
2016,11,6
2016,11,6
2016,11,6
2016,11,6
2016,11,6
2016,11,6
2016,11,6
2016,11,6
2016,11,6
2016,11,6
2016,11,6
2016,11,6
2016,11,6
2016,11,6
2016,11,6
2016,11,6
2016,11,6
2016,11,6
2016,11,6
2016,11,6
2016,11,6
2016,11,6
2016,11,6
2016,11,6
2016,11,6
2016,11,6
2016,11,6
2016,11,6
2016,11,6
2016,11,6
2016,11,6
2016,11,6
2016,11,6
2016,11,6
2016,11,6
2016,11,6
2016,11,6
2016,11,6
2016,11,6
2016,11,6
2016,11,6
2016,11,6
2016,11,6
2016,11,6
2016,11,6
2016,11,6
2016,11,6
2016,11,6
2016,11,6
2016,11,6
2016,11,6
2016,11,6
2016,11,6
2016,11,6
2016,11,6
2016,11,6
2016,11,6
2016,11,6
2016,11,6
2016,11,6
2016,11,6
2016,11,6
2016,11,6
2016,11,6
2016,11,6
2016,11,6
2016,11,6
2016,11,6
2016,11,6
2016,11,6
2016,11,6
2016,11,6
2016,11,6
2016,11,6
2016,11,6
2016,11,6
2016,11,6
2016,11,6
2016,11,6
2016,11,6
2016,11,6
2016,11,6
2016,11,6
2016,11,6
2016,11,6
2016,11,6
2016,11,6
2016,11,6
2016,11,6
2016,11,6
2016,11,6
2016,11,6
2016,11,6
2016,11,6
2016,11,6
2016,11,6
2016,11,6
2016,11,6
2016,11,6
2016,11,6
2016,11,6
2016,11,6
2016,11,6
2016,11,6
2016,11,6
2016,11,6
2016,11,6
2016,11,6
2016,11,6
2016,11,6
2016,11,6
2016,11,6
2016,11,6
2016,11,6
2016,11,6
2016,11,6
2016,11,6
2016,11,6
2016,11,6
2016,11,6
2016,11,6
2016,11,6
2016,11,6
2016,11,6
2016,11,6
2016,11,6
2016,11,6
2016,11,6
2016,11,6
2016,11,6
2016,11,6
2016,11,6
2016,11,6
2016,11,6
2016,11,6
2016,11,6
2016,11,6
2016,11,6
2016,11,6
2016,11,6
2016,11,6
2016,11,6
2016,11,6
2016,11,6
2016,11,6
2016,11,6
2016,11,6
2016,11,6
2016,11,6
2016,11,6
2016,11,6
2016,11,6
2016,11,6
2016,11,6
2016,11,6
2016,11,6
2016,11,6
2016,11,6
2016,11,6
2016,11,6
2016,11,6
2016,11,6
2016,11,6
2016,11,6
2016,11,6
2016,11,6
2016,11,6
2016,11,6
2016,11,6
2016,11,6
2016,11,6
2016,11,6
2016,11,6
2016,11,6
2016,11,6
2016,11,6
2016,11,6
2016,11,6
2016,11,6
2016,11,6
2016,11,6
2016,11,6
2016,11,6
2016,11,6
2016,11,6
2016,11,6
2016,11,6
2016,11,6
2016,11,6
2016,11,6
2016,11,6
2016,11,6
2016,11,6
2016,11,6
2016,11,6
2016,11,6
2016,11,6
2016,11,6
2016,11,6
2016,11,6
2016,11,6
2016,11,6
2016,11,6
2016,11,6
2016,11,6
2016,11,6
2016,11,6
2016,11,6
2016,11,6
2016,11,6
2016,11,6
2016,11,6
2016,11,6
2016,11,6
2016,11,6
2016,11,6
2016,11,6
2016,11,6
2016,11,6
2016,11,6
2016,11,6
2016,11,6
2016,11,6
2016,11,6
2016,11,6
2016,11,6
2016,11,6
2016,11,6
2016,11,6
2016,11,6
2016,11,6
2016,11,6
2016,11,6
2016,11,6
2016,11,6
2016,11,6
2016,11,6
2016,11,6
2016,11,6
2016,11,6
2016,11,6
2016,11,6
2016,11,6
2016,11,6
2016,11,6
2016,11,6
2016,11,6
2016,11,6
2016,11,6
2016,11,6
2016,11,6
2016,11,6
2016,11,6
2016,11,6
2016,11,6
2016,11,6
2016,11,6
2016,11,6
2016,11,6
2016,11,6
2016,11,6
2016,11,6
2016,11,6
2016,11,6
2016,11,6
2016,11,6
2016,11,6
2016,11,6
2016,11,6
2016,11,6
2016,11,6
2016,11,6
2016,11,6
2016,11,6
2016,11,6
2016,11,6
2016,11,6
2016,11,6
2016,11,6
2016,11,6
2016,11,6
2016,11,6
2016,11,6
2016,11,6
2016,11,6
2016,11,6
2016,11,6
2016,11,6
2016,11,6
2016,11,6
2016,11,6
2016,11,6
2016,11,6
2016,11,6
2016,11,6
2016,11,6
2016,11,6
2016,11,6
2016,11,6
2016,11,6
2016,11,6
2016,11,6
2016,11,6
2016,11,6
2016,11,6
2016,11,6
2016,11,6
2016,11,6
2016,11,6
2016,11,6
2016,11,6
2016,11,6
2016,11,6
2016,11,6
2016,11,6
2016,11,6
2016,11,6
2016,11,6
2016,11,6
2016,11,6
2016,11,6
2016,11,6
2016,11,6
2016,11,6
2016,11,6
2016,11,6
2016,11,6
2016,11,6
2016,11,6
2016,11,6
2016,11,6
2016,11,6
2016,11,6
2016,11,6
2016,11,6
2016,11,6
2016,11,6
2016,11,6
2016,11,6
2016,11,6
2016,11,6
2016,11,6
2016,11,6
2016,11,6
2016,11,6
2016,11,6
2016,11,6
2016,11,6
2016,11,6
2016,11,6
2016,11,6
2016,11,6
2016,11,6
2016,11,6
2016,11,6
2016,11,6
2016,11,6
2016,11,6
2016,11,6
2016,11,6
2016,11,6
2016,11,6
2016,11,6
2016,11,6
2016,11,6
2016,11,6
2016,11,6
2016,11,6
2016,11,6
2016,11,6
2016,11,6
2016,11,6
2016,11,6
2016,11,6
2016,11,6
2016,11,6
2016,11,6
2016,11,6
2016,11,6
2016,11,6
2016,11,6
2016,11,6
2016,11,6
2016,11,6
2016,11,6
2016,11,6
2016,11,6
2016,11,6
2016,11,6
2016,11,6
2016,11,6
2016,11,6
2016,11,6
2016,11,6
2016,11,6
2016,11,6
2016,11,6
2016,11,6
2016,11,6
2016,11,6
2016,11,6
2016,11,6
2016,11,6
2016,11,6
2016,11,6
2016,11,6
2016,11,6
2016,11,6
2016,11,6
2016,11,6
2016,11,6
2016,11,6
2016,11,6
2016,11,6
2016,11,6
2016,11,6
2016,11,6
2016,11,6
2016,11,6
2016,11,6
2016,11,6
2016,11,6
2016,11,6
2016,11,6
2016,11,6
2016,11,6
2016,11,6
2016,11,6
2016,11,6
2016,11,6
2016,11,6
2016,11,6
2016,11,6
2016,11,6
2016,11,6
2016,11,6
2016,11,6
2016,11,6
2016,11,6
2016,11,6
2016,11,6
2016,11,6
2016,11,6
2016,11,6
2016,11,6
2016,11,6
2016,11,6
2016,11,6
2016,11,6
2016,11,6
2016,11,6
2016,11,6
2016,11,6
2016,11,6
2016,11,6
2016,11,6
2016,11,6
2016,11,6
2016,11,6
2016,11,6
2016,11,6
2016,11,6
2016,11,6
2016,11,6
2016,11,6
2016,11,6
2016,11,6
2016,11,6
2016,11,6
2016,11,6
2016,11,6
2016,11,6
2016,11,6
2016,11,6
2016,11,6
2016,11,6
2016,11,6
2016,11,6
2016,11,6
2016,11,6
2016,11,6
2016,11,6
2016,11,6
2016,11,6
2016,11,6
2016,11,6
2016,11,6
2016,11,6
2016,11,6
2016,11,6
2016,11,6
2016,11,6
2016,11,6
2016,11,6
2016,11,6
2016,11,6
2016,11,6
2016,11,6
2016,11,6
2016,11,6
2016,11,6
2016,11,6
2016,11,6
2016,11,6
2016,11,6
2016,11,6
2016,11,6
2016,11,6
2016,11,6
2016,11,6
2016,11,6
2016,11,6
2016,11,6
2016,11,6
2016,11,6
2016,11,6
2016,11,6
2016,11,6
2016,11,6
2016,11,6
2016,11,6
2016,11,6
2016,11,6
2016,11,6
2016,11,6
2016,11,6
2016,11,6
2016,11,6
2016,11,6
2016,11,6
2016,11,6
2016,11,6
2016,11,6
2016,11,6
2016,11,6
2016,11,6
2016,11,6
2016,11,6
2016,11,6
2016,11,6
2016,11,6
2016,11,6
2016,11,6
2016,11,6
2016,11,6
2016,11,6
2016,11,6
2016,11,6
2016,11,6
2016,11,6
2016,11,6
2016,11,6
2016,11,6
2016,11,6
2016,11,6
2016,11,6
2016,11,6
2016,11,6
2016,11,6
2016,11,6
2016,11,6
2016,11,6
2016,11,6
2016,11,6
2016,11,6
2016,11,6
2016,11,6
2016,11,6
2016,11,6
2016,11,6
2016,11,6
2016,11,6
2016,11,6
2016,11,6
2016,11,6
2016,11,6
2016,11,6
2016,11,6
2016,11,6
2016,11,6
2016,11,6
2016,11,6
2016,11,6
2016,11,6
2016,11,6
2016,11,6
2016,11,6
2016,11,6
2016,11,6
2016,11,6
2016,11,6
2016,11,6
2016,11,6
2016,11,6
2016,11,6
2016,11,6
2016,11,6
2016,11,6
2016,11,6
2016,11,6
2016,11,6
2016,11,6
2016,11,6
2016,11,6
2016,11,6
2016,11,6
2016,11,6
2016,11,6
2016,11,6
2016,11,6
2016,11,6
2016,11,6
2016,11,6
2016,11,6
2016,11,6
2016,11,6
2016,11,6
2016,11,6
2016,11,6
2016,11,6
2016,11,6
2016,11,6
2016,11,6
2016,11,6
2016,11,6
2016,11,6
2016,11,6
2016,11,6
2016,11,6
2016,11,6
2016,11,6
2016,11,6
2016,11,6
2016,11,6
2016,11,6
2016,11,6
2016,11,6
2016,11,6
2016,11,6
2016,11,6
2016,11,6
2016,11,6
2016,11,6
2016,11,6
2016,11,6
2016,11,6
2016,11,6
2016,11,6
2016,11,6
2016,11,6
2016,11,6
2016,11,6
2016,11,6
2016,11,6
2016,11,6
2016,11,6
2016,11,6
2016,11,6
2016,11,6
2016,11,6
2016,11,6
2016,11,6
2016,11,6
2016,11,6
2016,11,6
2016,11,6
2016,11,6
2016,11,6
2016,11,6
2016,11,6
2016,11,6
2016,11,6
2016,11,6
2016,11,6
2016,11,6
2016,11,6
2016,11,6
2016,11,6
2016,11,6
2016,11,6
2016,11,6
2016,11,6
2016,11,6
2016,11,6
2016,11,6
2016,11,6
2016,11,6
2016,11,6
2016,11,6
2016,11,6
2016,11,6
2016,11,6
2016,11,6
2016,11,6
2016,11,6
2016,11,6
2016,11,6
2016,11,6
2016,11,6
2016,11,6
2016,11,6
2016,11,6
2016,11,6
2016,11,6
2016,11,6
2016,11,6
2016,11,6
2016,11,6
2016,11,6
2016,11,6
2016,11,6
2016,11,6
2016,11,6
2016,11,6
2016,11,6
2016,11,6
2016,11,6
2016,11,6
2016,11,6
2016,11,6
2016,11,6
2016,11,6
2016,11,6
2016,11,6
2016,11,6
2016,11,6
2016,11,6
2016,11,6
2016,11,6
2016,11,6
2016,11,6
2016,11,6
2016,11,6
2016,11,6
2016,11,6
2016,11,6
2016,11,6
2016,11,6
2016,11,6
2016,11,6
2016,11,6
2016,11,6
2016,11,6
2016,11,6
2016,11,6
2016,11,6
2016,11,6
2016,11,6
2016,11,6
2016,11,6
2016,11,6
2016,11,6
2016,11,6
2016,11,6
2016,11,6
2016,11,6
2016,11,6
2016,11,6
2016,11,6
2016,11,6
2016,11,6
2016,11,6
2016,11,6
2016,11,6
2016,11,6
2016,11,6
2016,11,6
2016,11,6
2016,11,6
2016,11,6
2016,11,6
2016,11,6
2016,11,6
2016,11,6
2016,11,6
2016,11,6
2016,11,6
2016,11,6
2016,11,6
2016,11,6
2016,11,6
2016,11,6
2016,11,6
2016,11,6
2016,11,6
2016,11,6
2016,11,6
2016,11,6
2016,11,6
2016,11,6
2016,11,6
2016,11,6
2016,11,6
2016,11,6
2016,11,6
2016,11,6
2016,11,6
2016,11,6
2016,11,6
2016,11,6
2016,11,6
2016,11,6
2016,11,6
2016,11,6
2016,11,6
2016,11,6
2016,11,6
2016,11,6
2016,11,6
2016,11,6
2016,11,6
2016,11,6
2016,11,6
2016,11,6
2016,11,6
2016,11,6
2016,11,6
2016,11,6
2016,11,6
2016,11,6
2016,11,6
2016,11,6
2016,11,6
2016,11,6
2016,11,6
2016,11,6
2016,11,6
2016,11,6
2016,11,6
2016,11,6
2016,11,6
2016,11,6
2016,11,6
2016,11,6
2016,11,6
2016,11,6
2016,11,6
2016,11,6
2016,11,6
2016,11,6
2016,11,6
2016,11,6
2016,11,6
2016,11,6
2016,11,6
2016,11,6
2016,11,6
2016,11,6
2016,11,6
2016,11,6
2016,11,6
2016,11,6
2016,11,6
2016,11,6
2016,11,6
2016,11,6
2016,11,6
2016,11,6
2016,11,6
2016,11,6
2016,11,6
2016,11,6
2016,11,6
2016,11,6
2016,11,6
2016,11,6
2016,11,6
2016,11,6
2016,11,6
2016,11,6
2016,11,6
2016,11,6
2016,11,6
2016,11,6
2016,11,6
2016,11,6
2016,11,6
2016,11,6
2016,11,6
2016,11,6
2016,11,6
2016,11,6
2016,11,6
2016,11,6
2016,11,6
2016,11,6
2016,11,6
2016,11,6
2016,11,6
2016,11,6
2016,11,6
2016,11,6
2016,11,6
2016,11,6
2016,11,6
2016,11,6
2016,11,6
2016,11,6
2016,11,6
2016,11,6
2016,11,6
2016,11,6
2016,11,6
2016,11,6
2016,11,6
2016,11,6
2016,11,6
2016,11,6
2016,11,6
2016,11,6
2016,11,6
2016,11,6
2016,11,6
2016,11,6
2016,11,6
2016,11,6
2016,11,6
2016,11,6
2016,11,6
2016,11,6
2016,11,6
2016,11,6
2016,11,6
2016,11,6
2016,11,6
2016,11,6
2016,11,6
2016,11,6
2016,11,6
2016,11,6
2016,11,6
2016,11,6
2016,11,6
2016,11,6
2016,11,6
2016,11,6
2016,11,6
2016,11,6
2016,11,6
2016,11,6
2016,11,6
2016,11,6
2016,11,6
2016,11,6
2016,11,6
2016,11,6
2016,11,6
2016,11,6
2016,11,6
2016,11,6
2016,11,6
2016,11,6
2016,11,6
2016,11,6
2016,11,6
2016,11,6
2016,11,6
2016,11,6
2016,11,6
2016,11,6
2016,11,6
2016,11,6
2016,11,6
2016,11,6
2016,11,6
2016,11,6
2016,11,6
2016,11,6
2016,11,6
2016,11,6
2016,11,6
2016,11,6
2016,11,6
2016,11,6
2016,11,6
2016,11,6
2016,11,6
2016,11,6
2016,11,6
2016,11,6
2016,11,6
2016,11,6
2016,11,6
2016,11,6
2016,11,6
2016,11,6
2016,11,6
2016,11,6
2016,11,6
2016,11,6
2016,11,6
2016,11,6
2016,11,6
2016,11,6
2016,11,6
2016,11,6
2016,11,6
2016,11,6
2016,11,6
2016,11,6
2016,11,6
2016,11,6
2016,11,6
2016,11,6
2016,11,6
2016,11,6
2016,11,6
2016,11,6
2016,11,6
2016,11,6
2016,11,6
2016,11,6
2016,11,6
2016,11,6
2016,11,6
2016,11,6
2016,11,6
2016,11,6
2016,11,6
2016,11,6
2016,11,6
2016,11,6
2016,11,6
2016,11,6
2016,11,6
2016,11,6
2016,11,6
2016,11,6
2016,11,6
2016,11,6
2016,11,6
2016,11,6
2016,11,6
2016,11,6
2016,11,6
2016,11,6
2016,11,6
2016,11,6
2016,11,6
2016,11,6
2016,11,6
2016,11,6
2016,11,6
2016,11,6
2016,11,6
2016,11,6
2016,11,6
2016,11,6
2016,11,6
2016,11,6
2016,11,6
2016,11,6
2016,11,6
2016,11,6
2016,11,6
2016,11,6
2016,11,6
2016,11,6
2016,11,6
2016,11,6
2016,11,6
2016,11,6
2016,11,6
2016,11,6
2016,11,6
2016,11,6
2016,11,6
2016,11,6
2016,11,6
2016,11,6
2016,11,6
2016,11,6
2016,11,6
2016,11,6
2016,11,6
2016,11,6
2016,11,6
2016,11,6
2016,11,6
2016,11,6
2016,11,6
2016,11,6
2016,11,6
2016,11,6
2016,11,6
2016,11,6
2016,11,6
2016,11,6
2016,11,6
2016,11,6
2016,11,6
2016,11,6
2016,11,6
2016,11,6
2016,11,6
2016,11,6
2016,11,6
2016,11,6
2016,11,6
2016,11,6
2016,11,6
2016,11,6
2016,11,6
2016,11,6
2016,11,6
2016,11,6
2016,11,6
2016,11,6
2016,11,6
2016,11,6
2016,11,6
2016,11,6
2016,11,6
2016,11,6
2016,11,6
2016,11,6
2016,11,6
2016,11,6
2016,11,6
2016,11,6
2016,11,6
2016,11,6
2016,11,6
2016,11,6
2016,11,6
2016,11,6
2016,11,6
2016,11,6
2016,11,6
2016,11,6
2016,11,6
2016,11,6
2016,11,6
2016,11,6
2016,11,6
2016,11,6
2016,11,6
2016,11,6
2016,11,6
2016,11,6
2016,11,6
2016,11,6
2016,11,6
2016,11,6
2016,11,6
2016,11,6
2016,11,6
2016,11,6
2016,11,6
2016,11,6
2016,11,6
2016,11,6
2016,11,6
2016,11,6
2016,11,6
2016,11,6
2016,11,6
2016,11,6
2016,11,6
2016,11,6
2016,11,6
2016,11,6
2016,11,6
2016,11,6
2016,11,6
2016,11,6
2016,11,6
2016,11,6
2016,11,6
2016,11,6
2016,11,6
2016,11,6
2016,11,6
2016,11,6
2016,11,6
2016,11,6
2016,11,6
2016,11,6
2016,11,6
2016,11,6
2016,11,6
2016,11,6
2016,11,6
2016,11,6
2016,11,6
2016,11,6
2016,11,6
2016,11,6
2016,11,6
2016,11,6
2016,11,6
2016,11,6
2016,11,6
2016,11,6
2016,11,6
2016,11,6
2016,11,6
2016,11,6
2016,11,6
2016,11,6
2016,11,6
2016,11,6
2016,11,6
2016,11,6
2016,11,6
2016,11,6
2016,11,6
2016,11,6
2016,11,6
2016,11,6
2016,11,6
2016,11,6
2016,11,6
2016,11,6
2016,11,6
2016,11,6
2016,11,6
2016,11,6
2016,11,6
2016,11,6
2016,11,6
2016,11,6
2016,11,6
2016,11,6
2016,11,6
2016,11,6
2016,11,6
2016,11,6
2016,11,6
2016,11,6
2016,11,6
2016,11,6
2016,11,6
2016,11,6
2016,11,6
2016,11,6
2016,11,6
2016,11,6
2016,11,6
2016,11,6
2016,11,6
2016,11,6
2016,11,6
2016,11,6
2016,11,6
2016,11,6
2016,11,6
2016,11,6
2016,11,6
2016,11,6
2016,11,6
2016,11,6
2016,11,6
2016,11,6
2016,11,6
2016,11,6
2016,11,6
2016,11,6
2016,11,6
2016,11,6
2016,11,6
2016,11,6
2016,11,6
2016,11,6
2016,11,6
2016,11,6
2016,11,6
2016,11,6
2016,11,6
2016,11,6
2016,11,6
2016,11,6
2016,11,6
2016,11,6
2016,11,6
2016,11,6
2016,11,6
2016,11,6
2016,11,6
2016,11,6
2016,11,6
2016,11,6
2016,11,6
2016,11,6
2016,11,6
2016,11,6
2016,11,6
2016,11,6
2016,11,6
2016,11,6
2016,11,6
2016,11,6
2016,11,6
2016,11,6
2016,11,6
2016,11,6
2016,11,6
2016,11,6
2016,11,6
2016,11,6
2016,11,6
2016,11,6
2016,11,6
2016,11,6
2016,11,6
2016,11,6
2016,11,6
2016,11,6
2016,11,6
2016,11,6
2016,11,6
2016,11,6
2016,11,6
2016,11,6
2016,11,6
2016,11,6
2016,11,6
2016,11,6
2016,11,6
2016,11,6
2016,11,6
2016,11,6
2016,11,6
2016,11,6
2016,11,6
2016,11,6
2016,11,6
2016,11,6
2016,11,6
2016,11,6
2016,11,6
2016,11,6
2016,11,6
2016,11,6
2016,11,6
2016,11,6
2016,11,6
2016,11,6
2016,11,6
2016,11,6
2016,11,6
2016,11,6
2016,11,6
2016,11,6
2016,11,6
2016,11,6
2016,11,6
2016,11,6
2016,11,6
2016,11,6
2016,11,6
2016,11,6
2016,11,6
2016,11,6
2016,11,6
2016,11,6
2016,11,6
2016,11,6
2016,11,6
2016,11,6
2016,11,6
2016,11,6
2016,11,6
2016,11,6
2016,11,6
2016,11,6
2016,11,6
2016,11,6
2016,11,6
2016,11,6
2016,11,6
2016,11,6
2016,11,6
2016,11,6
2016,11,6
2016,11,6
2016,11,6
2016,11,6
2016,11,6
2016,11,6
2016,11,6
2016,11,6
2016,11,6
2016,11,6
2016,11,6
2016,11,6
2016,11,6
2016,11,6
2016,11,6
2016,11,6
2016,11,6
2016,11,6
2016,11,6
2016,11,6
2016,11,6
2016,11,6
2016,11,6
2016,11,6
2016,11,6
2016,11,6
2016,11,6
2016,11,6
2016,11,6
2016,11,6
2016,11,6
2016,11,6
2016,11,6
2016,11,6
2016,11,6
2016,11,6
2016,11,6
2016,11,6
2016,11,6
2016,11,6
2016,11,6
2016,11,6
2016,11,6
2016,11,6
2016,11,6
2016,11,6
2016,11,6
2016,11,6
2016,11,6
2016,11,6
2016,11,6
2016,11,6
2016,11,6
2016,11,6
2016,11,6
2016,11,6
2016,11,6
2016,11,6
2016,11,6
2016,11,6
2016,11,6
2016,11,6
2016,11,6
2016,11,6
2016,11,6
2016,11,6
2016,11,6
2016,11,6
2016,11,6
2016,11,6
2016,11,6
2016,11,6
2016,11,6
2016,11,6
2016,11,6
2016,11,6
2016,11,6
2016,11,6
2016,11,6
2016,11,6
2016,11,6
2016,11,6
2016,11,6
2016,11,6
2016,11,6
2016,11,6
2016,11,6
2016,11,6
2016,11,6
2016,11,6
2016,11,6
2016,11,6
2016,11,6
2016,11,6
2016,11,6
2016,11,6
2016,11,6
2016,11,6
2016,11,6
2016,11,6
2016,11,6
2016,11,6
2016,11,6
2016,11,6
2016,11,6
2016,11,6
2016,11,6
2016,11,6
2016,11,6
2016,11,6
2016,11,6
2016,11,6
2016,11,6
2016,11,6
2016,11,6
2016,11,6
2016,11,6
2016,11,6
2016,11,6
2016,11,6
2016,11,6
2016,11,6
2016,11,6
2016,11,6
2016,11,6
2016,11,6
2016,11,6
2016,11,6
2016,11,6
2016,11,6
2016,11,6
2016,11,6
2016,11,6
2016,11,6
2016,11,6
2016,11,6
2016,11,6
2016,11,6
2016,11,6
2016,11,6
2016,11,6
2016,11,6
2016,11,6
2016,11,6
2016,11,6
2016,11,6
2016,11,6
2016,11,6
2016,11,6
2016,11,6
2016,11,6
2016,11,6
2016,11,6
2016,11,6
2016,11,6
2016,11,6
2016,11,6
2016,11,6
2016,11,6
2016,11,6
2016,11,6
2016,11,6
2016,11,6
2016,11,6
2016,11,6
2016,11,6
2016,11,6
2016,11,6
2016,11,6
2016,11,6
2016,11,6
2016,11,6
2016,11,6
2016,11,6
2016,11,6
2016,11,6
2016,11,6
2016,11,6
2016,11,6
2016,11,6
2016,11,6
2016,11,6
2016,11,6
2016,11,6
2016,11,6
2016,11,6
2016,11,6
2016,11,6
2016,11,6
2016,11,6
2016,11,6
2016,11,6
2016,11,6
2016,11,6
2016,11,6
2016,11,6
2016,11,6
2016,11,6
2016,11,6
2016,11,6
2016,11,6
2016,11,6
2016,11,6
2016,11,6
2016,11,6
2016,11,6
2016,11,6
2016,11,6
2016,11,6
2016,11,6
2016,11,6
2016,11,6
2016,11,6
2016,11,6
2016,11,6
2016,11,6
2016,11,6
2016,11,6
2016,11,6
2016,11,6
2016,11,6
2016,11,6
2016,11,6
2016,11,6
2016,11,6
2016,11,6
2016,11,6
2016,11,6
2016,11,6
2016,11,6
2016,11,6
2016,11,6
2016,11,6
2016,11,6
2016,11,6
2016,11,6
2016,11,6
2016,11,6
2016,11,6
2016,11,6
2016,11,6
2016,11,6
2016,11,6
2016,11,6
2016,11,6
2016,11,6
2016,11,6
2016,11,6
2016,11,6
2016,11,6
2016,11,6
2016,11,6
2016,11,6
2016,11,6
2016,11,6
2016,11,6
2016,11,6
2016,11,6
2016,11,6
2016,11,6
2016,11,6
2016,11,6
2016,11,6
2016,11,6
2016,11,6
2016,11,6
2016,11,6
2016,11,6
2016,11,6
2016,11,6
2016,11,6
2016,11,6
2016,11,6
2016,11,6
2016,11,6
2016,11,6
2016,11,6
2016,11,6
2016,11,6
2016,11,6
2016,11,6
2016,11,6
2016,11,6
2016,11,6
2016,11,6
2016,11,6
2016,11,6
2016,11,6
2016,11,6
2016,11,6
2016,11,6
2016,11,6
2016,11,6
2016,11,6
2016,11,6
2016,11,6
2016,11,6
2016,11,6
2016,11,6
2016,11,6
2016,11,6
2016,11,6
2016,11,6
2016,11,6
2016,11,6
2016,11,6
2016,11,6
2016,11,6
2016,11,6
2016,11,6
2016,11,6
2016,11,6
2016,11,6
2016,11,6
2016,11,6
2016,11,6
2016,11,6
2016,11,6
2016,11,6
2016,11,6
2016,11,6
2016,11,6
2016,11,6
2016,11,6
2016,11,6
2016,11,6
2016,11,6
2016,11,6
2016,11,6
2016,11,6
2016,11,6
2016,11,6
2016,11,6
2016,11,6
2016,11,6
2016,11,6
2016,11,6
2016,11,6
2016,11,6
2016,11,6
2016,11,6
2016,11,6
2016,11,6
2016,11,6
2016,11,6
2016,11,6
2016,11,6
2016,11,6
2016,11,6
2016,11,6
2016,11,6
2016,11,6
2016,11,6
2016,11,6
2016,11,6
2016,11,6
2016,11,6
2016,11,6
2016,11,6
2016,11,6
2016,11,6
2016,11,6
2016,11,6
2016,11,6
2016,11,6
2016,11,6
2016,11,6
2016,11,6
2016,11,6
2016,11,6
2016,11,6
2016,11,6
2016,11,6
2016,11,6
2016,11,6
2016,11,6
2016,11,6
2016,11,6
2016,11,6
2016,11,6
2016,11,6
2016,11,6
2016,11,6
2016,11,6
2016,11,6
2016,11,6
2016,11,6
2016,11,6
2016,11,6
2016,11,6
2016,11,6
2016,11,6
2016,11,6
2016,11,6
2016,11,6
2016,11,6
2016,11,6
2016,11,6
2016,11,6
2016,11,6
2016,11,6
2016,11,6
2016,11,6
2016,11,6
2016,11,6
2016,11,6
2016,11,6
2016,11,6
2016,11,6
2016,11,6
2016,11,6
2016,11,6
2016,11,6
2016,11,6
2016,11,6
2016,11,6
2016,11,6
2016,11,6
2016,11,6
2016,11,6
2016,11,6
2016,11,6
2016,11,6
2016,11,6
2016,11,6
2016,11,6
2016,11,6
2016,11,6
2016,11,6
2016,11,6
2016,11,6
2016,11,6
2016,11,6
2016,11,6
2016,11,6
2016,11,6
2016,11,6
2016,11,6
2016,11,6
2016,11,6
2016,11,6
2016,11,6
2016,11,6
2016,11,6
2016,11,6
2016,11,6
2016,11,6
2016,11,6
2016,11,6
2016,11,6
2016,11,6
2016,11,6
2016,11,6
2016,11,6
2016,11,6
2016,11,6
2016,11,6
2016,11,6
2016,11,6
2016,11,6
2016,11,6
2016,11,6
2016,11,6
2016,11,6
2016,11,6
2016,11,6
2016,11,6
2016,11,6
2016,11,6
2016,11,6
2016,11,6
2016,11,6
2016,11,6
2016,11,6
2016,11,6
2016,11,6
2016,11,6
2016,11,6
2016,11,6
2016,11,6
2016,11,6
2016,11,6
2016,11,6
2016,11,6
2016,11,6
2016,11,6
2016,11,6
2016,11,6
2016,11,6
2016,11,6
2016,11,6
2016,11,6
2016,11,6
2016,11,6
2016,11,6
2016,11,6
2016,11,6
2016,11,6
2016,11,6
2016,11,6
2016,11,6
2016,11,6
2016,11,6
2016,11,6
2016,11,6
2016,11,6
2016,11,6
2016,11,6
2016,11,6
2016,11,6
2016,11,6
2016,11,6
2016,11,6
2016,11,6
2016,11,6
2016,11,6
2016,11,6
2016,11,6
2016,11,6
2016,11,6
2016,11,6
2016,11,6
2016,11,6
2016,11,6
2016,11,6
2016,11,6
2016,11,6
2016,11,6
2016,11,6
2016,11,6
2016,11,6
2016,11,6
2016,11,6
2016,11,6
2016,11,6
2016,11,6
2016,11,6
2016,11,6
2016,11,6
2016,11,6
2016,11,6
2016,11,6
2016,11,6
2016,11,6
2016,11,6
2016,11,6
2016,11,6
2016,11,6
2016,11,6
2016,11,6
2016,11,6
2016,11,6
2016,11,6
2016,11,6
2016,11,6
2016,11,6
2016,11,6
2016,11,6
2016,11,6
2016,11,6
2016,11,6
2016,11,6
2016,11,6
2016,11,6
2016,11,6
2016,11,6
2016,11,6
2016,11,6
2016,11,6
2016,11,6
2016,11,6
2016,11,6
2016,11,6
2016,11,6
2016,11,6
2016,11,6
2016,11,6
2016,11,6
2016,11,6
2016,11,6
2016,11,6
2016,11,6
2016,11,6
2016,11,6
2016,11,6
2016,11,6
2016,11,6
2016,11,6
2016,11,6
2016,11,6
2016,11,6
2016,11,6
2016,11,6
2016,11,6
2016,11,6
2016,11,6
2016,11,6
2016,11,6
2016,11,6
2016,11,6
2016,11,6
2016,11,6
2016,11,6
2016,11,6
2016,11,6
2016,11,6
2016,11,6
2016,11,6
2016,11,6
2016,11,6
2016,11,6
2016,11,6
2016,11,6
2016,11,6
2016,11,6
2016,11,6
2016,11,6
2016,11,6
2016,11,6
2016,11,6
2016,11,6
2016,11,6
2016,11,6
2016,11,6
2016,11,6
2016,11,6
2016,11,6
2016,11,6
2016,11,6
2016,11,6
2016,11,6
2016,11,6
2016,11,6
2016,11,6
2016,11,6
2016,11,6
2016,11,6
2016,11,6
2016,11,6
2016,11,6
2016,11,6
2016,11,6
2016,11,6
2016,11,6
2016,11,6
2016,11,6
2016,11,6
2016,11,6
2016,11,6
2016,11,6
2016,11,6
2016,11,6
2016,11,6
2016,11,6
2016,11,6
2016,11,6
2016,11,6
2016,11,6
2016,11,6
2016,11,6
2016,11,6
2016,11,6
2016,11,6
2016,11,6
2016,11,6
2016,11,6
2016,11,6
2016,11,6
2016,11,6
2016,11,6
2016,11,6
2016,11,6
2016,11,6
2016,11,6
2016,11,6
2016,11,6
2016,11,6
2016,11,6
2016,11,6
2016,11,6
2016,11,6
2016,11,6
2016,11,6
2016,11,6
2016,11,6
2016,11,6
2016,11,6
2016,11,6
2016,11,6
2016,11,6
2016,11,6
2016,11,6
2016,11,6
2016,11,6
2016,11,6
2016,11,6
2016,11,6
2016,11,6
2016,11,6
2016,11,6
2016,11,6
2016,11,6
2016,11,6
2016,11,6
2016,11,6
2016,11,6
2016,11,6
2016,11,6
2016,11,6
2016,11,6
2016,11,6
2016,11,6
2016,11,6
2016,11,6
2016,11,6
2016,11,6
2016,11,6
2016,11,6
2016,11,6
2016,11,6
2016,11,6
2016,11,6
2016,11,6
2016,11,6
2016,11,6
2016,11,6
2016,11,6
2016,11,6
2016,11,6
2016,11,6
2016,11,6
2016,11,6
2016,11,6
2016,11,6
2016,11,6
2016,11,6
2016,11,6
2016,11,6
2016,11,6
2016,11,6
2016,11,6
2016,11,6
2016,11,6
2016,11,6
2016,11,6
2016,11,6
2016,11,6
2016,11,6
2016,11,6
2016,11,6
2016,11,6
2016,11,6
2016,11,6
2016,11,6
2016,11,6
2016,11,6
2016,11,6
2016,11,6
2016,11,6
2016,11,6
2016,11,6
2016,11,6
2016,11,6
2016,11,6
2016,11,6
2016,11,6
2016,11,6
2016,11,6
2016,11,6
2016,11,6
2016,11,6
2016,11,6
2016,11,6
2016,11,6
2016,11,6
2016,11,6
2016,11,6
2016,11,6
2016,11,6
2016,11,6
2016,11,6
2016,11,6
2016,11,6
2016,11,6
2016,11,6
2016,11,6
2016,11,6
2016,11,6
2016,11,6
2016,11,6
2016,11,6
2016,11,6
2016,11,6
2016,11,6
2016,11,6
2016,11,6
2016,11,6
2016,11,6
2016,11,6
2016,11,6
2016,11,6
2016,11,6
2016,11,6
2016,11,6
2016,11,6
2016,11,6
2016,11,6
2016,11,6
2016,11,6
2016,11,6
2016,11,6
2016,11,6
2016,11,6
2016,11,6
2016,11,6
2016,11,6
2016,11,6
2016,11,6
2016,11,6
2016,11,6
2016,11,6
2016,11,6
2016,11,6
2016,11,6
2016,11,6
2016,11,6
2016,11,6
2016,11,6
2016,11,6
2016,11,6
2016,11,6
2016,11,6
2016,11,6
2016,11,6
2016,11,6
2016,11,6
2016,11,6
2016,11,6
2016,11,6
2016,11,6
2016,11,6
2016,11,6
2016,11,6
2016,11,6
2016,11,6
2016,11,6
2016,11,6
2016,11,6
2016,11,6
2016,11,6
2016,11,6
2016,11,6
2016,11,6
2016,11,6
2016,11,6
2016,11,6
2016,11,6
2016,11,6
2016,11,6
2016,11,6
2016,11,6
2016,11,6
2016,11,6
2016,11,6
2016,11,6
2016,11,6
2016,11,6
2016,11,6
2016,11,6
2016,11,6
2016,11,6
2016,11,6
2016,11,6
2016,11,6
2016,11,6
2016,11,6
2016,11,6
2016,11,6
2016,11,6
2016,11,6
2016,11,6
2016,11,6
2016,11,6
2016,11,6
2016,11,6
2016,11,6
2016,11,6
2016,11,6
2016,11,6
2016,11,6
2016,11,6
2016,11,6
2016,11,6
2016,11,6
2016,11,6
2016,11,6
2016,11,6
2016,11,6
2016,11,6
2016,11,6
2016,11,6
2016,11,6
2016,11,6
2016,11,6
2016,11,6
2016,11,6
2016,11,6
2016,11,6
2016,11,6
2016,11,6
2016,11,6
2016,11,6
2016,11,6
2016,11,6
2016,11,6
2016,11,6
2016,11,6
2016,11,6
2016,11,6
2016,11,6
2016,11,6
2016,11,6
2016,11,6
2016,11,6
2016,11,6
2016,11,6
2016,11,6
2016,11,6
2016,11,6
2016,11,6
2016,11,6
2016,11,6
2016,11,6
2016,11,6
2016,11,6
2016,11,6
2016,11,6
2016,11,6
2016,11,6
2016,11,6
2016,11,6
2016,11,6
2016,11,6
2016,11,6
2016,11,6
2016,11,6
2016,11,6
2016,11,6
2016,11,6
2016,11,6
2016,11,6
2016,11,6
2016,11,6
2016,11,6
2016,11,6
2016,11,6
2016,11,6
2016,11,6
2016,11,6
2016,11,6
2016,11,6
2016,11,6
2016,11,6
2016,11,6
2016,11,6
2016,11,6
2016,11,6
2016,11,6
2016,11,6
2016,11,6
2016,11,6
2016,11,6
2016,11,6
2016,11,6
2016,11,6
2016,11,6
2016,11,6
2016,11,6
2016,11,6
2016,11,6
2016,11,6
2016,11,6
2016,11,6
2016,11,6
2016,11,6
2016,11,6
2016,11,6
2016,11,6
2016,11,6
2016,11,6
2016,11,6
2016,11,6
2016,11,6
2016,11,6
2016,11,6
2016,11,6
2016,11,6
2016,11,6
2016,11,6
2016,11,6
2016,11,6
2016,11,6
2016,11,6
2016,11,6
2016,11,6
2016,11,6
2016,11,6
2016,11,6
2016,11,6
2016,11,6
2016,11,6
2016,11,6
2016,11,6
2016,11,6
2016,11,6
2016,11,6
2016,11,6
2016,11,6
2016,11,6
2016,11,6
2016,11,6
2016,11,6
2016,11,6
2016,11,6
2016,11,6
2016,11,6
2016,11,6
2016,11,6
2016,11,6
2016,11,6
2016,11,6
2016,11,6
2016,11,6
2016,11,6
2016,11,6
2016,11,6
2016,11,6
2016,11,6
2016,11,6
2016,11,6
2016,11,6
2016,11,6
2016,11,6
2016,11,6
2016,11,6
2016,11,6
2016,11,6
2016,11,6
2016,11,6
2016,11,6
2016,11,6
2016,11,6
2016,11,6
2016,11,6
2016,11,6
2016,11,6
2016,11,6
2016,11,6
2016,11,6
2016,11,6
2016,11,6
2016,11,6
2016,11,6
2016,11,6
2016,11,6
2016,11,6
2016,11,6
2016,11,6
2016,11,6
2016,11,6
2016,11,6
2016,11,6
2016,11,6
2016,11,6
2016,11,6
2016,11,6
2016,11,6
2016,11,6
2016,11,6
2016,11,6
2016,11,6
2016,11,6
2016,11,6
2016,11,6
2016,11,6
2016,11,6
2016,11,6
2016,11,6
2016,11,6
2016,11,6
2016,11,6
2016,11,6
2016,11,6
2016,11,6
2016,11,6
2016,11,6
2016,11,6
2016,11,6
2016,11,6
2016,11,6
2016,11,6
2016,11,6
2016,11,6
2016,11,6
2016,11,6
2016,11,6
2016,11,6
2016,11,6
2016,11,6
2016,11,6
2016,11,6
2016,11,6
2016,11,6
2016,11,6
2016,11,6
2016,11,6
2016,11,6
2016,11,6
2016,11,6
2016,11,6
2016,11,6
2016,11,6
2016,11,6
2016,11,6
2016,11,6
2016,11,6
2016,11,6
2016,11,6
2016,11,6
2016,11,6
2016,11,6
2016,11,6
2016,11,6
2016,11,6
2016,11,6
2016,11,6
2016,11,6
2016,11,6
2016,11,6
2016,11,6
2016,11,6
2016,11,6
2016,11,6
2016,11,6
2016,11,6
2016,11,6
2016,11,6
2016,11,6
2016,11,6
2016,11,6
2016,11,6
2016,11,6
2016,11,6
2016,11,6
2016,11,6
2016,11,6
2016,11,6
2016,11,6
2016,11,6
2016,11,6
2016,11,6
2016,11,6
2016,11,6
2016,11,6
2016,11,6
2016,11,6
2016,11,6
2016,11,6
2016,11,6
2016,11,6
2016,11,6
2016,11,6
2016,11,6
2016,11,6
2016,11,6
2016,11,6
2016,11,6
2016,11,6
2016,11,6
2016,11,6
2016,11,6
2016,11,6
2016,11,6
2016,11,6
2016,11,6
2016,11,6
2016,11,6
2016,11,6
2016,11,6
2016,11,6
2016,11,6
2016,11,6
2016,11,6
2016,11,6
2016,11,6
2016,11,6
2016,11,6
2016,11,6
2016,11,6
2016,11,6
2016,11,6
2016,11,6
2016,11,6
2016,11,6
2016,11,6
2016,11,6
2016,11,6
2016,11,6
2016,11,6
2016,11,6
2016,11,6
2016,11,6
2016,11,6
2016,11,6
2016,11,6
2016,11,6
2016,11,6
2016,11,6
2016,11,6
2016,11,6
2016,11,6
2016,11,6
2016,11,6
2016,11,6
2016,11,6
2016,11,6
2016,11,6
2016,11,6
2016,11,6
2016,11,6
2016,11,6
2016,11,6
2016,11,6
2016,11,6
2016,11,6
2016,11,6
2016,11,6
2016,11,6
2016,11,6
2016,11,6
2016,11,6
2016,11,6
2016,11,6
2016,11,6
2016,11,6
2016,11,6
2016,11,6
2016,11,6
2016,11,6
2016,11,6
2016,11,6
2016,11,6
2016,11,6
2016,11,6
2016,11,6
2016,11,6
2016,11,6
2016,11,6
2016,11,6
2016,11,6
2016,11,6
2016,11,6
2016,11,6
2016,11,6
2016,11,6
2016,11,6
2016,11,6
2016,11,6
2016,11,6
2016,11,6
2016,11,6
2016,11,6
2016,11,6
2016,11,6
2016,11,6
2016,11,6
2016,11,6
2016,11,6
2016,11,6
2016,11,6
2016,11,6
2016,11,6
2016,11,6
2016,11,6
2016,11,6
2016,11,6
2016,11,6
2016,11,6
2016,11,6
2016,11,6
2016,11,6
2016,11,6
2016,11,6
2016,11,6
2016,11,6
2016,11,6
2016,11,6
2016,11,6
2016,11,6
2016,11,6
2016,11,6
2016,11,6
2016,11,6
2016,11,6
2016,11,6
2016,11,6
2016,11,6
2016,11,6
2016,11,6
2016,11,6
2016,11,6
2016,11,6
2016,11,6
2016,11,6
2016,11,6
2016,11,6
2016,11,6
2016,11,6
2016,11,6
2016,11,6
2016,11,6
2016,11,6
2016,11,6
2016,11,6
2016,11,6
2016,11,6
2016,11,6
2016,11,6
2016,11,6
2016,11,6
2016,11,6
2016,11,6
2016,11,6
2016,11,6
2016,11,6
2016,11,6
2016,11,6
2016,11,6
2016,11,6
2016,11,6
2016,11,6
2016,11,6
2016,11,6
2016,11,6
2016,11,6
2016,11,6
2016,11,6
2016,11,6
2016,11,6
2016,11,6
2016,11,6
2016,11,6
2016,11,6
2016,11,6
2016,11,6
2016,11,6
2016,11,6
2016,11,6
2016,11,6
2016,11,6
2016,11,6
2016,11,6
2016,11,6
2016,11,6
2016,11,6
2016,11,6
2016,11,6
2016,11,6
2016,11,6
2016,11,6
2016,11,6
2016,11,6
2016,11,6
2016,11,6
2016,11,6
2016,11,6
2016,11,6
2016,11,6
2016,11,6
2016,11,6
2016,11,6
2016,11,6
2016,11,6
2016,11,6
2016,11,6
2016,11,6
2016,11,6
2016,11,6
2016,11,6
2016,11,6
2016,11,6
2016,11,6
2016,11,6
2016,11,6
2016,11,6
2016,11,6
2016,11,6
2016,11,6
2016,11,6
2016,11,6
2016,11,6
2016,11,6
2016,11,6
2016,11,6
2016,11,6
2016,11,6
2016,11,6
2016,11,6
2016,11,6
2016,11,6
2016,11,6
2016,11,6
2016,11,6
2016,11,6
2016,11,6
2016,11,6
2016,11,6
2016,11,6
2016,11,6
2016,11,6
2016,11,6
2016,11,6
2016,11,6
2016,11,6
2016,11,6
2016,11,6
2016,11,6
2016,11,6
2016,11,6
2016,11,6
2016,11,6
2016,11,6
2016,11,6
2016,11,6
2016,11,6
2016,11,6
2016,11,6
2016,11,6
2016,11,6
2016,11,6
2016,11,6
2016,11,6
2016,11,6
2016,11,6
2016,11,6
2016,11,6
2016,11,6
2016,11,6
2016,11,6
2016,11,6
2016,11,6
2016,11,6
2016,11,6
2016,11,6
2016,11,6
2016,11,6
2016,11,6
2016,11,6
2016,11,6
2016,11,6
2016,11,6
2016,11,6
2016,11,6
2016,11,6
2016,11,6
2016,11,6
2016,11,6
2016,11,6
2016,11,6
2016,11,6
2016,11,6
2016,11,6
2016,11,6
2016,11,6
2016,11,6
2016,11,6
2016,11,6
2016,11,6
2016,11,6
2016,11,6
2016,11,6
2016,11,6
2016,11,6
2016,11,6
2016,11,6
2016,11,6
2016,11,6
2016,11,6
2016,11,6
2016,11,6
2016,11,6
2016,11,6
2016,11,6
2016,11,6
2016,11,6
2016,11,6
2016,11,6
2016,11,6
2016,11,6
2016,11,6
2016,11,6
2016,11,6
2016,11,6
2016,11,6
2016,11,6
2016,11,6
2016,11,6
2016,11,6
2016,11,6
2016,11,6
2016,11,6
2016,11,6
2016,11,6
2016,11,6
2016,11,6
2016,11,6
2016,11,6
2016,11,6
2016,11,6
2016,11,6
2016,11,6
2016,11,6
2016,11,6
2016,11,6
2016,11,6
2016,11,6
2016,11,6
2016,11,6
2016,11,6
2016,11,6
2016,11,6
2016,11,6
2016,11,6
2016,11,6
2016,11,6
2016,11,6
2016,11,6
2016,11,6
2016,11,6
2016,11,6
2016,11,6
2016,11,6
2016,11,6
2016,11,6
2016,11,6
2016,11,6
2016,11,6
2016,11,6
2016,11,6
2016,11,6
2016,11,6
2016,11,6
2016,11,6
2016,11,6
2016,11,6
2016,11,6
2016,11,6
2016,11,6
2016,11,6
2016,11,6
2016,11,6
2016,11,6
2016,11,6
2016,11,6
2016,11,6
2016,11,6
2016,11,6
2016,11,6
2016,11,6
2016,11,6
2016,11,6
2016,11,6
2016,11,6
2016,11,6
2016,11,6
2016,11,6
2016,11,6
2016,11,6
2016,11,6
2016,11,6
2016,11,6
2016,11,6
2016,11,6
2016,11,6
2016,11,6
2016,11,6
2016,11,6
2016,11,6
2016,11,6
2016,11,6
2016,11,6
2016,11,6
2016,11,6
2016,11,6
2016,11,6
2016,11,6
2016,11,6
2016,11,6
2016,11,6
2016,11,6
2016,11,6
2016,11,6
2016,11,6
2016,11,6
2016,11,6
2016,11,6
2016,11,6
2016,11,6
2016,11,6
2016,11,6
2016,11,6
2016,11,6
2016,11,6
2016,11,6
2016,11,6
2016,11,6
2016,11,6
2016,11,6
2016,11,6
2016,11,6
2016,11,6
2016,11,6
2016,11,6
2016,11,6
2016,11,6
2016,11,6
2016,11,6
2016,11,6
2016,11,6
2016,11,6
2016,11,6
2016,11,6
2016,11,6
2016,11,6
2016,11,6
2016,11,6
2016,11,6
2016,11,6
2016,11,6
2016,11,6
2016,11,6
2016,11,6
2016,11,6
2016,11,6
2016,11,6
2016,11,6
2016,11,6
2016,11,6
2016,11,6
2016,11,6
2016,11,6
2016,11,6
2016,11,6
2016,11,6
2016,11,6
2016,11,6
2016,11,6
2016,11,6
2016,11,6
2016,11,6
2016,11,6
2016,11,6
2016,11,6
2016,11,6
2016,11,6
2016,11,6
2016,11,6
2016,11,6
2016,11,6
2016,11,6
2016,11,6
2016,11,6
2016,11,6
2016,11,6
2016,11,6
2016,11,6
2016,11,6
2016,11,6
2016,11,6
2016,11,6
2016,11,6
2016,11,6
2016,11,6
2016,11,6
2016,11,6
2016,11,6
2016,11,6
2016,11,6
2016,11,6
2016,11,6
2016,11,6
2016,11,6
2016,11,6
2016,11,6
2016,11,6
2016,11,6
2016,11,6
2016,11,6
2016,11,6
2016,11,6
2016,11,6
2016,11,6
2016,11,6
2016,11,6
2016,11,6
2016,11,6
2016,11,6
2016,11,6
2016,11,6
2016,11,6
2016,11,6
2016,11,6
2016,11,6
